1;1;1;7774
1;1;2;358
1;1;3;363
1;1;4;23728
1;1;5;34288
1;1;6;30164
1;1;7;747
1;1;8;811
1;1;9;23955
1;1;10;935
1;1;11;1013
1;1;12;34306
1;1;13;21094
1;1;14;20533
1;1;15;31588
1;1;16;6260
1;1;17;32079
1;1;18;3330
1;1;19;2241
1;1;20;1638
1;1;21;16673
1;1;22;1246
1;1;23;1247
1;1;24;28007
1;1;25;31156
1;1;26;1332
1;1;27;1272
1;1;28;8497
1;1;29;7359
1;1;30;7372
1;1;31;7355
1;1;32;7370
1;1;33;7357
1;1;34;24306
1;1;35;7373
1;1;36;16960
1;1;37;7371
1;1;38;26248
1;1;39;7365
1;1;40;19473
1;1;41;24528
1;1;42;449
1;1;43;620
1;1;44;28061
1;1;45;7040
1;1;46;2259
1;1;47;15631
1;1;48;1720
1;1;49;23795
1;1;50;2212
1;1;51;34593
1;1;52;5303
1;1;53;32127
1;1;54;7437
1;1;55;33976
1;1;56;30411
1;1;57;1324
1;1;58;8290
1;1;59;27124
1;1;60;34199
1;1;61;25776
1;1;62;2862
1;1;63;19375
1;1;64;15674
1;1;65;1583
1;1;66;32300
1;1;67;5229
1;1;68;8234
1;1;69;23726
1;1;70;34646
1;1;71;34650
1;1;72;8201
1;1;73;7316
1;1;74;6955
1;1;75;26046
1;1;76;33947
1;1;77;537
1;1;78;30375
1;1;79;0
1;1;80;0
2;1;1;34762
2;1;2;5878
2;1;3;996
2;1;4;24118
2;1;5;33104
2;1;6;16132
2;1;7;1040
2;1;8;25745
2;1;9;34669
2;1;10;16759
2;1;11;30824
2;1;12;7980
2;1;13;34612
2;1;14;15180
2;1;15;31152
2;1;16;32109
2;1;17;31323
2;1;18;8188
2;1;19;1043
2;1;20;7709
2;1;21;8584
2;1;22;8272
2;1;23;32694
2;1;24;7694
2;1;25;20328
2;1;26;2741
2;1;27;1522
2;1;28;7009
2;1;29;956
2;1;30;33996
2;1;31;7646
2;1;32;29087
2;1;33;17379
2;1;34;34486
2;1;35;5970
2;1;36;33827
2;1;37;1335
2;1;38;697
2;1;39;1278
2;1;40;31961
2;1;41;5036
2;1;42;1268
2;1;43;1255
2;1;44;22147
2;1;45;1280
2;1;46;18006
2;1;47;29839
2;1;48;2094
2;1;49;21297
2;1;50;204
2;1;51;205
2;1;52;31025
2;1;53;24822
2;1;54;32245
2;1;55;19441
2;1;56;3209
2;1;57;20844
2;1;58;6270
2;1;59;6181
2;1;60;25543
2;1;61;33951
2;1;62;4318
2;1;63;6321
2;1;64;18963
2;1;65;24330
2;1;66;0
2;1;67;2688
2;1;68;361
2;1;69;33236
2;1;70;25188
2;1;71;21335
2;1;72;33666
2;1;73;28825
2;1;74;32889
2;1;75;2627
2;1;76;6587
2;1;77;4800
2;1;78;2091
2;1;79;4845
2;1;80;27327
2;1;81;795
2;1;82;7617
2;1;83;6340
2;1;84;6168
2;1;85;33532
2;1;86;4907
2;1;87;31661
2;1;88;5542
2;1;89;31658
2;1;90;31663
2;1;91;4852
2;1;92;5131
2;1;93;34458
2;1;94;26241
2;1;95;6315
2;1;96;2184
2;1;97;3292
2;1;98;2682
2;1;99;4935
2;1;100;4910
2;1;101;2949
2;1;102;4987
2;1;103;6286
2;1;104;4750
2;1;105;18
2;1;106;29730
2;1;107;4844
2;1;108;5056
2;1;109;6809
2;1;110;34910
2;1;111;26079
2;1;112;5339
2;1;113;15940
2;1;114;4780
2;1;115;31279
2;1;116;4884
2;1;117;34739
2;1;118;7953
2;1;119;32702
2;1;120;31898
2;1;121;2539
2;1;122;28819
2;1;123;24120
2;1;124;3003
2;1;125;30152
2;1;126;15760
2;1;127;32285
2;1;128;5052
2;1;129;5127
2;1;130;4783
2;1;131;1739
2;1;132;7541
2;1;133;6603
2;1;134;4766
2;1;135;15825
2;1;136;5351
2;1;137;19697
2;1;138;34219
2;1;139;4752
2;1;140;7308
2;1;141;2300
2;1;142;4804
2;1;143;5201
2;1;144;30370
2;1;145;1734
2;1;146;6888
2;1;147;2306
2;1;148;1727
2;1;149;7740
2;1;150;15142
2;1;151;31679
2;1;152;4798
2;1;153;34679
2;1;154;1732
2;1;155;4978
2;1;156;4763
2;1;157;5006
2;1;158;1407
2;1;159;22171
2;1;160;4740
2;1;161;4994
2;1;162;19987
2;1;163;5729
2;1;164;29921
2;1;165;0
1;2;1;4524
1;2;2;31485
1;2;3;7706
1;2;4;25586
1;2;5;19770
1;2;6;950
1;2;7;948
1;2;8;23862
1;2;9;5762
1;2;10;6813
1;2;11;30758
1;2;12;29973
1;2;13;9016
1;2;14;33740
1;2;15;31047
1;2;16;17439
1;2;17;30199
1;2;18;29911
1;2;19;941
1;2;20;962
1;2;21;18715
1;2;22;696
1;2;23;31905
1;2;24;5298
1;2;25;3115
1;2;26;28546
1;2;27;6094
1;2;28;1139
1;2;29;810
1;2;30;24163
1;2;31;809
1;2;32;21064
1;2;33;3238
1;2;34;4334
1;2;35;1566
1;2;36;27934
1;2;37;945
1;2;38;18716
1;2;39;16472
1;2;40;22341
1;2;41;865
1;2;42;27932
1;2;43;29943
1;2;44;34197
1;2;45;30352
1;2;46;30186
1;2;47;30160
1;2;48;30351
1;2;49;30243
1;2;50;30218
1;2;51;30190
1;2;52;34825
1;2;53;33003
1;2;54;32949
1;2;55;31189
1;2;56;940
1;2;57;8369
1;2;58;34389
1;2;59;32950
1;2;60;927
1;2;61;32985
1;2;62;658
1;2;63;1008
1;2;64;33226
1;2;65;33306
1;2;66;29598
1;2;67;9490
1;2;68;8444
1;2;69;32245
1;2;70;33
1;2;71;31750
1;2;72;23590
1;2;73;27561
1;2;74;17733
1;2;75;16067
1;2;76;14927
1;2;77;27958
1;2;78;6895
1;2;79;143
1;2;80;1228
1;2;81;23160
1;2;82;16661
1;2;83;18720
1;2;84;33070
1;2;85;32711
1;2;86;1603
1;2;87;34504
1;2;88;1590
1;2;89;3045
1;2;90;0
1;2;91;4926
1;2;92;32813
1;2;93;34582
1;2;94;4814
1;2;95;4878
1;2;96;661
1;2;97;7753
1;2;98;27700
1;2;99;1602
1;2;100;839
1;2;101;1221
1;2;102;8131
1;2;103;32895
1;2;104;1012
1;2;105;30165
1;2;106;27365
1;2;107;23922
1;2;108;7097
1;2;109;31483
1;2;110;30657
1;2;111;7430
1;2;112;4337
1;2;113;7791
1;2;114;783
1;2;115;1213
1;2;116;33840
1;2;117;2652
1;2;118;1063
1;2;119;25584
1;2;120;33781
1;2;121;1007
1;2;122;1000
1;2;123;574
1;2;124;23110
1;2;125;584
1;2;126;6248
1;2;127;4354
1;2;128;25262
1;2;129;7237
1;2;130;622
1;2;131;2740
1;2;132;1934
1;2;133;562
1;2;134;767
1;2;135;32562
1;2;136;25248
1;2;137;552
1;2;138;2191
1;2;139;2188
1;2;140;0
2;2;1;4734
2;2;2;33346
2;2;3;7772
2;2;4;5226
2;2;5;972
2;2;6;1188
2;2;7;4234
2;2;8;881
2;2;9;1065
2;2;10;8363
2;2;11;1015
2;2;12;1064
2;2;13;7747
2;2;14;31151
2;2;15;30812
2;2;16;936
2;2;17;29342
2;2;18;34814
2;2;19;4201
2;2;20;22751
2;2;21;31183
2;2;22;2456
2;2;23;6828
2;2;24;24882
2;2;25;5882
2;2;26;3348
2;2;27;733
2;2;28;18837
2;2;29;25341
2;2;30;8269
2;2;31;7979
2;2;32;26070
2;2;33;804
2;2;34;15265
2;2;35;3357
2;2;36;6139
2;2;37;853
2;2;38;4358
2;2;39;23702
2;2;40;3295
2;2;41;997
2;2;42;23391
2;2;43;1174
2;2;44;141
2;2;45;571
2;2;46;550
2;2;47;33206
2;2;48;32876
2;2;49;30815
2;2;50;7618
2;2;51;7072
2;2;52;538
2;2;53;30814
2;2;54;526
2;2;55;31469
2;2;56;8607
2;2;57;730
2;2;58;30872
2;2;59;27189
2;2;60;908
2;2;61;907
2;2;62;32538
2;2;63;4815
2;2;64;5080
2;2;65;8211
2;2;66;5126
2;2;67;6887
2;2;68;1663
2;2;69;5787
2;2;70;4988
2;2;71;5407
2;2;72;5055
2;2;73;28289
2;2;74;5116
2;2;75;19377
2;2;76;5039
2;2;77;34121
2;2;78;7480
2;2;79;1959
2;2;80;15426
2;2;81;22342
2;2;82;2621
2;2;83;6249
2;2;84;30968
2;2;85;32778
2;2;86;20793
2;2;87;4904
2;2;88;2314
2;2;89;25195
2;2;90;21701
2;2;91;3046
2;2;92;21276
2;2;93;21807
2;2;94;5221
2;2;95;31023
2;2;96;33425
2;2;97;20621
2;2;98;30710
2;2;99;576
2;2;100;5788
2;2;101;0
2;2;102;0
1;3;1;33666
1;3;2;20512
1;3;3;2680
1;3;4;4749
1;3;5;3018
1;3;6;3349
1;3;7;820
1;3;8;5114
1;3;9;5048
1;3;10;2832
1;3;11;1601
1;3;12;5190
1;3;13;4857
1;3;14;4824
1;3;15;29035
1;3;16;5140
1;3;17;19087
1;3;18;6359
1;3;19;4991
1;3;20;2334
1;3;21;4957
1;3;22;4772
1;3;23;5832
1;3;24;29250
1;3;25;8412
1;3;26;28125
1;3;27;5058
1;3;28;5144
1;3;29;5109
1;3;30;19155
1;3;31;5061
1;3;32;4608
1;3;33;5571
1;3;34;5152
1;3;35;5107
1;3;36;5983
1;3;37;4945
1;3;38;5175
1;3;39;5176
1;3;40;5239
1;3;41;4955
1;3;42;5170
1;3;43;30528
1;3;44;5105
1;3;45;15487
1;3;46;8319
1;3;47;6395
1;3;48;4801
1;3;49;30809
1;3;50;15272
1;3;51;1625
1;3;52;19546
1;3;53;20231
1;3;54;8368
1;3;55;0
1;3;56;3223
1;3;57;31658
1;3;58;32823
1;3;59;31661
1;3;60;6503
1;3;61;31663
1;3;62;4829
1;3;63;5205
1;3;64;4823
1;3;65;4949
1;3;66;4774
1;3;67;4767
1;3;68;603
1;3;69;31267
1;3;70;21967
1;3;71;19836
1;3;72;4746
1;3;73;5063
1;3;74;4950
1;3;75;3140
1;3;76;28082
1;3;77;32809
1;3;78;317
1;3;79;33203
1;3;80;5053
1;3;81;23810
1;3;82;5139
1;3;83;29647
1;3;84;7610
1;3;85;26243
1;3;86;18835
1;3;87;14930
1;3;88;26414
1;3;89;27465
1;3;90;25908
1;3;91;4088
1;3;92;868
1;3;93;22253
1;3;94;1336
1;3;95;23106
1;3;96;4779
1;3;97;15945
1;3;98;18887
1;3;99;851
1;3;100;1506
1;3;101;4618
1;3;102;933
1;3;103;1211
1;3;104;30365
1;3;105;24295
1;3;106;33926
1;3;107;26706
1;3;108;26862
1;3;109;33162
1;3;110;1312
1;3;111;6360
1;3;112;20255
1;3;113;5791
1;3;114;2728
1;3;115;33985
1;3;116;20419
1;3;117;2714
1;3;118;25465
1;3;119;1924
1;3;120;28517
1;3;121;26265
1;3;122;6527
1;3;123;4333
1;3;124;26373
1;3;125;1189
1;3;126;31833
1;3;127;17957
1;3;128;31517
1;3;129;30863
1;3;130;27158
1;3;131;17714
1;3;132;4576
1;3;133;121
1;3;134;29892
1;3;135;33071
1;3;136;8983
1;3;137;6322
1;3;138;34611
1;3;139;2346
1;3;140;6428
1;3;141;29398
1;3;142;29399
1;3;143;32245
1;3;144;33513
1;3;145;15031
1;3;146;28985
1;3;147;7867
1;3;148;932
1;3;149;6255
1;3;150;21147
1;3;151;33991
1;3;152;8492
1;3;153;6759
1;3;154;2840
1;3;155;8942
1;3;156;6378
1;3;157;8435
1;3;158;0
2;3;1;1854
2;3;2;5202
2;3;3;3205
2;3;4;5219
2;3;5;17095
2;3;6;5049
2;3;7;1895
2;3;8;26054
2;3;9;4896
2;3;10;2698
2;3;11;7300
2;3;12;1760
2;3;13;4838
2;3;14;31548
2;3;15;4903
2;3;16;5050
2;3;17;5178
2;3;18;898
2;3;19;2697
2;3;20;5861
2;3;21;24125
2;3;22;25100
2;3;23;5146
2;3;24;5011
2;3;25;34841
2;3;26;4755
2;3;27;16607
2;3;28;5564
2;3;29;5142
2;3;30;31913
2;3;31;5082
2;3;32;6144
2;3;33;29895
2;3;34;32606
2;3;35;23070
2;3;36;29266
2;3;37;4751
2;3;38;4977
2;3;39;24078
2;3;40;8413
2;3;41;6010
2;3;42;32946
2;3;43;25920
2;3;44;5682
2;3;45;573
2;3;46;32735
2;3;47;7315
2;3;48;7730
2;3;49;624
2;3;50;22825
2;3;51;557
2;3;52;31608
2;3;53;34374
2;3;54;31507
2;3;55;7472
2;3;56;4328
2;3;57;4357
2;3;58;1068
2;3;59;778
2;3;60;3141
2;3;61;6912
2;3;62;33954
2;3;63;30242
2;3;64;4367
2;3;65;29204
2;3;66;5553
2;3;67;23456
2;3;68;4153
2;3;69;1179
2;3;70;1230
2;3;71;1599
2;3;72;4736
2;3;73;859
2;3;74;31801
2;3;75;7133
2;3;76;33904
2;3;77;16093
2;3;78;17665
2;3;79;1731
2;3;80;7070
2;3;81;642
2;3;82;34424
2;3;83;27692
2;3;84;7720
2;3;85;22483
2;3;86;8233
2;3;87;8033
2;3;88;32168
2;3;89;835
2;3;90;31441
2;3;91;23037
2;3;92;7137
2;3;93;162
2;3;94;930
2;3;95;1223
2;3;96;30382
2;3;97;844
2;3;98;1069
2;3;99;1085
2;3;100;850
2;3;101;808
2;3;102;27137
2;3;103;934
2;3;104;29626
2;3;105;3308
2;3;106;15911
2;3;107;29175
2;3;108;919
2;3;109;34909
2;3;110;0
2;3;111;0
1;4;1;23728
1;4;2;31461
1;4;3;17201
1;4;4;8410
1;4;5;2353
1;4;6;5224
1;4;7;26079
1;4;8;24120
1;4;9;8141
1;4;10;6147
1;4;11;17907
1;4;12;4934
1;4;13;122
1;4;14;33211
1;4;15;32559
1;4;16;5550
1;4;17;8414
1;4;18;1751
1;4;19;1826
1;4;20;8327
1;4;21;338
1;4;22;4895
1;4;23;4816
1;4;24;30238
1;4;25;6272
1;4;26;1875
1;4;27;1876
1;4;28;16697
1;4;29;6136
1;4;30;26064
1;4;31;4970
1;4;32;25678
1;4;33;7308
1;4;34;25969
1;4;35;5012
1;4;36;5159
1;4;37;1771
1;4;38;5166
1;4;39;4956
1;4;40;1181
1;4;41;8030
1;4;42;5636
1;4;43;6289
1;4;44;7104
1;4;45;5804
1;4;46;8361
1;4;47;6587
1;4;48;24021
1;4;49;8365
1;4;50;4986
1;4;51;875
1;4;52;32560
1;4;53;887
1;4;54;21179
1;4;55;909
1;4;56;6129
1;4;57;969
1;4;58;7355
1;4;59;24306
1;4;60;7357
1;4;61;7359
1;4;62;8202
1;4;63;24180
1;4;64;7314
1;4;65;768
1;4;66;7714
1;4;67;6478
1;4;68;23155
1;4;69;572
1;4;70;15674
1;4;71;7477
1;4;72;34650
1;4;73;34646
1;4;74;23726
1;4;75;1017
1;4;76;1067
1;4;77;31188
1;4;78;7011
1;4;79;5264
1;4;80;1155
1;4;81;1517
1;4;82;26046
1;4;83;0
1;4;84;2699
1;4;85;6498
1;4;86;4579
1;4;87;1726
1;4;88;15767
1;4;89;22184
1;4;90;4782
1;4;91;27965
1;4;92;30730
1;4;93;28516
1;4;94;20215
1;4;95;21343
1;4;96;33686
1;4;97;29032
1;4;98;23596
1;4;99;28784
1;4;100;26836
1;4;101;3219
1;4;102;406
1;4;103;30026
1;4;104;5209
1;4;105;16575
1;4;106;16919
1;4;107;1212
1;4;108;26515
1;4;109;4825
1;4;110;6771
1;4;111;16908
1;4;112;24043
1;4;113;25213
1;4;114;2500
1;4;115;32774
1;4;116;7492
1;4;117;114
1;4;118;15074
1;4;119;22704
1;4;120;1374
1;4;121;8418
1;4;122;7309
1;4;123;1585
1;4;124;4235
1;4;125;2100
1;4;126;18872
1;4;127;1903
1;4;128;4974
1;4;129;4981
1;4;130;5038
1;4;131;4831
1;4;132;4775
1;4;133;22296
1;4;134;32568
1;4;135;5111
1;4;136;6316
1;4;137;16580
1;4;138;20690
1;4;139;7941
1;4;140;4985
1;4;141;5141
1;4;142;5204
1;4;143;28315
1;4;144;4773
1;4;145;5856
1;4;146;34878
1;4;147;4992
1;4;148;5929
1;4;149;5128
1;4;150;5097
1;4;151;8244
1;4;152;1758
1;4;153;5189
1;4;154;1728
1;4;155;5092
1;4;156;5362
1;4;157;29509
1;4;158;2316
1;4;159;5005
1;4;160;4350
1;4;161;5015
1;4;162;4753
1;4;163;15458
1;4;164;895
1;4;165;4879
1;4;166;4958
1;4;167;5010
1;4;168;18
1;4;169;17969
1;4;170;5004
1;4;171;4875
1;4;172;5018
1;4;173;5017
1;4;174;6224
1;4;175;4763
1;4;176;27613
1;4;177;24162
1;4;178;7953
1;4;179;5888
1;4;180;4969
1;4;181;5009
1;4;182;6217
1;4;183;7211
1;4;184;6925
1;4;185;30969
1;4;186;2757
1;4;187;1755
1;4;188;1764
1;4;189;1745
1;4;190;2306
1;4;191;1805
1;4;192;2707
1;4;193;7740
1;4;194;5555
1;4;195;4748
1;4;196;0
2;4;1;0
2;4;2;33236
2;4;3;34762
2;4;4;4858
2;4;5;19000
2;4;6;18967
2;4;7;1378
2;4;8;1669
2;4;9;27100
2;4;10;880
2;4;11;32109
2;4;12;24389
2;4;13;701
2;4;14;817
2;4;15;20412
2;4;16;508
2;4;17;7505
2;4;18;4487
2;4;19;7646
2;4;20;23890
2;4;21;7374
2;4;22;812
2;4;23;2741
2;4;24;24047
2;4;25;21094
2;4;26;8971
2;4;27;29975
2;4;28;2483
2;4;29;32079
2;4;30;33002
2;4;31;5792
2;4;32;1084
2;4;33;1247
2;4;34;1246
2;4;35;836
2;4;36;28007
2;4;37;30825
2;4;38;31156
2;4;39;1273
2;4;40;2939
2;4;41;34366
2;4;42;5036
2;4;43;1268
2;4;44;29893
2;4;45;1267
2;4;46;24358
2;4;47;1255
2;4;48;17541
2;4;49;1254
2;4;50;891
2;4;51;34050
2;4;52;1334
2;4;53;3134
2;4;54;785
2;4;55;1264
2;4;56;24046
2;4;57;24044
2;4;58;32973
2;4;59;24461
2;4;60;24294
2;4;61;20963
2;4;62;31900
2;4;63;5679
2;4;64;31904
2;4;65;1256
2;4;66;8331
2;4;67;21300
2;4;68;16326
2;4;69;31136
2;4;70;256
2;4;71;29246
2;4;72;205
2;4;73;30383
2;4;74;29839
2;4;75;22771
2;4;76;18009
2;4;77;30089
2;4;78;32864
2;4;79;1066
2;4;80;0
1;5;1;2191
1;5;2;2188
1;5;3;32776
1;5;4;19186
1;5;5;7226
1;5;6;28367
1;5;7;21589
1;5;8;18996
1;5;9;651
1;5;10;5927
1;5;11;32370
1;5;12;32261
1;5;13;5773
1;5;14;31750
1;5;15;5794
1;5;16;34343
1;5;17;30440
1;5;18;26317
1;5;19;1337
1;5;20;882
1;5;21;688
1;5;22;1041
1;5;23;15168
1;5;24;24449
1;5;25;23852
1;5;26;1083
1;5;27;751
1;5;28;6654
1;5;29;5793
1;5;30;7814
1;5;31;1774
1;5;32;4631
1;5;33;5232
1;5;34;892
1;5;35;4851
1;5;36;31663
1;5;37;31661
1;5;38;31658
1;5;39;0
1;5;40;28899
1;5;41;4842
1;5;42;28495
1;5;43;34672
1;5;44;2839
1;5;45;1594
1;5;46;2836
1;5;47;31020
1;5;48;33666
1;5;49;5215
1;5;50;5037
1;5;51;1303
1;5;52;7424
1;5;53;960
1;5;54;5473
1;5;55;23880
1;5;56;23990
1;5;57;7083
1;5;58;1584
1;5;59;3333
1;5;60;883
1;5;61;789
1;5;62;766
1;5;63;6863
1;5;64;6169
1;5;65;2593
1;5;66;29744
1;5;67;28198
1;5;68;4454
1;5;69;1018
1;5;70;8333
1;5;71;3322
1;5;72;5344
1;5;73;28702
1;5;74;885
1;5;75;23621
1;5;76;1331
1;5;77;753
1;5;78;18283
1;5;79;1178
1;5;80;28022
1;5;81;34684
1;5;82;8316
1;5;83;32681
1;5;84;34111
1;5;85;5532
1;5;86;32386
1;5;87;6064
1;5;88;577
1;5;89;8699
1;5;90;30075
1;5;91;3197
1;5;92;19168
1;5;93;4359
1;5;94;6274
1;5;95;23086
1;5;96;32245
1;5;97;33
1;5;98;5296
1;5;99;24042
1;5;100;26558
1;5;101;2511
1;5;102;395
1;5;103;25704
1;5;104;7184
1;5;105;16062
1;5;106;24229
1;5;107;1605
1;5;108;14927
1;5;109;15958
1;5;110;5297
1;5;111;0
2;5;1;7161
2;5;2;33849
2;5;3;325
2;5;4;33024
2;5;5;1824
2;5;6;1772
2;5;7;6865
2;5;8;32601
2;5;9;4797
2;5;10;20010
2;5;11;4796
2;5;12;25860
2;5;13;1995
2;5;14;30875
2;5;15;17262
2;5;16;1888
2;5;17;5093
2;5;18;30229
2;5;19;32102
2;5;20;4911
2;5;21;30157
2;5;22;34544
2;5;23;1518
2;5;24;4319
2;5;25;1241
2;5;26;32096
2;5;27;24705
2;5;28;30149
2;5;29;26190
2;5;30;29885
2;5;31;26401
2;5;32;2516
2;5;33;1269
2;5;34;1957
2;5;35;25082
2;5;36;203
2;5;37;24322
2;5;38;20453
2;5;39;20457
2;5;40;29931
2;5;41;31051
2;5;42;7205
2;5;43;23982
2;5;44;1005
2;5;45;4721
2;5;46;952
2;5;47;944
2;5;48;30934
2;5;49;3329
2;5;50;27934
2;5;51;843
2;5;52;1640
2;5;53;1010
2;5;54;1184
2;5;55;31027
2;5;56;27932
2;5;57;33318
2;5;58;25649
2;5;59;946
2;5;60;33839
2;5;61;23988
2;5;62;951
2;5;63;25743
2;5;64;644
2;5;65;28546
2;5;66;25505
2;5;67;8409
2;5;68;24164
2;5;69;1526
2;5;70;34331
2;5;71;5185
2;5;72;984
2;5;73;26763
2;5;74;24590
2;5;75;846
2;5;76;949
2;5;77;21839
2;5;78;4881
2;5;79;33306
2;5;80;33226
2;5;81;947
2;5;82;890
2;5;83;958
2;5;84;959
2;5;85;23876
2;5;86;32952
2;5;87;28987
2;5;88;4340
2;5;89;2340
2;5;90;15093
2;5;91;2524
2;5;92;24257
2;5;93;1200
2;5;94;5576
2;5;95;993
2;5;96;33953
2;5;97;981
2;5;98;19950
2;5;99;4953
2;5;100;32746
2;5;101;5908
2;5;102;943
2;5;103;28043
2;5;104;8669
2;5;105;24119
2;5;106;964
2;5;107;597
2;5;108;942
2;5;109;0
2;5;110;0
