1;1;1;33236
1;1;2;25188
1;1;3;23728
1;1;4;5215
1;1;5;4858
1;1;6;1303
1;1;7;747
1;1;8;811
1;1;9;23955
1;1;10;935
1;1;11;1013
1;1;12;34306
1;1;13;21094
1;1;14;789
1;1;15;6260
1;1;16;3330
1;1;17;2241
1;1;18;32079
1;1;19;1638
1;1;20;5792
1;1;21;1084
1;1;22;1246
1;1;23;1247
1;1;24;28007
1;1;25;26190
1;1;26;30825
1;1;27;31156
1;1;28;1332
1;1;29;1272
1;1;30;8497
1;1;31;7355
1;1;32;7357
1;1;33;7359
1;1;34;7373
1;1;35;7371
1;1;36;7372
1;1;37;7370
1;1;38;7365
1;1;39;26248
1;1;40;24306
1;1;41;730
1;1;42;32946
1;1;43;449
1;1;44;620
1;1;45;7040
1;1;46;2259
1;1;47;28061
1;1;48;1720
1;1;49;2212
1;1;50;5303
1;1;51;32127
1;1;52;34593
1;1;53;15631
1;1;54;23795
1;1;55;7437
1;1;56;33976
1;1;57;30411
1;1;58;30814
1;1;59;7072
1;1;60;30815
1;1;61;25776
1;1;62;2862
1;1;63;1324
1;1;64;15674
1;1;65;19375
1;1;66;32300
1;1;67;1583
1;1;68;5229
1;1;69;8234
1;1;70;23726
1;1;71;34650
1;1;72;34646
1;1;73;7316
1;1;74;8201
1;1;75;6955
1;1;76;573
1;1;77;26046
1;1;78;30375
1;1;79;0
1;1;80;0
2;1;1;34762
2;1;2;5878
2;1;3;996
2;1;4;24118
2;1;5;33104
2;1;6;16132
2;1;7;25745
2;1;8;1040
2;1;9;34669
2;1;10;30824
2;1;11;16759
2;1;12;7980
2;1;13;34612
2;1;14;15180
2;1;15;31152
2;1;16;32109
2;1;17;31323
2;1;18;8188
2;1;19;1043
2;1;20;7709
2;1;21;8584
2;1;22;8272
2;1;23;32694
2;1;24;7694
2;1;25;20328
2;1;26;2741
2;1;27;1522
2;1;28;812
2;1;29;7646
2;1;30;29087
2;1;31;17379
2;1;32;34486
2;1;33;32168
2;1;34;7137
2;1;35;33827
2;1;36;1335
2;1;37;697
2;1;38;31961
2;1;39;1278
2;1;40;5036
2;1;41;1268
2;1;42;1267
2;1;43;1255
2;1;44;32864
2;1;45;30089
2;1;46;24294
2;1;47;18009
2;1;48;18006
2;1;49;29839
2;1;50;2094
2;1;51;21297
2;1;52;205
2;1;53;1041
2;1;54;688
2;1;55;24822
2;1;56;19441
2;1;57;32245
2;1;58;20844
2;1;59;6270
2;1;60;3209
2;1;61;6181
2;1;62;25543
2;1;63;33951
2;1;64;24330
2;1;65;18963
2;1;66;4318
2;1;67;6321
2;1;68;0
2;1;69;33666
2;1;70;28825
2;1;71;32889
2;1;72;2627
2;1;73;26241
2;1;74;4800
2;1;75;33532
2;1;76;2091
2;1;77;8418
2;1;78;27327
2;1;79;4631
2;1;80;7617
2;1;81;6340
2;1;82;23810
2;1;83;6587
2;1;84;4851
2;1;85;5131
2;1;86;32823
2;1;87;31661
2;1;88;31663
2;1;89;6503
2;1;90;31658
2;1;91;4852
2;1;92;34458
2;1;93;6315
2;1;94;2184
2;1;95;3292
2;1;96;4935
2;1;97;2682
2;1;98;4910
2;1;99;2949
2;1;100;4987
2;1;101;6286
2;1;102;4750
2;1;103;18
2;1;104;29730
2;1;105;4844
2;1;106;5004
2;1;107;6809
2;1;108;34910
2;1;109;26079
2;1;110;5339
2;1;111;15940
2;1;112;34739
2;1;113;4780
2;1;114;6217
2;1;115;5888
2;1;116;4969
2;1;117;4884
2;1;118;7211
2;1;119;2539
2;1;120;31898
2;1;121;32702
2;1;122;5009
2;1;123;6925
2;1;124;7953
2;1;125;31279
2;1;126;28819
2;1;127;24120
2;1;128;3003
2;1;129;30152
2;1;130;32285
2;1;131;5052
2;1;132;7541
2;1;133;1739
2;1;134;4783
2;1;135;6603
2;1;136;4766
2;1;137;31548
2;1;138;5351
2;1;139;34219
2;1;140;4752
2;1;141;7308
2;1;142;2300
2;1;143;5201
2;1;144;4804
2;1;145;30370
2;1;146;7740
2;1;147;1805
2;1;148;5555
2;1;149;1755
2;1;150;1727
2;1;151;2757
2;1;152;15142
2;1;153;2306
2;1;154;1745
2;1;155;1764
2;1;156;31679
2;1;157;4798
2;1;158;34679
2;1;159;1732
2;1;160;4763
2;1;161;5006
2;1;162;1407
2;1;163;22171
2;1;164;5729
2;1;165;4994
2;1;166;19987
2;1;167;2353
2;1;168;29921
2;1;169;0
1;2;1;4524
1;2;2;31485
1;2;3;7706
1;2;4;25586
1;2;5;19770
1;2;6;948
1;2;7;950
1;2;8;949
1;2;9;21839
1;2;10;6813
1;2;11;9016
1;2;12;31047
1;2;13;33740
1;2;14;30758
1;2;15;29973
1;2;16;17439
1;2;17;29911
1;2;18;941
1;2;19;18715
1;2;20;696
1;2;21;31905
1;2;22;5298
1;2;23;30199
1;2;24;3115
1;2;25;28546
1;2;26;6094
1;2;27;1139
1;2;28;810
1;2;29;24163
1;2;30;809
1;2;31;21064
1;2;32;3238
1;2;33;4334
1;2;34;1566
1;2;35;27934
1;2;36;945
1;2;37;18716
1;2;38;16472
1;2;39;865
1;2;40;22341
1;2;41;27932
1;2;42;29943
1;2;43;34197
1;2;44;30160
1;2;45;30186
1;2;46;30351
1;2;47;30352
1;2;48;30243
1;2;49;30218
1;2;50;34825
1;2;51;30190
1;2;52;33003
1;2;53;32949
1;2;54;31189
1;2;55;940
1;2;56;8369
1;2;57;34389
1;2;58;4881
1;2;59;927
1;2;60;658
1;2;61;32985
1;2;62;1008
1;2;63;33226
1;2;64;33306
1;2;65;29598
1;2;66;9490
1;2;67;8444
1;2;68;32245
1;2;69;33
1;2;70;31750
1;2;71;23590
1;2;72;27561
1;2;73;17733
1;2;74;16067
1;2;75;14927
1;2;76;27958
1;2;77;143
1;2;78;6895
1;2;79;1228
1;2;80;16661
1;2;81;23160
1;2;82;18720
1;2;83;33070
1;2;84;32711
1;2;85;1603
1;2;86;34504
1;2;87;1590
1;2;88;3045
1;2;89;0
1;2;90;3223
1;2;91;32813
1;2;92;4926
1;2;93;34582
1;2;94;4814
1;2;95;4878
1;2;96;19000
1;2;97;7753
1;2;98;27700
1;2;99;1602
1;2;100;1221
1;2;101;1012
1;2;102;32895
1;2;103;30165
1;2;104;8131
1;2;105;27365
1;2;106;23922
1;2;107;7097
1;2;108;31483
1;2;109;30657
1;2;110;7430
1;2;111;4337
1;2;112;1213
1;2;113;7791
1;2;114;783
1;2;115;33840
1;2;116;33781
1;2;117;25584
1;2;118;1063
1;2;119;2652
1;2;120;1007
1;2;121;141
1;2;122;571
1;2;123;23110
1;2;124;584
1;2;125;25262
1;2;126;6248
1;2;127;7237
1;2;128;622
1;2;129;4354
1;2;130;2740
1;2;131;5682
1;2;132;25920
1;2;133;767
1;2;134;32562
1;2;135;552
1;2;136;25248
1;2;137;2188
1;2;138;2191
1;2;139;0
2;2;1;7774
2;2;2;358
2;2;3;5226
2;2;4;5139
2;2;5;1188
2;2;6;15911
2;2;7;31151
2;2;8;839
2;2;9;1064
2;2;10;881
2;2;11;1065
2;2;12;1015
2;2;13;8363
2;2;14;7747
2;2;15;31183
2;2;16;936
2;2;17;4201
2;2;18;29342
2;2;19;34814
2;2;20;22751
2;2;21;30812
2;2;22;4234
2;2;23;24882
2;2;24;6828
2;2;25;2456
2;2;26;3348
2;2;27;5882
2;2;28;733
2;2;29;18837
2;2;30;25341
2;2;31;8269
2;2;32;23037
2;2;33;26070
2;2;34;804
2;2;35;15265
2;2;36;3357
2;2;37;4358
2;2;38;853
2;2;39;6139
2;2;40;23702
2;2;41;3295
2;2;42;997
2;2;43;1174
2;2;44;23391
2;2;45;574
2;2;46;1000
2;2;47;550
2;2;48;32876
2;2;49;33206
2;2;50;8290
2;2;51;34199
2;2;52;7618
2;2;53;526
2;2;54;27124
2;2;55;538
2;2;56;24528
2;2;57;8607
2;2;58;19473
2;2;59;30872
2;2;60;908
2;2;61;907
2;2;62;27189
2;2;63;32538
2;2;64;4815
2;2;65;5080
2;2;66;6289
2;2;67;6887
2;2;68;4751
2;2;69;4988
2;2;70;5407
2;2;71;1758
2;2;72;5055
2;2;73;4740
2;2;74;28289
2;2;75;5116
2;2;76;19377
2;2;77;34121
2;2;78;5039
2;2;79;7480
2;2;80;1959
2;2;81;5159
2;2;82;15426
2;2;83;22342
2;2;84;2621
2;2;85;6249
2;2;86;576
2;2;87;30968
2;2;88;32778
2;2;89;20793
2;2;90;4904
2;2;91;30710
2;2;92;2314
2;2;93;25195
2;2;94;21701
2;2;95;3046
2;2;96;21276
2;2;97;21807
2;2;98;5221
2;2;99;31023
2;2;100;33425
2;2;101;20621
2;2;102;5788
2;2;103;0
2;2;104;0
1;3;1;33666
1;3;2;20512
1;3;3;2680
1;3;4;4749
1;3;5;7104
1;3;6;820
1;3;7;5048
1;3;8;5114
1;3;9;2832
1;3;10;15487
1;3;11;1601
1;3;12;5190
1;3;13;4857
1;3;14;4824
1;3;15;29035
1;3;16;5170
1;3;17;5983
1;3;18;2334
1;3;19;6359
1;3;20;4991
1;3;21;19087
1;3;22;4957
1;3;23;4772
1;3;24;5832
1;3;25;29250
1;3;26;8412
1;3;27;28125
1;3;28;5058
1;3;29;5109
1;3;30;19155
1;3;31;5061
1;3;32;5144
1;3;33;4608
1;3;34;5152
1;3;35;5571
1;3;36;5107
1;3;37;4955
1;3;38;4945
1;3;39;5176
1;3;40;5239
1;3;41;5175
1;3;42;5140
1;3;43;30528
1;3;44;5105
1;3;45;8319
1;3;46;6395
1;3;47;4801
1;3;48;3018
1;3;49;8368
1;3;50;19546
1;3;51;1625
1;3;52;15272
1;3;53;30809
1;3;54;20231
1;3;55;0
1;3;56;31661
1;3;57;31658
1;3;58;31663
1;3;59;4829
1;3;60;5205
1;3;61;4823
1;3;62;4949
1;3;63;4774
1;3;64;5063
1;3;65;603
1;3;66;4950
1;3;67;4767
1;3;68;21967
1;3;69;31267
1;3;70;4746
1;3;71;3140
1;3;72;19836
1;3;73;28082
1;3;74;32809
1;3;75;33203
1;3;76;317
1;3;77;5053
1;3;78;6168
1;3;79;29175
1;3;80;29647
1;3;81;7610
1;3;82;26243
1;3;83;18835
1;3;84;14930
1;3;85;26414
1;3;86;27465
1;3;87;25908
1;3;88;20533
1;3;89;868
1;3;90;22253
1;3;91;1336
1;3;92;23106
1;3;93;15945
1;3;94;18887
1;3;95;24705
1;3;96;4618
1;3;97;933
1;3;98;1211
1;3;99;30365
1;3;100;33926
1;3;101;26706
1;3;102;24295
1;3;103;26862
1;3;104;33162
1;3;105;1312
1;3;106;6360
1;3;107;20255
1;3;108;2728
1;3;109;5791
1;3;110;33985
1;3;111;2714
1;3;112;20419
1;3;113;1269
1;3;114;8331
1;3;115;1280
1;3;116;15168
1;3;117;1924
1;3;118;26265
1;3;119;6527
1;3;120;4333
1;3;121;26373
1;3;122;1189
1;3;123;31833
1;3;124;17957
1;3;125;31517
1;3;126;30863
1;3;127;27158
1;3;128;17714
1;3;129;33071
1;3;130;29892
1;3;131;121
1;3;132;4576
1;3;133;8983
1;3;134;6322
1;3;135;6428
1;3;136;2346
1;3;137;34611
1;3;138;29398
1;3;139;29399
1;3;140;32245
1;3;141;33513
1;3;142;15031
1;3;143;28985
1;3;144;8942
1;3;145;2840
1;3;146;7867
1;3;147;932
1;3;148;6255
1;3;149;21147
1;3;150;33991
1;3;151;8492
1;3;152;6759
1;3;153;6378
1;3;154;8435
1;3;155;0
2;3;1;5202
2;3;2;17201
2;3;3;5219
2;3;4;17095
2;3;5;1895
2;3;6;32601
2;3;7;4896
2;3;8;4797
2;3;9;26054
2;3;10;2698
2;3;11;7300
2;3;12;1760
2;3;13;4838
2;3;14;15825
2;3;15;4903
2;3;16;5050
2;3;17;5127
2;3;18;5178
2;3;19;2697
2;3;20;898
2;3;21;5861
2;3;22;5146
2;3;23;25100
2;3;24;24125
2;3;25;5011
2;3;26;34841
2;3;27;4755
2;3;28;16607
2;3;29;338
2;3;30;5564
2;3;31;5142
2;3;32;31913
2;3;33;6144
2;3;34;5082
2;3;35;29895
2;3;36;32606
2;3;37;1824
2;3;38;5787
2;3;39;1181
2;3;40;8030
2;3;41;325
2;3;42;8413
2;3;43;6010
2;3;44;31469
2;3;45;562
2;3;46;1934
2;3;47;33947
2;3;48;1517
2;3;49;32735
2;3;50;7730
2;3;51;7315
2;3;52;5264
2;3;53;624
2;3;54;22825
2;3;55;557
2;3;56;31608
2;3;57;34374
2;3;58;31507
2;3;59;7472
2;3;60;4328
2;3;61;4357
2;3;62;1337
2;3;63;1068
2;3;64;3141
2;3;65;6912
2;3;66;4367
2;3;67;30242
2;3;68;33954
2;3;69;29204
2;3;70;24322
2;3;71;5553
2;3;72;23456
2;3;73;4153
2;3;74;23621
2;3;75;1230
2;3;76;1599
2;3;77;4736
2;3;78;31801
2;3;79;859
2;3;80;7133
2;3;81;33904
2;3;82;16093
2;3;83;17665
2;3;84;1731
2;3;85;7070
2;3;86;642
2;3;87;817
2;3;88;27692
2;3;89;7720
2;3;90;8233
2;3;91;8033
2;3;92;835
2;3;93;7979
2;3;94;31441
2;3;95;5970
2;3;96;162
2;3;97;930
2;3;98;1223
2;3;99;30382
2;3;100;844
2;3;101;1069
2;3;102;1085
2;3;103;29626
2;3;104;27137
2;3;105;850
2;3;106;808
2;3;107;934
2;3;108;3308
2;3;109;972
2;3;110;34909
2;3;111;919
2;3;112;0
2;3;113;0
1;4;1;33236
1;4;2;23728
1;4;3;31461
1;4;4;3205
1;4;5;8410
1;4;6;5224
1;4;7;26079
1;4;8;24120
1;4;9;5012
1;4;10;8141
1;4;11;6147
1;4;12;17907
1;4;13;4934
1;4;14;122
1;4;15;25969
1;4;16;33211
1;4;17;32559
1;4;18;1751
1;4;19;5550
1;4;20;8414
1;4;21;1826
1;4;22;8327
1;4;23;4816
1;4;24;4895
1;4;25;30238
1;4;26;6272
1;4;27;1876
1;4;28;1875
1;4;29;16697
1;4;30;6136
1;4;31;26064
1;4;32;4970
1;4;33;19697
1;4;34;25678
1;4;35;7308
1;4;36;15760
1;4;37;1771
1;4;38;5166
1;4;39;4956
1;4;40;4977
1;4;41;34878
1;4;42;5126
1;4;43;8211
1;4;44;33849
1;4;45;1903
1;4;46;5232
1;4;47;24021
1;4;48;8365
1;4;49;4986
1;4;50;875
1;4;51;32560
1;4;52;16960
1;4;53;7357
1;4;54;7355
1;4;55;887
1;4;56;909
1;4;57;969
1;4;58;21179
1;4;59;6129
1;4;60;24306
1;4;61;7359
1;4;62;8202
1;4;63;24180
1;4;64;537
1;4;65;7314
1;4;66;768
1;4;67;7714
1;4;68;6478
1;4;69;23155
1;4;70;572
1;4;71;15674
1;4;72;7477
1;4;73;34650
1;4;74;34646
1;4;75;23726
1;4;76;1017
1;4;77;1067
1;4;78;31188
1;4;79;7011
1;4;80;1155
1;4;81;26046
1;4;82;0
1;4;83;7772
1;4;84;28899
1;4;85;2688
1;4;86;4734
1;4;87;2699
1;4;88;6498
1;4;89;4579
1;4;90;1726
1;4;91;15767
1;4;92;22184
1;4;93;33686
1;4;94;4782
1;4;95;20215
1;4;96;24043
1;4;97;28516
1;4;98;6771
1;4;99;16908
1;4;100;16919
1;4;101;30730
1;4;102;26836
1;4;103;114
1;4;104;2500
1;4;105;21343
1;4;106;32774
1;4;107;28784
1;4;108;5209
1;4;109;27965
1;4;110;1212
1;4;111;23596
1;4;112;16575
1;4;113;29032
1;4;114;7492
1;4;115;30026
1;4;116;25213
1;4;117;26515
1;4;118;22704
1;4;119;4825
1;4;120;406
1;4;121;15074
1;4;122;3219
1;4;123;1374
1;4;124;4845
1;4;125;6587
1;4;126;7309
1;4;127;18872
1;4;128;2100
1;4;129;1585
1;4;130;4235
1;4;131;8361
1;4;132;4974
1;4;133;4981
1;4;134;5038
1;4;135;4831
1;4;136;22296
1;4;137;32568
1;4;138;4775
1;4;139;5111
1;4;140;4985
1;4;141;6316
1;4;142;5141
1;4;143;28315
1;4;144;16580
1;4;145;7941
1;4;146;20690
1;4;147;5204
1;4;148;4773
1;4;149;5856
1;4;150;24078
1;4;151;29266
1;4;152;4992
1;4;153;5128
1;4;154;5929
1;4;155;5097
1;4;156;8244
1;4;157;5189
1;4;158;5362
1;4;159;1728
1;4;160;5092
1;4;161;29509
1;4;162;2316
1;4;163;895
1;4;164;4350
1;4;165;5005
1;4;166;5015
1;4;167;15458
1;4;168;4753
1;4;169;4879
1;4;170;4958
1;4;171;5010
1;4;172;18
1;4;173;17969
1;4;174;5056
1;4;175;4875
1;4;176;5018
1;4;177;5017
1;4;178;4978
1;4;179;6224
1;4;180;4763
1;4;181;27613
1;4;182;24162
1;4;183;7953
1;4;184;30969
1;4;185;2306
1;4;186;2707
1;4;187;7740
1;4;188;1734
1;4;189;6888
1;4;190;4748
1;4;191;0
2;4;1;0
2;4;2;1854
2;4;3;34762
2;4;4;34288
2;4;5;661
2;4;6;18967
2;4;7;1378
2;4;8;1669
2;4;9;24389
2;4;10;32109
2;4;11;880
2;4;12;27100
2;4;13;20412
2;4;14;34424
2;4;15;701
2;4;16;508
2;4;17;7505
2;4;18;4487
2;4;19;22483
2;4;20;7646
2;4;21;23890
2;4;22;7374
2;4;23;33996
2;4;24;7009
2;4;25;956
2;4;26;2741
2;4;27;21094
2;4;28;24047
2;4;29;8971
2;4;30;29975
2;4;31;2483
2;4;32;32079
2;4;33;33002
2;4;34;16673
2;4;35;1246
2;4;36;1247
2;4;37;28007
2;4;38;30149
2;4;39;29885
2;4;40;31156
2;4;41;1506
2;4;42;851
2;4;43;1273
2;4;44;2939
2;4;45;34366
2;4;46;5036
2;4;47;1268
2;4;48;24358
2;4;49;1255
2;4;50;1066
2;4;51;3134
2;4;52;785
2;4;53;1264
2;4;54;24046
2;4;55;24044
2;4;56;34050
2;4;57;1254
2;4;58;32973
2;4;59;1334
2;4;60;891
2;4;61;17541
2;4;62;20963
2;4;63;31904
2;4;64;5679
2;4;65;31900
2;4;66;24461
2;4;67;1256
2;4;68;25465
2;4;69;22147
2;4;70;21300
2;4;71;16326
2;4;72;31136
2;4;73;256
2;4;74;29246
2;4;75;205
2;4;76;22771
2;4;77;30383
2;4;78;29839
2;4;79;24449
2;4;80;28517
2;4;81;23852
2;4;82;0
1;5;1;2191
1;5;2;2188
1;5;3;32776
1;5;4;19186
1;5;5;7226
1;5;6;28367
1;5;7;21589
1;5;8;18996
1;5;9;651
1;5;10;5927
1;5;11;32370
1;5;12;32261
1;5;13;5773
1;5;14;31750
1;5;15;5794
1;5;16;30440
1;5;17;34343
1;5;18;26317
1;5;19;31025
1;5;20;778
1;5;21;882
1;5;22;1083
1;5;23;751
1;5;24;6654
1;5;25;5793
1;5;26;7814
1;5;27;1774
1;5;28;795
1;5;29;892
1;5;30;4907
1;5;31;31661
1;5;32;5542
1;5;33;31663
1;5;34;31658
1;5;35;0
1;5;36;31020
1;5;37;21335
1;5;38;361
1;5;39;2836
1;5;40;363
1;5;41;34672
1;5;42;28495
1;5;43;4842
1;5;44;1594
1;5;45;2839
1;5;46;33346
1;5;47;33666
1;5;48;5037
1;5;49;30164
1;5;50;7424
1;5;51;960
1;5;52;5473
1;5;53;23880
1;5;54;23990
1;5;55;7083
1;5;56;4088
1;5;57;1584
1;5;58;3333
1;5;59;883
1;5;60;766
1;5;61;6863
1;5;62;6169
1;5;63;2593
1;5;64;29744
1;5;65;28198
1;5;66;4454
1;5;67;1018
1;5;68;8333
1;5;69;3322
1;5;70;28702
1;5;71;5344
1;5;72;885
1;5;73;1179
1;5;74;1331
1;5;75;753
1;5;76;18283
1;5;77;1178
1;5;78;28022
1;5;79;34684
1;5;80;32681
1;5;81;8316
1;5;82;34111
1;5;83;5532
1;5;84;577
1;5;85;6064
1;5;86;32386
1;5;87;8699
1;5;88;30075
1;5;89;3197
1;5;90;19168
1;5;91;6274
1;5;92;4359
1;5;93;23086
1;5;94;32245
1;5;95;33
1;5;96;5296
1;5;97;26558
1;5;98;24042
1;5;99;2511
1;5;100;395
1;5;101;25704
1;5;102;7184
1;5;103;16062
1;5;104;24229
1;5;105;1605
1;5;106;14927
1;5;107;15958
1;5;108;5297
1;5;109;0
2;5;1;7161
2;5;2;5804
2;5;3;3349
2;5;4;5636
2;5;5;33024
2;5;6;1663
2;5;7;23070
2;5;8;6865
2;5;9;1772
2;5;10;5049
2;5;11;20010
2;5;12;4796
2;5;13;5093
2;5;14;25860
2;5;15;17262
2;5;16;30875
2;5;17;1995
2;5;18;1888
2;5;19;30229
2;5;20;4911
2;5;21;32102
2;5;22;30157
2;5;23;34544
2;5;24;1518
2;5;25;4319
2;5;26;1241
2;5;27;31588
2;5;28;32096
2;5;29;4779
2;5;30;836
2;5;31;26401
2;5;32;2516
2;5;33;29893
2;5;34;25082
2;5;35;1957
2;5;36;203
2;5;37;204
2;5;38;20457
2;5;39;20453
2;5;40;29931
2;5;41;31051
2;5;42;23982
2;5;43;1005
2;5;44;7205
2;5;45;4721
2;5;46;952
2;5;47;944
2;5;48;30934
2;5;49;3329
2;5;50;27934
2;5;51;843
2;5;52;1640
2;5;53;1010
2;5;54;1184
2;5;55;31027
2;5;56;27932
2;5;57;33318
2;5;58;25649
2;5;59;33839
2;5;60;946
2;5;61;23988
2;5;62;951
2;5;63;25743
2;5;64;644
2;5;65;28546
2;5;66;25505
2;5;67;8409
2;5;68;24164
2;5;69;1526
2;5;70;34331
2;5;71;5185
2;5;72;26763
2;5;73;846
2;5;74;984
2;5;75;24590
2;5;76;5762
2;5;77;23862
2;5;78;32950
2;5;79;33306
2;5;80;33226
2;5;81;947
2;5;82;958
2;5;83;890
2;5;84;959
2;5;85;23876
2;5;86;8669
2;5;87;28987
2;5;88;5908
2;5;89;4340
2;5;90;2340
2;5;91;15093
2;5;92;2524
2;5;93;24257
2;5;94;1200
2;5;95;993
2;5;96;5576
2;5;97;19950
2;5;98;981
2;5;99;33953
2;5;100;4953
2;5;101;32746
2;5;102;943
2;5;103;32952
2;5;104;28043
2;5;105;24119
2;5;106;964
2;5;107;597
2;5;108;962
2;5;109;942
2;5;110;0
2;5;111;0
