1;1;1;4734
1;1;2;34762
1;1;3;5037
1;1;4;5139
1;1;5;18967
1;1;6;1303
1;1;7;747
1;1;8;811
1;1;9;23955
1;1;10;935
1;1;11;34306
1;1;12;1013
1;1;13;21094
1;1;14;20533
1;1;15;31588
1;1;16;6260
1;1;17;32079
1;1;18;3330
1;1;19;1638
1;1;20;16673
1;1;21;1247
1;1;22;1246
1;1;23;4779
1;1;24;28007
1;1;25;836
1;1;26;26190
1;1;27;31156
1;1;28;1332
1;1;29;1272
1;1;30;8497
1;1;31;7365
1;1;32;7372
1;1;33;7370
1;1;34;16960
1;1;35;24306
1;1;36;7359
1;1;37;26248
1;1;38;7373
1;1;39;7355
1;1;40;7357
1;1;41;730
1;1;42;2259
1;1;43;28061
1;1;44;7040
1;1;45;5303
1;1;46;23795
1;1;47;2212
1;1;48;15631
1;1;49;34593
1;1;50;1720
1;1;51;32127
1;1;52;7437
1;1;53;33976
1;1;54;30411
1;1;55;30815
1;1;56;8290
1;1;57;7072
1;1;58;34199
1;1;59;2862
1;1;60;538
1;1;61;15674
1;1;62;19375
1;1;63;32300
1;1;64;1583
1;1;65;572
1;1;66;8234
1;1;67;5229
1;1;68;550
1;1;69;23726
1;1;70;34646
1;1;71;34650
1;1;72;7477
1;1;73;7316
1;1;74;8201
1;1;75;6955
1;1;76;7314
1;1;77;26046
1;1;78;0
1;1;79;0
2;1;1;23728
2;1;2;5215
2;1;3;34288
2;1;4;661
2;1;5;1188
2;1;6;996
2;1;7;5878
2;1;8;33104
2;1;9;4234
2;1;10;16132
2;1;11;1040
2;1;12;25745
2;1;13;34669
2;1;14;16759
2;1;15;30824
2;1;16;7980
2;1;17;34612
2;1;18;15180
2;1;19;31152
2;1;20;1378
2;1;21;880
2;1;22;32109
2;1;23;27100
2;1;24;31323
2;1;25;8188
2;1;26;1043
2;1;27;7709
2;1;28;8584
2;1;29;8272
2;1;30;32694
2;1;31;7694
2;1;32;20328
2;1;33;2741
2;1;34;1522
2;1;35;7009
2;1;36;7646
2;1;37;29087
2;1;38;17379
2;1;39;8233
2;1;40;8033
2;1;41;5970
2;1;42;31441
2;1;43;7979
2;1;44;1335
2;1;45;697
2;1;46;31961
2;1;47;1268
2;1;48;5036
2;1;49;32864
2;1;50;1255
2;1;51;1267
2;1;52;1269
2;1;53;18009
2;1;54;29839
2;1;55;2094
2;1;56;15168
2;1;57;205
2;1;58;4357
2;1;59;1189
2;1;60;24822
2;1;61;19441
2;1;62;3209
2;1;63;20844
2;1;64;6270
2;1;65;6181
2;1;66;25543
2;1;67;33951
2;1;68;6321
2;1;69;18963
2;1;70;4318
2;1;71;24330
2;1;72;0
2;1;73;33236
2;1;74;1854
2;1;75;33666
2;1;76;24021
2;1;77;4800
2;1;78;6587
2;1;79;4845
2;1;80;4851
2;1;81;31658
2;1;82;31663
2;1;83;31661
2;1;84;5131
2;1;85;4852
2;1;86;26241
2;1;87;2682
2;1;88;4935
2;1;89;3292
2;1;90;2184
2;1;91;6315
2;1;92;34458
2;1;93;2627
2;1;94;28825
2;1;95;32889
2;1;96;4910
2;1;97;2949
2;1;98;4987
2;1;99;6286
2;1;100;4750
2;1;101;19987
2;1;102;18
2;1;103;29730
2;1;104;17969
2;1;105;1407
2;1;106;22171
2;1;107;34910
2;1;108;26079
2;1;109;5339
2;1;110;15940
2;1;111;31898
2;1;112;5888
2;1;113;4884
2;1;114;34739
2;1;115;4780
2;1;116;7953
2;1;117;6925
2;1;118;32702
2;1;119;2539
2;1;120;5009
2;1;121;28819
2;1;122;24120
2;1;123;3003
2;1;124;30152
2;1;125;25678
2;1;126;4752
2;1;127;34219
2;1;128;32559
2;1;129;4783
2;1;130;1739
2;1;131;6603
2;1;132;7541
2;1;133;5127
2;1;134;5050
2;1;135;4903
2;1;136;15825
2;1;137;5351
2;1;138;19697
2;1;139;7308
2;1;140;2300
2;1;141;5201
2;1;142;4804
2;1;143;31679
2;1;144;1734
2;1;145;1755
2;1;146;7740
2;1;147;1745
2;1;148;15142
2;1;149;1805
2;1;150;5555
2;1;151;2757
2;1;152;1764
2;1;153;2306
2;1;154;30370
2;1;155;4798
2;1;156;34679
2;1;157;1732
2;1;158;4978
2;1;159;6224
2;1;160;4763
2;1;161;27613
2;1;162;24162
2;1;163;5055
2;1;164;4740
2;1;165;5729
2;1;166;29921
2;1;167;0
1;2;1;7772
1;2;2;2688
1;2;3;4524
1;2;4;31485
1;2;5;7706
1;2;6;25586
1;2;7;19770
1;2;8;948
1;2;9;950
1;2;10;5762
1;2;11;21839
1;2;12;17439
1;2;13;31047
1;2;14;29973
1;2;15;9016
1;2;16;33740
1;2;17;30758
1;2;18;29911
1;2;19;5298
1;2;20;31905
1;2;21;962
1;2;22;18715
1;2;23;696
1;2;24;30199
1;2;25;28546
1;2;26;3115
1;2;27;6094
1;2;28;1139
1;2;29;810
1;2;30;24163
1;2;31;809
1;2;32;21064
1;2;33;3238
1;2;34;4334
1;2;35;1566
1;2;36;27934
1;2;37;18716
1;2;38;16472
1;2;39;865
1;2;40;22341
1;2;41;27932
1;2;42;33318
1;2;43;29943
1;2;44;34197
1;2;45;30352
1;2;46;30186
1;2;47;30160
1;2;48;30351
1;2;49;30243
1;2;50;30218
1;2;51;34825
1;2;52;30190
1;2;53;33003
1;2;54;32949
1;2;55;31189
1;2;56;940
1;2;57;23988
1;2;58;8369
1;2;59;34389
1;2;60;4881
1;2;61;927
1;2;62;1008
1;2;63;658
1;2;64;32985
1;2;65;33226
1;2;66;33306
1;2;67;29598
1;2;68;9490
1;2;69;8444
1;2;70;33
1;2;71;32245
1;2;72;31750
1;2;73;5794
1;2;74;27561
1;2;75;17733
1;2;76;16067
1;2;77;14927
1;2;78;27958
1;2;79;6895
1;2;80;143
1;2;81;1228
1;2;82;23160
1;2;83;16661
1;2;84;18720
1;2;85;33070
1;2;86;32711
1;2;87;1603
1;2;88;34504
1;2;89;1590
1;2;90;3045
1;2;91;0
1;2;92;2836
1;2;93;32813
1;2;94;4926
1;2;95;34582
1;2;96;4814
1;2;97;4858
1;2;98;24118
1;2;99;30165
1;2;100;1221
1;2;101;1012
1;2;102;32895
1;2;103;8131
1;2;104;27365
1;2;105;23922
1;2;106;7097
1;2;107;31483
1;2;108;30657
1;2;109;7430
1;2;110;4337
1;2;111;7791
1;2;112;783
1;2;113;1213
1;2;114;33840
1;2;115;25584
1;2;116;1063
1;2;117;2652
1;2;118;33781
1;2;119;1007
1;2;120;23155
1;2;121;584
1;2;122;23110
1;2;123;622
1;2;124;25262
1;2;125;6248
1;2;126;4354
1;2;127;7237
1;2;128;2740
1;2;129;449
1;2;130;620
1;2;131;25248
1;2;132;552
1;2;133;32562
1;2;134;767
1;2;135;2191
1;2;136;2188
1;2;137;0
2;2;1;21335
2;2;2;5226
2;2;3;972
2;2;4;7753
2;2;5;15911
2;2;6;27700
2;2;7;839
2;2;8;31151
2;2;9;1602
2;2;10;881
2;2;11;1065
2;2;12;1015
2;2;13;1064
2;2;14;8363
2;2;15;7747
2;2;16;31183
2;2;17;4201
2;2;18;936
2;2;19;29342
2;2;20;34814
2;2;21;22751
2;2;22;30812
2;2;23;24882
2;2;24;6828
2;2;25;2456
2;2;26;3348
2;2;27;5882
2;2;28;733
2;2;29;18837
2;2;30;25341
2;2;31;8269
2;2;32;33827
2;2;33;26070
2;2;34;804
2;2;35;15265
2;2;36;3357
2;2;37;6139
2;2;38;853
2;2;39;4358
2;2;40;23702
2;2;41;3295
2;2;42;997
2;2;43;1174
2;2;44;23391
2;2;45;141
2;2;46;574
2;2;47;1000
2;2;48;571
2;2;49;32876
2;2;50;33206
2;2;51;1324
2;2;52;25776
2;2;53;27124
2;2;54;526
2;2;55;30814
2;2;56;7618
2;2;57;31469
2;2;58;24528
2;2;59;8607
2;2;60;19473
2;2;61;30872
2;2;62;908
2;2;63;907
2;2;64;27189
2;2;65;32538
2;2;66;4815
2;2;67;5080
2;2;68;6010
2;2;69;6289
2;2;70;5636
2;2;71;5787
2;2;72;2353
2;2;73;4994
2;2;74;4844
2;2;75;5056
2;2;76;6809
2;2;77;28289
2;2;78;5116
2;2;79;19377
2;2;80;5039
2;2;81;34121
2;2;82;7480
2;2;83;1959
2;2;84;4796
2;2;85;20010
2;2;86;1888
2;2;87;1995
2;2;88;5093
2;2;89;30875
2;2;90;17262
2;2;91;25860
2;2;92;3046
2;2;93;21701
2;2;94;25195
2;2;95;2314
2;2;96;21276
2;2;97;21807
2;2;98;5221
2;2;99;31023
2;2;100;33425
2;2;101;20621
2;2;102;30710
2;2;103;29895
2;2;104;576
2;2;105;5788
2;2;106;0
2;2;107;0
1;3;1;361
1;3;2;20512
1;3;3;2680
1;3;4;4974
1;3;5;4749
1;3;6;33849
1;3;7;8211
1;3;8;820
1;3;9;5048
1;3;10;2832
1;3;11;5114
1;3;12;15487
1;3;13;1601
1;3;14;5190
1;3;15;4857
1;3;16;4824
1;3;17;29035
1;3;18;5170
1;3;19;30528
1;3;20;5983
1;3;21;4991
1;3;22;6359
1;3;23;19087
1;3;24;2334
1;3;25;4957
1;3;26;4772
1;3;27;5832
1;3;28;29250
1;3;29;8412
1;3;30;28125
1;3;31;5058
1;3;32;5144
1;3;33;5061
1;3;34;19155
1;3;35;5109
1;3;36;5571
1;3;37;4608
1;3;38;5152
1;3;39;5107
1;3;40;5175
1;3;41;4945
1;3;42;5239
1;3;43;5176
1;3;44;4955
1;3;45;5140
1;3;46;5105
1;3;47;8319
1;3;48;6395
1;3;49;4801
1;3;50;5804
1;3;51;30809
1;3;52;19546
1;3;53;1625
1;3;54;15272
1;3;55;8368
1;3;56;20231
1;3;57;0
1;3;58;33666
1;3;59;1374
1;3;60;6340
1;3;61;7617
1;3;62;5063
1;3;63;32823
1;3;64;6503
1;3;65;31658
1;3;66;31661
1;3;67;5542
1;3;68;31663
1;3;69;4829
1;3;70;5205
1;3;71;4823
1;3;72;4949
1;3;73;4774
1;3;74;19836
1;3;75;603
1;3;76;21967
1;3;77;31267
1;3;78;4950
1;3;79;3140
1;3;80;4746
1;3;81;4767
1;3;82;32809
1;3;83;28082
1;3;84;33203
1;3;85;317
1;3;86;5053
1;3;87;23810
1;3;88;8365
1;3;89;19000
1;3;90;29647
1;3;91;7610
1;3;92;26243
1;3;93;18835
1;3;94;14930
1;3;95;26414
1;3;96;27465
1;3;97;24047
1;3;98;868
1;3;99;22253
1;3;100;1336
1;3;101;23106
1;3;102;24705
1;3;103;4618
1;3;104;933
1;3;105;1211
1;3;106;30365
1;3;107;24295
1;3;108;33926
1;3;109;26706
1;3;110;26862
1;3;111;1312
1;3;112;33162
1;3;113;6360
1;3;114;33985
1;3;115;5791
1;3;116;2728
1;3;117;30089
1;3;118;1083
1;3;119;751
1;3;120;20453
1;3;121;20457
1;3;122;31833
1;3;123;17957
1;3;124;31517
1;3;125;30863
1;3;126;27158
1;3;127;17714
1;3;128;4576
1;3;129;121
1;3;130;29892
1;3;131;33071
1;3;132;6322
1;3;133;8983
1;3;134;29399
1;3;135;29398
1;3;136;32245
1;3;137;33513
1;3;138;15031
1;3;139;28985
1;3;140;6759
1;3;141;8492
1;3;142;7867
1;3;143;932
1;3;144;6255
1;3;145;21147
1;3;146;33991
1;3;147;2840
1;3;148;8942
1;3;149;6378
1;3;150;8435
1;3;151;0
2;3;1;5202
2;3;2;17201
2;3;3;5219
2;3;4;17095
2;3;5;26054
2;3;6;4797
2;3;7;32601
2;3;8;4896
2;3;9;2698
2;3;10;5049
2;3;11;1895
2;3;12;7300
2;3;13;1760
2;3;14;4838
2;3;15;31548
2;3;16;5178
2;3;17;898
2;3;18;5861
2;3;19;1826
2;3;20;4755
2;3;21;34841
2;3;22;5564
2;3;23;5142
2;3;24;31913
2;3;25;5082
2;3;26;6144
2;3;27;30968
2;3;28;32778
2;3;29;20793
2;3;30;4904
2;3;31;32606
2;3;32;6249
2;3;33;2621
2;3;34;22342
2;3;35;6865
2;3;36;1772
2;3;37;15426
2;3;38;1824
2;3;39;29266
2;3;40;33024
2;3;41;5126
2;3;42;8202
2;3;43;24180
2;3;44;30375
2;3;45;5682
2;3;46;33947
2;3;47;1517
2;3;48;32735
2;3;49;7315
2;3;50;1155
2;3;51;624
2;3;52;22825
2;3;53;557
2;3;54;31608
2;3;55;34374
2;3;56;31507
2;3;57;7472
2;3;58;4328
2;3;59;26373
2;3;60;4333
2;3;61;6527
2;3;62;26265
2;3;63;6912
2;3;64;30242
2;3;65;33954
2;3;66;4367
2;3;67;29204
2;3;68;24322
2;3;69;5553
2;3;70;23456
2;3;71;4153
2;3;72;1179
2;3;73;1599
2;3;74;1230
2;3;75;4736
2;3;76;31801
2;3;77;859
2;3;78;16093
2;3;79;17665
2;3;80;1731
2;3;81;7070
2;3;82;642
2;3;83;34424
2;3;84;701
2;3;85;508
2;3;86;7505
2;3;87;22483
2;3;88;23890
2;3;89;7374
2;3;90;34486
2;3;91;835
2;3;92;32168
2;3;93;7137
2;3;94;23037
2;3;95;162
2;3;96;930
2;3;97;1223
2;3;98;30382
2;3;99;844
2;3;100;1069
2;3;101;1085
2;3;102;934
2;3;103;850
2;3;104;808
2;3;105;29626
2;3;106;27137
2;3;107;3308
2;3;108;29175
2;3;109;919
2;3;110;34909
2;3;111;0
2;3;112;0
1;4;1;23728
1;4;2;31461
1;4;3;3205
1;4;4;8410
1;4;5;5224
1;4;6;26079
1;4;7;4969
1;4;8;24120
1;4;9;8141
1;4;10;6147
1;4;11;17907
1;4;12;4934
1;4;13;122
1;4;14;15760
1;4;15;7308
1;4;16;32285
1;4;17;5052
1;4;18;4766
1;4;19;2697
1;4;20;24125
1;4;21;25100
1;4;22;5146
1;4;23;5011
1;4;24;1751
1;4;25;5550
1;4;26;8414
1;4;27;8327
1;4;28;16607
1;4;29;338
1;4;30;4816
1;4;31;4895
1;4;32;30238
1;4;33;6272
1;4;34;1876
1;4;35;1875
1;4;36;16697
1;4;37;6136
1;4;38;26064
1;4;39;4970
1;4;40;33211
1;4;41;25969
1;4;42;5012
1;4;43;5159
1;4;44;1771
1;4;45;5166
1;4;46;23070
1;4;47;4956
1;4;48;4977
1;4;49;24078
1;4;50;7104
1;4;51;8361
1;4;52;27327
1;4;53;795
1;4;54;4986
1;4;55;875
1;4;56;32560
1;4;57;7371
1;4;58;24306
1;4;59;7355
1;4;60;887
1;4;61;909
1;4;62;21179
1;4;63;6129
1;4;64;969
1;4;65;7357
1;4;66;7359
1;4;67;32946
1;4;68;25920
1;4;69;562
1;4;70;1934
1;4;71;26046
1;4;72;537
1;4;73;768
1;4;74;7714
1;4;75;6478
1;4;76;15674
1;4;77;34650
1;4;78;34646
1;4;79;23726
1;4;80;1017
1;4;81;1067
1;4;82;31188
1;4;83;7011
1;4;84;5264
1;4;85;7730
1;4;86;573
1;4;87;0
1;4;88;33236
1;4;89;363
1;4;90;31020
1;4;91;2699
1;4;92;6498
1;4;93;4579
1;4;94;1726
1;4;95;15767
1;4;96;22184
1;4;97;4825
1;4;98;406
1;4;99;30730
1;4;100;1212
1;4;101;28784
1;4;102;114
1;4;103;26836
1;4;104;7492
1;4;105;32774
1;4;106;29032
1;4;107;16908
1;4;108;3219
1;4;109;26515
1;4;110;33686
1;4;111;4782
1;4;112;6771
1;4;113;28516
1;4;114;22704
1;4;115;16575
1;4;116;30026
1;4;117;27965
1;4;118;5209
1;4;119;15074
1;4;120;23596
1;4;121;21343
1;4;122;2500
1;4;123;25213
1;4;124;16919
1;4;125;20215
1;4;126;24043
1;4;127;6168
1;4;128;5232
1;4;129;33532
1;4;130;8418
1;4;131;6587
1;4;132;2091
1;4;133;7309
1;4;134;18872
1;4;135;4235
1;4;136;2100
1;4;137;1585
1;4;138;1903
1;4;139;4981
1;4;140;5038
1;4;141;32568
1;4;142;22296
1;4;143;4831
1;4;144;4775
1;4;145;5111
1;4;146;16580
1;4;147;20690
1;4;148;7941
1;4;149;6316
1;4;150;4985
1;4;151;28315
1;4;152;5204
1;4;153;5141
1;4;154;4773
1;4;155;5856
1;4;156;34878
1;4;157;4992
1;4;158;4988
1;4;159;5929
1;4;160;5128
1;4;161;5097
1;4;162;8244
1;4;163;1758
1;4;164;5407
1;4;165;5189
1;4;166;5092
1;4;167;5362
1;4;168;1728
1;4;169;2316
1;4;170;29509
1;4;171;4753
1;4;172;895
1;4;173;4350
1;4;174;5005
1;4;175;5015
1;4;176;15458
1;4;177;4879
1;4;178;4958
1;4;179;5010
1;4;180;18
1;4;181;5004
1;4;182;4875
1;4;183;5017
1;4;184;4763
1;4;185;5006
1;4;186;5018
1;4;187;6217
1;4;188;7211
1;4;189;7953
1;4;190;31279
1;4;191;30969
1;4;192;1727
1;4;193;7740
1;4;194;2306
1;4;195;2707
1;4;196;6888
1;4;197;4748
1;4;198;0
2;4;1;0
2;4;2;34762
2;4;3;1669
2;4;4;32109
2;4;5;20412
2;4;6;817
2;4;7;27692
2;4;8;7720
2;4;9;4487
2;4;10;7646
2;4;11;812
2;4;12;956
2;4;13;33996
2;4;14;2741
2;4;15;21094
2;4;16;8971
2;4;17;29975
2;4;18;2483
2;4;19;32079
2;4;20;2241
2;4;21;33002
2;4;22;5792
2;4;23;1084
2;4;24;15945
2;4;25;1247
2;4;26;1246
2;4;27;28007
2;4;28;30825
2;4;29;31156
2;4;30;1506
2;4;31;1273
2;4;32;2939
2;4;33;34366
2;4;34;851
2;4;35;6654
2;4;36;2516
2;4;37;1268
2;4;38;5036
2;4;39;29893
2;4;40;1255
2;4;41;1066
2;4;42;24358
2;4;43;32973
2;4;44;34050
2;4;45;24046
2;4;46;24044
2;4;47;1264
2;4;48;785
2;4;49;1254
2;4;50;1334
2;4;51;891
2;4;52;3134
2;4;53;17541
2;4;54;24461
2;4;55;24294
2;4;56;31900
2;4;57;20963
2;4;58;5679
2;4;59;31904
2;4;60;1256
2;4;61;18006
2;4;62;22771
2;4;63;30383
2;4;64;29839
2;4;65;21297
2;4;66;16326
2;4;67;31136
2;4;68;29246
2;4;69;256
2;4;70;205
2;4;71;1924
2;4;72;24449
2;4;73;28517
2;4;74;1041
2;4;75;688
2;4;76;1068
2;4;77;1337
2;4;78;34611
2;4;79;6428
2;4;80;2346
2;4;81;32245
2;4;82;0
1;5;1;2191
1;5;2;2188
1;5;3;32776
1;5;4;19186
1;5;5;7226
1;5;6;28367
1;5;7;21589
1;5;8;18996
1;5;9;651
1;5;10;5927
1;5;11;32370
1;5;12;32261
1;5;13;5773
1;5;14;31750
1;5;15;23590
1;5;16;30440
1;5;17;34343
1;5;18;26317
1;5;19;31025
1;5;20;882
1;5;21;778
1;5;22;3141
1;5;23;1280
1;5;24;25465
1;5;25;21300
1;5;26;8331
1;5;27;22147
1;5;28;20255
1;5;29;1278
1;5;30;5793
1;5;31;7814
1;5;32;1774
1;5;33;4631
1;5;34;892
1;5;35;4907
1;5;36;31661
1;5;37;31658
1;5;38;31663
1;5;39;0
1;5;40;7774
1;5;41;4842
1;5;42;2839
1;5;43;1594
1;5;44;34672
1;5;45;28495
1;5;46;28899
1;5;47;33666
1;5;48;4878
1;5;49;30164
1;5;50;24389
1;5;51;7424
1;5;52;960
1;5;53;5473
1;5;54;23880
1;5;55;23990
1;5;56;7083
1;5;57;4088
1;5;58;1584
1;5;59;3333
1;5;60;7133
1;5;61;33904
1;5;62;766
1;5;63;6169
1;5;64;6863
1;5;65;2593
1;5;66;29744
1;5;67;4454
1;5;68;28198
1;5;69;1018
1;5;70;8333
1;5;71;3322
1;5;72;5344
1;5;73;28702
1;5;74;885
1;5;75;23621
1;5;76;1331
1;5;77;753
1;5;78;18283
1;5;79;1178
1;5;80;28022
1;5;81;34684
1;5;82;32681
1;5;83;8316
1;5;84;34111
1;5;85;5532
1;5;86;32386
1;5;87;6064
1;5;88;577
1;5;89;8699
1;5;90;30075
1;5;91;3197
1;5;92;6274
1;5;93;19168
1;5;94;4359
1;5;95;23086
1;5;96;32245
1;5;97;33
1;5;98;5296
1;5;99;26558
1;5;100;2511
1;5;101;24042
1;5;102;395
1;5;103;25704
1;5;104;7184
1;5;105;16062
1;5;106;24229
1;5;107;1605
1;5;108;15958
1;5;109;14927
1;5;110;5297
1;5;111;0
2;5;1;25188
2;5;2;358
2;5;3;33346
2;5;4;3223
2;5;5;7161
2;5;6;3018
2;5;7;3349
2;5;8;8413
2;5;9;6887
2;5;10;4751
2;5;11;30229
2;5;12;4911
2;5;13;32102
2;5;14;1663
2;5;15;1181
2;5;16;8030
2;5;17;325
2;5;18;25908
2;5;19;30157
2;5;20;34544
2;5;21;1518
2;5;22;4319
2;5;23;883
2;5;24;789
2;5;25;1241
2;5;26;32096
2;5;27;18887
2;5;28;30149
2;5;29;29885
2;5;30;26401
2;5;31;20419
2;5;32;2714
2;5;33;23852
2;5;34;1957
2;5;35;25082
2;5;36;204
2;5;37;203
2;5;38;29931
2;5;39;31051
2;5;40;24119
2;5;41;25743
2;5;42;951
2;5;43;23982
2;5;44;7205
2;5;45;1005
2;5;46;4721
2;5;47;952
2;5;48;944
2;5;49;30934
2;5;50;3329
2;5;51;27934
2;5;52;945
2;5;53;1640
2;5;54;843
2;5;55;1010
2;5;56;1184
2;5;57;31027
2;5;58;27932
2;5;59;25649
2;5;60;946
2;5;61;33839
2;5;62;941
2;5;63;28546
2;5;64;25505
2;5;65;8409
2;5;66;24164
2;5;67;1526
2;5;68;34331
2;5;69;5185
2;5;70;984
2;5;71;26763
2;5;72;24590
2;5;73;846
2;5;74;949
2;5;75;23862
2;5;76;6813
2;5;77;32950
2;5;78;33306
2;5;79;33226
2;5;80;947
2;5;81;958
2;5;82;23876
2;5;83;959
2;5;84;890
2;5;85;32952
2;5;86;4340
2;5;87;2340
2;5;88;15093
2;5;89;2524
2;5;90;1200
2;5;91;24257
2;5;92;5576
2;5;93;993
2;5;94;981
2;5;95;33953
2;5;96;19950
2;5;97;4953
2;5;98;32746
2;5;99;5908
2;5;100;943
2;5;101;28987
2;5;102;28043
2;5;103;8669
2;5;104;964
2;5;105;644
2;5;106;597
2;5;107;942
2;5;108;0
2;5;109;0
