1;1;1;3223
1;1;2;361
1;1;3;34762
1;1;4;4878
1;1;5;30164
1;1;6;747
1;1;7;811
1;1;8;23955
1;1;9;21094
1;1;10;20533
1;1;11;32096
1;1;12;6260
1;1;13;2241
1;1;14;32079
1;1;15;3330
1;1;16;33002
1;1;17;5792
1;1;18;1084
1;1;19;1247
1;1;20;1246
1;1;21;28007
1;1;22;26190
1;1;23;31156
1;1;24;30825
1;1;25;1332
1;1;26;1272
1;1;27;8497
1;1;28;7371
1;1;29;16960
1;1;30;7357
1;1;31;7365
1;1;32;7359
1;1;33;24306
1;1;34;7355
1;1;35;7370
1;1;36;7372
1;1;37;730
1;1;38;32946
1;1;39;24528
1;1;40;7072
1;1;41;25776
1;1;42;526
1;1;43;34199
1;1;44;2862
1;1;45;27124
1;1;46;7618
1;1;47;8290
1;1;48;19375
1;1;49;15674
1;1;50;1583
1;1;51;32300
1;1;52;1324
1;1;53;7437
1;1;54;34593
1;1;55;32127
1;1;56;23795
1;1;57;7040
1;1;58;2259
1;1;59;28061
1;1;60;2212
1;1;61;5303
1;1;62;1720
1;1;63;15631
1;1;64;33976
1;1;65;30411
1;1;66;538
1;1;67;30815
1;1;68;5229
1;1;69;8234
1;1;70;23726
1;1;71;34650
1;1;72;34646
1;1;73;7316
1;1;74;8201
1;1;75;6955
1;1;76;26046
1;1;77;0
1;1;78;0
2;1;1;33236
2;1;2;4734
2;1;3;2688
2;1;4;23728
2;1;5;5878
2;1;6;996
2;1;7;24118
2;1;8;33104
2;1;9;7753
2;1;10;16132
2;1;11;1040
2;1;12;25745
2;1;13;34669
2;1;14;16759
2;1;15;30824
2;1;16;7980
2;1;17;34612
2;1;18;15180
2;1;19;31152
2;1;20;24389
2;1;21;32109
2;1;22;31323
2;1;23;1043
2;1;24;7709
2;1;25;8584
2;1;26;8272
2;1;27;32694
2;1;28;7694
2;1;29;20328
2;1;30;2741
2;1;31;956
2;1;32;7646
2;1;33;8233
2;1;34;8033
2;1;35;32168
2;1;36;7979
2;1;37;33827
2;1;38;1335
2;1;39;697
2;1;40;1278
2;1;41;5036
2;1;42;1268
2;1;43;1255
2;1;44;1269
2;1;45;8331
2;1;46;22147
2;1;47;1280
2;1;48;25465
2;1;49;21300
2;1;50;31136
2;1;51;16326
2;1;52;256
2;1;53;29246
2;1;54;205
2;1;55;2094
2;1;56;29839
2;1;57;21297
2;1;58;778
2;1;59;1041
2;1;60;24822
2;1;61;19441
2;1;62;6270
2;1;63;20844
2;1;64;3209
2;1;65;6181
2;1;66;25543
2;1;67;33951
2;1;68;6321
2;1;69;4318
2;1;70;18963
2;1;71;24330
2;1;72;0
2;1;73;33666
2;1;74;4845
2;1;75;2091
2;1;76;4800
2;1;77;33532
2;1;78;8418
2;1;79;5232
2;1;80;6587
2;1;81;892
2;1;82;4851
2;1;83;4852
2;1;84;31661
2;1;85;6503
2;1;86;31658
2;1;87;5542
2;1;88;31663
2;1;89;32823
2;1;90;5131
2;1;91;26241
2;1;92;6315
2;1;93;2184
2;1;94;3292
2;1;95;4935
2;1;96;2682
2;1;97;34458
2;1;98;2627
2;1;99;32889
2;1;100;28825
2;1;101;4910
2;1;102;2949
2;1;103;4987
2;1;104;6286
2;1;105;4750
2;1;106;8410
2;1;107;4994
2;1;108;2353
2;1;109;19987
2;1;110;5224
2;1;111;34910
2;1;112;26079
2;1;113;5010
2;1;114;18
2;1;115;4844
2;1;116;1407
2;1;117;6809
2;1;118;5018
2;1;119;6217
2;1;120;7953
2;1;121;4969
2;1;122;4780
2;1;123;2539
2;1;124;5888
2;1;125;7211
2;1;126;28819
2;1;127;24120
2;1;128;3003
2;1;129;5012
2;1;130;122
2;1;131;33211
2;1;132;4752
2;1;133;34219
2;1;134;32559
2;1;135;4783
2;1;136;1739
2;1;137;7541
2;1;138;6603
2;1;139;4766
2;1;140;31548
2;1;141;5351
2;1;142;19697
2;1;143;25678
2;1;144;7308
2;1;145;2300
2;1;146;5201
2;1;147;4804
2;1;148;20010
2;1;149;4796
2;1;150;7740
2;1;151;1727
2;1;152;2306
2;1;153;2707
2;1;154;2757
2;1;155;1745
2;1;156;6888
2;1;157;1764
2;1;158;1805
2;1;159;1734
2;1;160;30370
2;1;161;4798
2;1;162;34679
2;1;163;1732
2;1;164;4978
2;1;165;4763
2;1;166;5006
2;1;167;27613
2;1;168;24162
2;1;169;4740
2;1;170;5055
2;1;171;1758
2;1;172;5407
2;1;173;4988
2;1;174;4992
2;1;175;0
1;2;1;7774
1;2;2;4524
1;2;3;31485
1;2;4;7706
1;2;5;25586
1;2;6;19770
1;2;7;950
1;2;8;948
1;2;9;31047
1;2;10;29973
1;2;11;30758
1;2;12;33740
1;2;13;17439
1;2;14;9016
1;2;15;30199
1;2;16;5298
1;2;17;31905
1;2;18;941
1;2;19;18715
1;2;20;696
1;2;21;29911
1;2;22;28546
1;2;23;3115
1;2;24;25505
1;2;25;8409
1;2;26;6094
1;2;27;1139
1;2;28;810
1;2;29;24163
1;2;30;809
1;2;31;21064
1;2;32;3238
1;2;33;4334
1;2;34;1566
1;2;35;27934
1;2;36;18716
1;2;37;16472
1;2;38;865
1;2;39;22341
1;2;40;27932
1;2;41;29943
1;2;42;30352
1;2;43;34197
1;2;44;30186
1;2;45;30160
1;2;46;30351
1;2;47;30243
1;2;48;30218
1;2;49;34825
1;2;50;30190
1;2;51;33003
1;2;52;32949
1;2;53;31189
1;2;54;940
1;2;55;23988
1;2;56;8369
1;2;57;32950
1;2;58;32985
1;2;59;1008
1;2;60;658
1;2;61;927
1;2;62;33226
1;2;63;33306
1;2;64;29598
1;2;65;9490
1;2;66;8444
1;2;67;33
1;2;68;32245
1;2;69;31750
1;2;70;23590
1;2;71;17733
1;2;72;16067
1;2;73;14927
1;2;74;27958
1;2;75;6895
1;2;76;143
1;2;77;1228
1;2;78;16661
1;2;79;23160
1;2;80;18720
1;2;81;33070
1;2;82;32711
1;2;83;1603
1;2;84;34504
1;2;85;1590
1;2;86;3045
1;2;87;0
1;2;88;4926
1;2;89;32813
1;2;90;34582
1;2;91;4814
1;2;92;4858
1;2;93;29175
1;2;94;1188
1;2;95;839
1;2;96;1602
1;2;97;1012
1;2;98;32895
1;2;99;30165
1;2;100;8131
1;2;101;1221
1;2;102;27365
1;2;103;23922
1;2;104;7097
1;2;105;31483
1;2;106;30657
1;2;107;7430
1;2;108;4337
1;2;109;1213
1;2;110;783
1;2;111;7791
1;2;112;33840
1;2;113;25584
1;2;114;2652
1;2;115;1063
1;2;116;33781
1;2;117;1007
1;2;118;571
1;2;119;1000
1;2;120;23110
1;2;121;7237
1;2;122;622
1;2;123;25262
1;2;124;6248
1;2;125;4354
1;2;126;2740
1;2;127;1517
1;2;128;573
1;2;129;537
1;2;130;449
1;2;131;620
1;2;132;552
1;2;133;25248
1;2;134;32562
1;2;135;767
1;2;136;2188
1;2;137;2191
1;2;138;0
2;2;1;972
2;2;2;4234
2;2;3;31183
2;2;4;22751
2;2;5;4201
2;2;6;34814
2;2;7;936
2;2;8;29342
2;2;9;881
2;2;10;1065
2;2;11;1015
2;2;12;8363
2;2;13;1064
2;2;14;7747
2;2;15;31151
2;2;16;30812
2;2;17;24882
2;2;18;2456
2;2;19;6828
2;2;20;3348
2;2;21;5882
2;2;22;733
2;2;23;18837
2;2;24;835
2;2;25;7374
2;2;26;1522
2;2;27;3333
2;2;28;1584
2;2;29;16093
2;2;30;17665
2;2;31;1731
2;2;32;7070
2;2;33;642
2;2;34;701
2;2;35;817
2;2;36;508
2;2;37;7505
2;2;38;4487
2;2;39;23890
2;2;40;29087
2;2;41;34486
2;2;42;25341
2;2;43;8269
2;2;44;5970
2;2;45;7137
2;2;46;23037
2;2;47;26070
2;2;48;804
2;2;49;15265
2;2;50;3357
2;2;51;853
2;2;52;6139
2;2;53;4358
2;2;54;23702
2;2;55;3295
2;2;56;997
2;2;57;23391
2;2;58;1174
2;2;59;141
2;2;60;574
2;2;61;550
2;2;62;23155
2;2;63;572
2;2;64;32876
2;2;65;33206
2;2;66;7714
2;2;67;6478
2;2;68;584
2;2;69;768
2;2;70;7314
2;2;71;5682
2;2;72;30375
2;2;73;25920
2;2;74;19473
2;2;75;1774
2;2;76;30872
2;2;77;27189
2;2;78;908
2;2;79;907
2;2;80;32538
2;2;81;4815
2;2;82;5080
2;2;83;6010
2;2;84;8413
2;2;85;325
2;2;86;33024
2;2;87;4977
2;2;88;4751
2;2;89;5729
2;2;90;29730
2;2;91;5056
2;2;92;22171
2;2;93;28289
2;2;94;5116
2;2;95;19377
2;2;96;1959
2;2;97;7480
2;2;98;34121
2;2;99;5039
2;2;100;25860
2;2;101;1995
2;2;102;1888
2;2;103;5093
2;2;104;30875
2;2;105;17262
2;2;106;3046
2;2;107;21701
2;2;108;25195
2;2;109;21276
2;2;110;21807
2;2;111;5221
2;2;112;31023
2;2;113;33425
2;2;114;20621
2;2;115;5788
2;2;116;0
2;2;117;0
1;3;1;33666
1;3;2;4749
1;3;3;20512
1;3;4;2680
1;3;5;8361
1;3;6;820
1;3;7;2832
1;3;8;5114
1;3;9;5048
1;3;10;1601
1;3;11;8319
1;3;12;5190
1;3;13;4857
1;3;14;4824
1;3;15;29035
1;3;16;30528
1;3;17;5140
1;3;18;4957
1;3;19;5832
1;3;20;28125
1;3;21;5058
1;3;22;8412
1;3;23;29250
1;3;24;4772
1;3;25;2334
1;3;26;19087
1;3;27;4991
1;3;28;6359
1;3;29;19155
1;3;30;5061
1;3;31;5109
1;3;32;5144
1;3;33;5152
1;3;34;4608
1;3;35;5571
1;3;36;5107
1;3;37;5983
1;3;38;4945
1;3;39;5239
1;3;40;5175
1;3;41;5176
1;3;42;4955
1;3;43;5170
1;3;44;5105
1;3;45;15487
1;3;46;6395
1;3;47;4801
1;3;48;8211
1;3;49;8368
1;3;50;1625
1;3;51;15272
1;3;52;19546
1;3;53;30809
1;3;54;20231
1;3;55;0
1;3;56;31020
1;3;57;358
1;3;58;28899
1;3;59;21335
1;3;60;1854
1;3;61;8365
1;3;62;23810
1;3;63;4767
1;3;64;21967
1;3;65;19836
1;3;66;31267
1;3;67;4746
1;3;68;603
1;3;69;4950
1;3;70;3140
1;3;71;5063
1;3;72;31663
1;3;73;31658
1;3;74;31661
1;3;75;4829
1;3;76;5205
1;3;77;4823
1;3;78;4949
1;3;79;4774
1;3;80;7617
1;3;81;6340
1;3;82;6168
1;3;83;317
1;3;84;33203
1;3;85;5053
1;3;86;4631
1;3;87;27327
1;3;88;795
1;3;89;1374
1;3;90;5139
1;3;91;7610
1;3;92;29647
1;3;93;26243
1;3;94;18835
1;3;95;14930
1;3;96;26414
1;3;97;27465
1;3;98;24047
1;3;99;868
1;3;100;22253
1;3;101;1336
1;3;102;23106
1;3;103;24705
1;3;104;29885
1;3;105;933
1;3;106;1211
1;3;107;30365
1;3;108;26706
1;3;109;24295
1;3;110;33926
1;3;111;26862
1;3;112;33162
1;3;113;1312
1;3;114;33985
1;3;115;5791
1;3;116;2728
1;3;117;24358
1;3;118;1267
1;3;119;1083
1;3;120;751
1;3;121;20453
1;3;122;20457
1;3;123;4357
1;3;124;1189
1;3;125;31833
1;3;126;17957
1;3;127;31517
1;3;128;30863
1;3;129;27158
1;3;130;17714
1;3;131;24229
1;3;132;33071
1;3;133;121
1;3;134;4576
1;3;135;29892
1;3;136;6322
1;3;137;8983
1;3;138;29399
1;3;139;29398
1;3;140;32245
1;3;141;33513
1;3;142;15031
1;3;143;28985
1;3;144;8942
1;3;145;2840
1;3;146;6759
1;3;147;8492
1;3;148;932
1;3;149;7867
1;3;150;6255
1;3;151;21147
1;3;152;33991
1;3;153;0
2;3;1;5202
2;3;2;17201
2;3;3;5219
2;3;4;6865
2;3;5;1772
2;3;6;1895
2;3;7;5049
2;3;8;2698
2;3;9;32601
2;3;10;4896
2;3;11;26054
2;3;12;4797
2;3;13;7300
2;3;14;1760
2;3;15;4838
2;3;16;15825
2;3;17;4903
2;3;18;5050
2;3;19;5127
2;3;20;5178
2;3;21;2697
2;3;22;898
2;3;23;5861
2;3;24;25100
2;3;25;34841
2;3;26;8327
2;3;27;16607
2;3;28;5564
2;3;29;5142
2;3;30;31913
2;3;31;6144
2;3;32;5082
2;3;33;30710
2;3;34;576
2;3;35;2314
2;3;36;29895
2;3;37;30968
2;3;38;32778
2;3;39;20793
2;3;40;4904
2;3;41;32606
2;3;42;2621
2;3;43;6249
2;3;44;22342
2;3;45;17095
2;3;46;15426
2;3;47;1824
2;3;48;29266
2;3;49;5636
2;3;50;6289
2;3;51;8607
2;3;52;8202
2;3;53;24180
2;3;54;624
2;3;55;22825
2;3;56;557
2;3;57;31608
2;3;58;34374
2;3;59;31507
2;3;60;7472
2;3;61;4328
2;3;62;26373
2;3;63;4333
2;3;64;6527
2;3;65;26265
2;3;66;3141
2;3;67;204
2;3;68;6912
2;3;69;29204
2;3;70;4367
2;3;71;33954
2;3;72;30242
2;3;73;24322
2;3;74;5553
2;3;75;23456
2;3;76;4153
2;3;77;753
2;3;78;1331
2;3;79;1599
2;3;80;1230
2;3;81;4736
2;3;82;859
2;3;83;31801
2;3;84;789
2;3;85;883
2;3;86;812
2;3;87;17379
2;3;88;31441
2;3;89;162
2;3;90;930
2;3;91;1223
2;3;92;30382
2;3;93;844
2;3;94;1069
2;3;95;1085
2;3;96;27137
2;3;97;29626
2;3;98;808
2;3;99;850
2;3;100;934
2;3;101;3308
2;3;102;27700
2;3;103;15911
2;3;104;19000
2;3;105;919
2;3;106;34909
2;3;107;0
2;3;108;0
1;4;1;33236
1;4;2;23728
1;4;3;31461
1;4;4;3205
1;4;5;29921
1;4;6;26079
1;4;7;5009
1;4;8;4884
1;4;9;24120
1;4;10;8141
1;4;11;6147
1;4;12;17907
1;4;13;4934
1;4;14;25969
1;4;15;7308
1;4;16;32285
1;4;17;5052
1;4;18;24125
1;4;19;5146
1;4;20;5011
1;4;21;1751
1;4;22;8414
1;4;23;5550
1;4;24;1826
1;4;25;4755
1;4;26;338
1;4;27;4816
1;4;28;4895
1;4;29;30238
1;4;30;6272
1;4;31;1876
1;4;32;1875
1;4;33;16697
1;4;34;6136
1;4;35;26064
1;4;36;4970
1;4;37;15760
1;4;38;30152
1;4;39;5159
1;4;40;1771
1;4;41;4748
1;4;42;5166
1;4;43;23070
1;4;44;4956
1;4;45;24078
1;4;46;3349
1;4;47;5804
1;4;48;4974
1;4;49;24021
1;4;50;4986
1;4;51;875
1;4;52;32560
1;4;53;7355
1;4;54;887
1;4;55;909
1;4;56;21179
1;4;57;6129
1;4;58;969
1;4;59;26248
1;4;60;7373
1;4;61;7357
1;4;62;24306
1;4;63;7359
1;4;64;31469
1;4;65;30814
1;4;66;15674
1;4;67;7477
1;4;68;34646
1;4;69;34650
1;4;70;23726
1;4;71;1017
1;4;72;1067
1;4;73;31188
1;4;74;7011
1;4;75;1155
1;4;76;7315
1;4;77;7730
1;4;78;5264
1;4;79;32735
1;4;80;33947
1;4;81;26046
1;4;82;1934
1;4;83;562
1;4;84;0
1;4;85;2699
1;4;86;6498
1;4;87;4579
1;4;88;1726
1;4;89;15767
1;4;90;22184
1;4;91;27965
1;4;92;5209
1;4;93;15074
1;4;94;16919
1;4;95;20215
1;4;96;32774
1;4;97;30730
1;4;98;16575
1;4;99;26836
1;4;100;28784
1;4;101;25213
1;4;102;4825
1;4;103;3219
1;4;104;7492
1;4;105;33686
1;4;106;406
1;4;107;2500
1;4;108;24043
1;4;109;16908
1;4;110;4782
1;4;111;23596
1;4;112;6771
1;4;113;21343
1;4;114;114
1;4;115;22704
1;4;116;30026
1;4;117;28516
1;4;118;29032
1;4;119;26515
1;4;120;1212
1;4;121;6587
1;4;122;7309
1;4;123;2100
1;4;124;4235
1;4;125;1585
1;4;126;18872
1;4;127;1903
1;4;128;7161
1;4;129;4981
1;4;130;5038
1;4;131;4831
1;4;132;22296
1;4;133;32568
1;4;134;4775
1;4;135;5111
1;4;136;28315
1;4;137;4985
1;4;138;16580
1;4;139;20690
1;4;140;7941
1;4;141;5204
1;4;142;6316
1;4;143;5141
1;4;144;4773
1;4;145;5856
1;4;146;8030
1;4;147;1663
1;4;148;5128
1;4;149;5929
1;4;150;5097
1;4;151;8244
1;4;152;5189
1;4;153;1728
1;4;154;5362
1;4;155;5092
1;4;156;29509
1;4;157;2316
1;4;158;15458
1;4;159;4350
1;4;160;5015
1;4;161;5005
1;4;162;895
1;4;163;4879
1;4;164;4753
1;4;165;4958
1;4;166;18
1;4;167;17969
1;4;168;5004
1;4;169;4875
1;4;170;5017
1;4;171;6224
1;4;172;4763
1;4;173;34739
1;4;174;31279
1;4;175;31898
1;4;176;6925
1;4;177;32702
1;4;178;7953
1;4;179;5339
1;4;180;15940
1;4;181;30969
1;4;182;2306
1;4;183;15142
1;4;184;5555
1;4;185;7740
1;4;186;1755
1;4;187;31679
1;4;188;0
2;4;1;0
2;4;2;5226
2;4;3;34762
2;4;4;34288
2;4;5;1303
2;4;6;1378
2;4;7;1669
2;4;8;32109
2;4;9;7424
2;4;10;960
2;4;11;8188
2;4;12;20412
2;4;13;34424
2;4;14;27692
2;4;15;7720
2;4;16;22483
2;4;17;7646
2;4;18;33996
2;4;19;7009
2;4;20;2741
2;4;21;21094
2;4;22;4088
2;4;23;8971
2;4;24;29975
2;4;25;2483
2;4;26;32079
2;4;27;1638
2;4;28;16673
2;4;29;1247
2;4;30;1246
2;4;31;18887
2;4;32;28007
2;4;33;31156
2;4;34;4618
2;4;35;1506
2;4;36;34366
2;4;37;1273
2;4;38;2939
2;4;39;851
2;4;40;6654
2;4;41;2516
2;4;42;5036
2;4;43;1268
2;4;44;30089
2;4;45;32864
2;4;46;1255
2;4;47;1066
2;4;48;1254
2;4;49;24044
2;4;50;24046
2;4;51;1264
2;4;52;785
2;4;53;34050
2;4;54;891
2;4;55;1334
2;4;56;3134
2;4;57;32973
2;4;58;17541
2;4;59;31904
2;4;60;31900
2;4;61;24294
2;4;62;24461
2;4;63;5679
2;4;64;1256
2;4;65;20963
2;4;66;18009
2;4;67;18006
2;4;68;30383
2;4;69;29839
2;4;70;22771
2;4;71;1957
2;4;72;25082
2;4;73;205
2;4;74;688
2;4;75;882
2;4;76;1337
2;4;77;31025
2;4;78;6428
2;4;79;2346
2;4;80;34611
2;4;81;32245
2;4;82;0
1;5;1;2188
1;5;2;2191
1;5;3;32776
1;5;4;19186
1;5;5;7226
1;5;6;28367
1;5;7;21589
1;5;8;18996
1;5;9;651
1;5;10;5927
1;5;11;6378
1;5;12;8435
1;5;13;32370
1;5;14;32261
1;5;15;5773
1;5;16;31750
1;5;17;27561
1;5;18;34343
1;5;19;30440
1;5;20;26317
1;5;21;1068
1;5;22;29893
1;5;23;20255
1;5;24;6360
1;5;25;31961
1;5;26;5793
1;5;27;7814
1;5;28;32809
1;5;29;28082
1;5;30;4907
1;5;31;31661
1;5;32;31658
1;5;33;31663
1;5;34;0
1;5;35;25188
1;5;36;2836
1;5;37;363
1;5;38;28495
1;5;39;4842
1;5;40;2839
1;5;41;34672
1;5;42;1594
1;5;43;7772
1;5;44;33666
1;5;45;5215
1;5;46;5037
1;5;47;661
1;5;48;18967
1;5;49;27100
1;5;50;880
1;5;51;5473
1;5;52;23880
1;5;53;23990
1;5;54;1013
1;5;55;34306
1;5;56;935
1;5;57;7083
1;5;58;33904
1;5;59;7133
1;5;60;766
1;5;61;6169
1;5;62;6863
1;5;63;2593
1;5;64;29744
1;5;65;28198
1;5;66;4454
1;5;67;1018
1;5;68;8333
1;5;69;3322
1;5;70;5344
1;5;71;28702
1;5;72;885
1;5;73;1179
1;5;74;23621
1;5;75;18283
1;5;76;1178
1;5;77;28022
1;5;78;34684
1;5;79;8316
1;5;80;32681
1;5;81;34111
1;5;82;5532
1;5;83;577
1;5;84;32386
1;5;85;6064
1;5;86;8699
1;5;87;30075
1;5;88;3197
1;5;89;4359
1;5;90;6274
1;5;91;19168
1;5;92;23086
1;5;93;32245
1;5;94;33
1;5;95;26558
1;5;96;5296
1;5;97;2511
1;5;98;24042
1;5;99;395
1;5;100;25704
1;5;101;7184
1;5;102;16062
1;5;103;5794
1;5;104;1605
1;5;105;15958
1;5;106;14927
1;5;107;5297
1;5;108;0
2;5;1;33346
2;5;2;30229
2;5;3;32102
2;5;4;4911
2;5;5;5787
2;5;6;6887
2;5;7;1181
2;5;8;34878
2;5;9;5126
2;5;10;7104
2;5;11;3018
2;5;12;33849
2;5;13;25908
2;5;14;30157
2;5;15;34544
2;5;16;1518
2;5;17;4319
2;5;18;1241
2;5;19;31588
2;5;20;4779
2;5;21;15945
2;5;22;836
2;5;23;30149
2;5;24;26401
2;5;25;20419
2;5;26;2714
2;5;27;23852
2;5;28;15168
2;5;29;1924
2;5;30;28517
2;5;31;24449
2;5;32;203
2;5;33;29931
2;5;34;31051
2;5;35;951
2;5;36;25743
2;5;37;23982
2;5;38;1005
2;5;39;7205
2;5;40;4721
2;5;41;952
2;5;42;944
2;5;43;30934
2;5;44;3329
2;5;45;27934
2;5;46;945
2;5;47;1640
2;5;48;843
2;5;49;1010
2;5;50;1184
2;5;51;31027
2;5;52;27932
2;5;53;33318
2;5;54;25649
2;5;55;946
2;5;56;33839
2;5;57;962
2;5;58;28546
2;5;59;24164
2;5;60;1526
2;5;61;34331
2;5;62;5185
2;5;63;26763
2;5;64;24590
2;5;65;846
2;5;66;984
2;5;67;949
2;5;68;21839
2;5;69;23862
2;5;70;5762
2;5;71;6813
2;5;72;4881
2;5;73;33306
2;5;74;33226
2;5;75;947
2;5;76;890
2;5;77;959
2;5;78;23876
2;5;79;958
2;5;80;34389
2;5;81;32952
2;5;82;8669
2;5;83;4340
2;5;84;2340
2;5;85;15093
2;5;86;2524
2;5;87;1200
2;5;88;24257
2;5;89;5576
2;5;90;993
2;5;91;19950
2;5;92;33953
2;5;93;981
2;5;94;4953
2;5;95;32746
2;5;96;943
2;5;97;5908
2;5;98;28043
2;5;99;28987
2;5;100;24119
2;5;101;964
2;5;102;644
2;5;103;597
2;5;104;942
2;5;105;0
2;5;106;0
