1;1;1;34762
1;1;2;34288
1;1;3;30164
1;1;4;747
1;1;5;811
1;1;6;23955
1;1;7;21094
1;1;8;20533
1;1;9;32096
1;1;10;32079
1;1;11;2241
1;1;12;33002
1;1;13;16673
1;1;14;1246
1;1;15;1247
1;1;16;15945
1;1;17;28007
1;1;18;31156
1;1;19;30825
1;1;20;1332
1;1;21;1272
1;1;22;8497
1;1;23;26248
1;1;24;7372
1;1;25;16960
1;1;26;7355
1;1;27;7373
1;1;28;7359
1;1;29;7370
1;1;30;7365
1;1;31;7371
1;1;32;7357
1;1;33;24306
1;1;34;32946
1;1;35;24528
1;1;36;8290
1;1;37;7618
1;1;38;15674
1;1;39;19375
1;1;40;32300
1;1;41;1583
1;1;42;25776
1;1;43;538
1;1;44;1324
1;1;45;526
1;1;46;30815
1;1;47;34199
1;1;48;2862
1;1;49;7437
1;1;50;1720
1;1;51;15631
1;1;52;7040
1;1;53;2259
1;1;54;28061
1;1;55;32127
1;1;56;34593
1;1;57;5303
1;1;58;2212
1;1;59;23795
1;1;60;33976
1;1;61;30411
1;1;62;30814
1;1;63;8234
1;1;64;5229
1;1;65;23726
1;1;66;34650
1;1;67;34646
1;1;68;7477
1;1;69;8201
1;1;70;7316
1;1;71;25262
1;1;72;622
1;1;73;4354
1;1;74;7237
1;1;75;6248
1;1;76;2740
1;1;77;26046
1;1;78;0
1;1;79;0
2;1;1;23728
2;1;2;5215
2;1;3;5878
2;1;4;996
2;1;5;24118
2;1;6;33104
2;1;7;7753
2;1;8;16132
2;1;9;25745
2;1;10;1040
2;1;11;34669
2;1;12;16759
2;1;13;30824
2;1;14;7980
2;1;15;15180
2;1;16;34612
2;1;17;31152
2;1;18;1669
2;1;19;32109
2;1;20;27100
2;1;21;31323
2;1;22;1043
2;1;23;7709
2;1;24;8584
2;1;25;8272
2;1;26;32694
2;1;27;7694
2;1;28;20328
2;1;29;2741
2;1;30;7009
2;1;31;7646
2;1;32;8233
2;1;33;8033
2;1;34;33827
2;1;35;1335
2;1;36;697
2;1;37;31961
2;1;38;20255
2;1;39;5036
2;1;40;1268
2;1;41;1255
2;1;42;1267
2;1;43;1269
2;1;44;22147
2;1;45;25465
2;1;46;1280
2;1;47;31136
2;1;48;16326
2;1;49;256
2;1;50;29246
2;1;51;205
2;1;52;29839
2;1;53;2094
2;1;54;21297
2;1;55;24449
2;1;56;688
2;1;57;24822
2;1;58;19441
2;1;59;20844
2;1;60;3209
2;1;61;6270
2;1;62;6181
2;1;63;25543
2;1;64;33951
2;1;65;4318
2;1;66;6321
2;1;67;24330
2;1;68;18963
2;1;69;0
2;1;70;33236
2;1;71;33666
2;1;72;1374
2;1;73;5232
2;1;74;2091
2;1;75;8418
2;1;76;33532
2;1;77;4800
2;1;78;6587
2;1;79;892
2;1;80;4907
2;1;81;4851
2;1;82;31658
2;1;83;31661
2;1;84;31663
2;1;85;6503
2;1;86;32823
2;1;87;4852
2;1;88;26241
2;1;89;34458
2;1;90;4935
2;1;91;3292
2;1;92;2682
2;1;93;2184
2;1;94;6315
2;1;95;2627
2;1;96;32889
2;1;97;28825
2;1;98;4910
2;1;99;2949
2;1;100;4987
2;1;101;6286
2;1;102;4750
2;1;103;19987
2;1;104;2353
2;1;105;4994
2;1;106;4958
2;1;107;34910
2;1;108;26079
2;1;109;18
2;1;110;5004
2;1;111;6809
2;1;112;5018
2;1;113;31898
2;1;114;4884
2;1;115;4969
2;1;116;34739
2;1;117;7953
2;1;118;4780
2;1;119;7211
2;1;120;31279
2;1;121;32702
2;1;122;2539
2;1;123;6217
2;1;124;5888
2;1;125;24120
2;1;126;3003
2;1;127;5012
2;1;128;122
2;1;129;33211
2;1;130;34219
2;1;131;4752
2;1;132;32559
2;1;133;4783
2;1;134;1739
2;1;135;6603
2;1;136;7541
2;1;137;4766
2;1;138;15825
2;1;139;5351
2;1;140;25678
2;1;141;7308
2;1;142;2300
2;1;143;5201
2;1;144;4804
2;1;145;20010
2;1;146;4796
2;1;147;5555
2;1;148;1745
2;1;149;1734
2;1;150;7740
2;1;151;2306
2;1;152;15142
2;1;153;2707
2;1;154;1805
2;1;155;2757
2;1;156;1755
2;1;157;1727
2;1;158;30969
2;1;159;4798
2;1;160;34679
2;1;161;1732
2;1;162;4763
2;1;163;5006
2;1;164;5055
2;1;165;4740
2;1;166;1758
2;1;167;5407
2;1;168;4988
2;1;169;4992
2;1;170;0
1;2;1;31020
1;2;2;7774
1;2;3;4524
1;2;4;31485
1;2;5;7706
1;2;6;25586
1;2;7;19770
1;2;8;948
1;2;9;950
1;2;10;949
1;2;11;23862
1;2;12;21839
1;2;13;6813
1;2;14;31047
1;2;15;9016
1;2;16;30758
1;2;17;33740
1;2;18;29973
1;2;19;17439
1;2;20;30199
1;2;21;5298
1;2;22;31905
1;2;23;962
1;2;24;18715
1;2;25;696
1;2;26;29911
1;2;27;28546
1;2;28;25505
1;2;29;8409
1;2;30;6094
1;2;31;1139
1;2;32;810
1;2;33;24163
1;2;34;809
1;2;35;21064
1;2;36;3238
1;2;37;4334
1;2;38;1566
1;2;39;27934
1;2;40;18716
1;2;41;16472
1;2;42;865
1;2;43;22341
1;2;44;27932
1;2;45;29943
1;2;46;34197
1;2;47;30186
1;2;48;30160
1;2;49;30351
1;2;50;30352
1;2;51;30243
1;2;52;30218
1;2;53;34825
1;2;54;30190
1;2;55;33003
1;2;56;32949
1;2;57;31189
1;2;58;940
1;2;59;23988
1;2;60;8369
1;2;61;32950
1;2;62;33306
1;2;63;33226
1;2;64;29598
1;2;65;9490
1;2;66;8444
1;2;67;33
1;2;68;32245
1;2;69;31750
1;2;70;5794
1;2;71;27561
1;2;72;17733
1;2;73;16067
1;2;74;14927
1;2;75;15958
1;2;76;27958
1;2;77;6895
1;2;78;143
1;2;79;1228
1;2;80;23160
1;2;81;16661
1;2;82;18720
1;2;83;33070
1;2;84;32711
1;2;85;1603
1;2;86;34504
1;2;87;1590
1;2;88;3045
1;2;89;0
1;2;90;32813
1;2;91;4926
1;2;92;34582
1;2;93;4814
1;2;94;5037
1;2;95;5139
1;2;96;1188
1;2;97;15911
1;2;98;27700
1;2;99;1602
1;2;100;30165
1;2;101;1221
1;2;102;32895
1;2;103;8131
1;2;104;1012
1;2;105;27365
1;2;106;23922
1;2;107;7097
1;2;108;31483
1;2;109;30657
1;2;110;7430
1;2;111;4337
1;2;112;1213
1;2;113;783
1;2;114;7791
1;2;115;33840
1;2;116;33781
1;2;117;2652
1;2;118;1063
1;2;119;25584
1;2;120;1007
1;2;121;571
1;2;122;1000
1;2;123;550
1;2;124;23155
1;2;125;6478
1;2;126;7714
1;2;127;768
1;2;128;573
1;2;129;537
1;2;130;7314
1;2;131;449
1;2;132;620
1;2;133;25248
1;2;134;552
1;2;135;32562
1;2;136;767
1;2;137;2188
1;2;138;2191
1;2;139;0
2;2;1;29175
2;2;2;4234
2;2;3;31151
2;2;4;839
2;2;5;31183
2;2;6;4201
2;2;7;936
2;2;8;29342
2;2;9;22751
2;2;10;34814
2;2;11;881
2;2;12;1065
2;2;13;1015
2;2;14;1064
2;2;15;8363
2;2;16;7747
2;2;17;30812
2;2;18;24882
2;2;19;6828
2;2;20;2456
2;2;21;3348
2;2;22;5882
2;2;23;733
2;2;24;18837
2;2;25;32168
2;2;26;7374
2;2;27;1522
2;2;28;3333
2;2;29;1584
2;2;30;16093
2;2;31;17665
2;2;32;1731
2;2;33;7070
2;2;34;642
2;2;35;20412
2;2;36;701
2;2;37;34424
2;2;38;508
2;2;39;7505
2;2;40;4487
2;2;41;23890
2;2;42;29087
2;2;43;34486
2;2;44;25341
2;2;45;8269
2;2;46;7137
2;2;47;23037
2;2;48;7979
2;2;49;31441
2;2;50;5970
2;2;51;26070
2;2;52;804
2;2;53;15265
2;2;54;3357
2;2;55;6139
2;2;56;4358
2;2;57;853
2;2;58;23702
2;2;59;3295
2;2;60;997
2;2;61;1174
2;2;62;23391
2;2;63;141
2;2;64;574
2;2;65;32876
2;2;66;33206
2;2;67;572
2;2;68;584
2;2;69;23110
2;2;70;6955
2;2;71;33947
2;2;72;1934
2;2;73;562
2;2;74;730
2;2;75;19473
2;2;76;30872
2;2;77;908
2;2;78;907
2;2;79;27189
2;2;80;32538
2;2;81;4815
2;2;82;5080
2;2;83;8413
2;2;84;5636
2;2;85;4956
2;2;86;5729
2;2;87;5010
2;2;88;29730
2;2;89;4844
2;2;90;1407
2;2;91;22171
2;2;92;28289
2;2;93;5116
2;2;94;19377
2;2;95;1959
2;2;96;7480
2;2;97;34121
2;2;98;5039
2;2;99;1888
2;2;100;30875
2;2;101;5093
2;2;102;17262
2;2;103;1995
2;2;104;25860
2;2;105;21276
2;2;106;21807
2;2;107;3046
2;2;108;21701
2;2;109;25195
2;2;110;2314
2;2;111;20621
2;2;112;33425
2;2;113;31023
2;2;114;5221
2;2;115;0
2;2;116;0
1;3;1;4734
1;3;2;4749
1;3;3;1903
1;3;4;2680
1;3;5;20512
1;3;6;7161
1;3;7;3018
1;3;8;7104
1;3;9;820
1;3;10;5048
1;3;11;2832
1;3;12;5114
1;3;13;1601
1;3;14;8319
1;3;15;5190
1;3;16;4857
1;3;17;4824
1;3;18;29035
1;3;19;30528
1;3;20;4957
1;3;21;29250
1;3;22;8412
1;3;23;28125
1;3;24;5058
1;3;25;5832
1;3;26;4772
1;3;27;2334
1;3;28;19087
1;3;29;6359
1;3;30;4991
1;3;31;19155
1;3;32;5061
1;3;33;5109
1;3;34;5144
1;3;35;5571
1;3;36;4608
1;3;37;5152
1;3;38;5107
1;3;39;5140
1;3;40;5983
1;3;41;5239
1;3;42;5175
1;3;43;5176
1;3;44;4945
1;3;45;4955
1;3;46;5170
1;3;47;5105
1;3;48;15487
1;3;49;6395
1;3;50;4801
1;3;51;6010
1;3;52;20231
1;3;53;15272
1;3;54;1625
1;3;55;8368
1;3;56;19546
1;3;57;30809
1;3;58;0
1;3;59;33666
1;3;60;603
1;3;61;21967
1;3;62;19836
1;3;63;3140
1;3;64;4746
1;3;65;5063
1;3;66;31267
1;3;67;4950
1;3;68;4767
1;3;69;31658
1;3;70;31663
1;3;71;31661
1;3;72;5542
1;3;73;4829
1;3;74;5205
1;3;75;4823
1;3;76;4949
1;3;77;4774
1;3;78;6340
1;3;79;7617
1;3;80;23810
1;3;81;33203
1;3;82;317
1;3;83;5053
1;3;84;6168
1;3;85;8365
1;3;86;972
1;3;87;7610
1;3;88;29647
1;3;89;26243
1;3;90;18835
1;3;91;14930
1;3;92;26414
1;3;93;27465
1;3;94;24047
1;3;95;868
1;3;96;22253
1;3;97;1336
1;3;98;23106
1;3;99;18887
1;3;100;26190
1;3;101;933
1;3;102;1211
1;3;103;30365
1;3;104;26706
1;3;105;33926
1;3;106;24295
1;3;107;6360
1;3;108;33985
1;3;109;5791
1;3;110;2728
1;3;111;1066
1;3;112;24358
1;3;113;30089
1;3;114;32864
1;3;115;1083
1;3;116;751
1;3;117;20453
1;3;118;20457
1;3;119;4357
1;3;120;1189
1;3;121;31833
1;3;122;17957
1;3;123;31517
1;3;124;30863
1;3;125;27158
1;3;126;17714
1;3;127;24229
1;3;128;29892
1;3;129;33071
1;3;130;121
1;3;131;4576
1;3;132;6322
1;3;133;8983
1;3;134;29398
1;3;135;29399
1;3;136;32245
1;3;137;33513
1;3;138;15031
1;3;139;28985
1;3;140;8942
1;3;141;2840
1;3;142;6759
1;3;143;8492
1;3;144;7867
1;3;145;932
1;3;146;6255
1;3;147;21147
1;3;148;33991
1;3;149;0
2;3;1;1854
2;3;2;25188
2;3;3;5202
2;3;4;17201
2;3;5;5219
2;3;6;4797
2;3;7;5049
2;3;8;1895
2;3;9;4896
2;3;10;26054
2;3;11;2698
2;3;12;32601
2;3;13;7300
2;3;14;1760
2;3;15;4838
2;3;16;31548
2;3;17;4903
2;3;18;5050
2;3;19;5127
2;3;20;5178
2;3;21;2697
2;3;22;5861
2;3;23;34841
2;3;24;8327
2;3;25;16607
2;3;26;1876
2;3;27;5564
2;3;28;5142
2;3;29;31913
2;3;30;6144
2;3;31;5082
2;3;32;29895
2;3;33;30710
2;3;34;576
2;3;35;5788
2;3;36;30968
2;3;37;32778
2;3;38;20793
2;3;39;4904
2;3;40;32606
2;3;41;6249
2;3;42;2621
2;3;43;22342
2;3;44;6865
2;3;45;1772
2;3;46;17095
2;3;47;15426
2;3;48;1824
2;3;49;29266
2;3;50;33024
2;3;51;325
2;3;52;6289
2;3;53;33849
2;3;54;8607
2;3;55;8202
2;3;56;24180
2;3;57;624
2;3;58;22825
2;3;59;557
2;3;60;31608
2;3;61;34374
2;3;62;31507
2;3;63;7472
2;3;64;4328
2;3;65;26373
2;3;66;4333
2;3;67;6527
2;3;68;26265
2;3;69;3141
2;3;70;204
2;3;71;6912
2;3;72;29204
2;3;73;30242
2;3;74;33954
2;3;75;4367
2;3;76;24322
2;3;77;5553
2;3;78;23456
2;3;79;4153
2;3;80;753
2;3;81;1331
2;3;82;1599
2;3;83;1230
2;3;84;4736
2;3;85;859
2;3;86;31801
2;3;87;789
2;3;88;883
2;3;89;812
2;3;90;33996
2;3;91;17379
2;3;92;835
2;3;93;162
2;3;94;930
2;3;95;1223
2;3;96;30382
2;3;97;844
2;3;98;1085
2;3;99;1069
2;3;100;29626
2;3;101;27137
2;3;102;850
2;3;103;808
2;3;104;934
2;3;105;3308
2;3;106;661
2;3;107;34909
2;3;108;919
2;3;109;0
2;3;110;0
1;4;1;23728
1;4;2;31461
1;4;3;3205
1;4;4;29921
1;4;5;8410
1;4;6;5224
1;4;7;26079
1;4;8;5009
1;4;9;28819
1;4;10;24120
1;4;11;8141
1;4;12;6147
1;4;13;17907
1;4;14;4934
1;4;15;25969
1;4;16;7308
1;4;17;32285
1;4;18;5052
1;4;19;898
1;4;20;5146
1;4;21;25100
1;4;22;24125
1;4;23;5011
1;4;24;5550
1;4;25;8414
1;4;26;1751
1;4;27;1826
1;4;28;4755
1;4;29;338
1;4;30;4816
1;4;31;4895
1;4;32;30238
1;4;33;6272
1;4;34;1875
1;4;35;16697
1;4;36;6136
1;4;37;26064
1;4;38;4970
1;4;39;19697
1;4;40;15760
1;4;41;30152
1;4;42;5159
1;4;43;1771
1;4;44;4748
1;4;45;5166
1;4;46;23070
1;4;47;4751
1;4;48;24078
1;4;49;3349
1;4;50;5804
1;4;51;8361
1;4;52;27327
1;4;53;4631
1;4;54;4986
1;4;55;875
1;4;56;32560
1;4;57;24306
1;4;58;7359
1;4;59;909
1;4;60;969
1;4;61;21179
1;4;62;6129
1;4;63;887
1;4;64;7355
1;4;65;7357
1;4;66;31469
1;4;67;7072
1;4;68;27124
1;4;69;15674
1;4;70;34646
1;4;71;34650
1;4;72;23726
1;4;73;1017
1;4;74;1067
1;4;75;31188
1;4;76;7011
1;4;77;7315
1;4;78;1155
1;4;79;5264
1;4;80;7730
1;4;81;32735
1;4;82;1517
1;4;83;26046
1;4;84;5682
1;4;85;30375
1;4;86;25920
1;4;87;0
1;4;88;33236
1;4;89;21335
1;4;90;2699
1;4;91;6498
1;4;92;4579
1;4;93;1726
1;4;94;15767
1;4;95;22184
1;4;96;4782
1;4;97;22704
1;4;98;4825
1;4;99;30026
1;4;100;1212
1;4;101;30730
1;4;102;27965
1;4;103;114
1;4;104;29032
1;4;105;2500
1;4;106;16575
1;4;107;25213
1;4;108;26836
1;4;109;26515
1;4;110;20215
1;4;111;16908
1;4;112;7492
1;4;113;21343
1;4;114;23596
1;4;115;15074
1;4;116;33686
1;4;117;406
1;4;118;28516
1;4;119;6771
1;4;120;3219
1;4;121;24043
1;4;122;16919
1;4;123;28784
1;4;124;5209
1;4;125;32774
1;4;126;24021
1;4;127;6587
1;4;128;4845
1;4;129;18872
1;4;130;7309
1;4;131;4235
1;4;132;2100
1;4;133;1585
1;4;134;4974
1;4;135;5038
1;4;136;4981
1;4;137;4831
1;4;138;32568
1;4;139;22296
1;4;140;4775
1;4;141;5111
1;4;142;5141
1;4;143;5204
1;4;144;6316
1;4;145;16580
1;4;146;7941
1;4;147;20690
1;4;148;4985
1;4;149;28315
1;4;150;4773
1;4;151;5856
1;4;152;34878
1;4;153;4977
1;4;154;6887
1;4;155;1663
1;4;156;5128
1;4;157;5929
1;4;158;5097
1;4;159;8244
1;4;160;5189
1;4;161;5092
1;4;162;5362
1;4;163;1728
1;4;164;29509
1;4;165;2316
1;4;166;5015
1;4;167;895
1;4;168;4879
1;4;169;15458
1;4;170;5005
1;4;171;4350
1;4;172;4753
1;4;173;18
1;4;174;17969
1;4;175;5056
1;4;176;4875
1;4;177;5017
1;4;178;4978
1;4;179;6224
1;4;180;4763
1;4;181;27613
1;4;182;24162
1;4;183;7953
1;4;184;6925
1;4;185;5339
1;4;186;15940
1;4;187;31679
1;4;188;6888
1;4;189;1764
1;4;190;2306
1;4;191;7740
1;4;192;30370
1;4;193;0
2;4;1;0
2;4;2;358
2;4;3;5226
2;4;4;34762
2;4;5;4878
2;4;6;1303
2;4;7;1378
2;4;8;880
2;4;9;32109
2;4;10;7424
2;4;11;960
2;4;12;8188
2;4;13;817
2;4;14;27692
2;4;15;7720
2;4;16;22483
2;4;17;7646
2;4;18;956
2;4;19;2741
2;4;20;21094
2;4;21;8971
2;4;22;2483
2;4;23;29975
2;4;24;3330
2;4;25;32079
2;4;26;1638
2;4;27;5792
2;4;28;1084
2;4;29;1247
2;4;30;4779
2;4;31;1246
2;4;32;28007
2;4;33;29885
2;4;34;31156
2;4;35;851
2;4;36;34366
2;4;37;1273
2;4;38;2939
2;4;39;1506
2;4;40;4618
2;4;41;6654
2;4;42;2516
2;4;43;5036
2;4;44;1268
2;4;45;29893
2;4;46;1255
2;4;47;785
2;4;48;1264
2;4;49;24044
2;4;50;24046
2;4;51;891
2;4;52;3134
2;4;53;1254
2;4;54;34050
2;4;55;1334
2;4;56;17541
2;4;57;32973
2;4;58;31904
2;4;59;24461
2;4;60;1256
2;4;61;20963
2;4;62;31900
2;4;63;5679
2;4;64;24294
2;4;65;18009
2;4;66;18006
2;4;67;8331
2;4;68;25082
2;4;69;1957
2;4;70;205
2;4;71;29839
2;4;72;30383
2;4;73;22771
2;4;74;15168
2;4;75;1924
2;4;76;1041
2;4;77;1068
2;4;78;1337
2;4;79;6428
2;4;80;2346
2;4;81;34611
2;4;82;32245
2;4;83;0
1;5;1;363
1;5;2;2188
1;5;3;2191
1;5;4;32776
1;5;5;19186
1;5;6;7226
1;5;7;28367
1;5;8;21589
1;5;9;18996
1;5;10;651
1;5;11;5927
1;5;12;6378
1;5;13;8435
1;5;14;32370
1;5;15;32261
1;5;16;5773
1;5;17;31750
1;5;18;34343
1;5;19;30440
1;5;20;26317
1;5;21;31025
1;5;22;882
1;5;23;778
1;5;24;21300
1;5;25;1312
1;5;26;33162
1;5;27;26862
1;5;28;1278
1;5;29;5793
1;5;30;7814
1;5;31;1774
1;5;32;795
1;5;33;32809
1;5;34;28082
1;5;35;5131
1;5;36;31658
1;5;37;31661
1;5;38;31663
1;5;39;0
1;5;40;28495
1;5;41;34672
1;5;42;4842
1;5;43;2839
1;5;44;1594
1;5;45;7772
1;5;46;33346
1;5;47;28899
1;5;48;3223
1;5;49;33666
1;5;50;4858
1;5;51;19000
1;5;52;18967
1;5;53;24389
1;5;54;5473
1;5;55;23880
1;5;56;23990
1;5;57;34306
1;5;58;1013
1;5;59;935
1;5;60;7083
1;5;61;4088
1;5;62;33904
1;5;63;7133
1;5;64;766
1;5;65;6169
1;5;66;6863
1;5;67;2593
1;5;68;29744
1;5;69;28198
1;5;70;4454
1;5;71;1018
1;5;72;8333
1;5;73;3322
1;5;74;28702
1;5;75;5344
1;5;76;885
1;5;77;23621
1;5;78;1179
1;5;79;1178
1;5;80;18283
1;5;81;28022
1;5;82;34684
1;5;83;8316
1;5;84;32681
1;5;85;34111
1;5;86;5532
1;5;87;6064
1;5;88;32386
1;5;89;577
1;5;90;8699
1;5;91;30075
1;5;92;3197
1;5;93;6274
1;5;94;19168
1;5;95;4359
1;5;96;23086
1;5;97;32245
1;5;98;33
1;5;99;26558
1;5;100;2511
1;5;101;5296
1;5;102;24042
1;5;103;395
1;5;104;25704
1;5;105;7184
1;5;106;16062
1;5;107;23590
1;5;108;1605
1;5;109;14927
1;5;110;5297
1;5;111;0
2;5;1;2688
2;5;2;2836
2;5;3;361
2;5;4;30229
2;5;5;4911
2;5;6;32102
2;5;7;5787
2;5;8;1181
2;5;9;8030
2;5;10;5126
2;5;11;8211
2;5;12;25908
2;5;13;30157
2;5;14;34544
2;5;15;1518
2;5;16;4319
2;5;17;1241
2;5;18;6260
2;5;19;31588
2;5;20;24705
2;5;21;836
2;5;22;30149
2;5;23;26401
2;5;24;20419
2;5;25;2714
2;5;26;23852
2;5;27;28517
2;5;28;203
2;5;29;29931
2;5;30;31051
2;5;31;25743
2;5;32;951
2;5;33;7205
2;5;34;1005
2;5;35;23982
2;5;36;4721
2;5;37;952
2;5;38;944
2;5;39;30934
2;5;40;3329
2;5;41;27934
2;5;42;945
2;5;43;1640
2;5;44;843
2;5;45;1010
2;5;46;1184
2;5;47;31027
2;5;48;27932
2;5;49;33318
2;5;50;25649
2;5;51;33839
2;5;52;946
2;5;53;941
2;5;54;28546
2;5;55;3115
2;5;56;24164
2;5;57;1526
2;5;58;34331
2;5;59;5185
2;5;60;984
2;5;61;24590
2;5;62;26763
2;5;63;846
2;5;64;5762
2;5;65;4881
2;5;66;32985
2;5;67;1008
2;5;68;927
2;5;69;658
2;5;70;33226
2;5;71;33306
2;5;72;947
2;5;73;890
2;5;74;958
2;5;75;23876
2;5;76;959
2;5;77;34389
2;5;78;32952
2;5;79;28987
2;5;80;943
2;5;81;4340
2;5;82;2340
2;5;83;15093
2;5;84;2524
2;5;85;1200
2;5;86;24257
2;5;87;993
2;5;88;5576
2;5;89;19950
2;5;90;33953
2;5;91;981
2;5;92;4953
2;5;93;32746
2;5;94;5908
2;5;95;28043
2;5;96;8669
2;5;97;964
2;5;98;24119
2;5;99;644
2;5;100;597
2;5;101;942
2;5;102;0
2;5;103;0
