1;1;1;23728
1;1;2;31461
1;1;3;5202
1;1;4;17201
1;1;5;3205
1;1;6;29921
1;1;7;8030
1;1;8;3349
1;1;9;3018
1;1;10;8361
1;1;11;20512
1;1;12;2680
1;1;13;8418
1;1;14;6587
1;1;15;8365
1;1;16;34762
1;1;17;34288
1;1;18;1303
1;1;19;747
1;1;20;811
1;1;21;23955
1;1;22;21094
1;1;23;7133
1;1;24;8971
1;1;25;29975
1;1;26;32079
1;1;27;3330
1;1;28;5792
1;1;29;1246
1;1;30;1247
1;1;31;28007
1;1;32;31156
1;1;33;2516
1;1;34;1268
1;1;35;5036
1;1;36;29893
1;1;37;205
1;1;38;24322
1;1;39;33954
1;1;40;4367
1;1;41;30242
1;1;42;6912
1;1;43;29204
1;1;44;256
1;1;45;29246
1;1;46;15168
1;1;47;1924
1;1;48;24449
1;1;49;29839
1;1;50;22771
1;1;51;18006
1;1;52;1255
1;1;53;853
1;1;54;4358
1;1;55;7472
1;1;56;31507
1;1;57;572
1;1;58;15674
1;1;59;34650
1;1;60;34646
1;1;61;23726
1;1;62;1017
1;1;63;1067
1;1;64;7011
1;1;65;31188
1;1;66;7730
1;1;67;26046
1;1;68;0
1;1;69;0
2;1;1;33236
2;1;2;33346
2;1;3;33666
2;1;4;24021
2;1;5;19836
2;1;6;31267
2;1;7;5063
2;1;8;4950
2;1;9;4767
2;1;10;4746
2;1;11;3140
2;1;12;603
2;1;13;21967
2;1;14;31661
2;1;15;5542
2;1;16;31658
2;1;17;31663
2;1;18;4852
2;1;19;28082
2;1;20;32809
2;1;21;27327
2;1;22;795
2;1;23;5053
2;1;24;7814
2;1;25;7355
2;1;26;24306
2;1;27;26248
2;1;28;7373
2;1;29;7357
2;1;30;7359
2;1;31;908
2;1;32;907
2;1;33;27189
2;1;34;32538
2;1;35;30872
2;1;36;1774
2;1;37;5970
2;1;38;7137
2;1;39;7979
2;1;40;31441
2;1;41;23037
2;1;42;835
2;1;43;8033
2;1;44;8233
2;1;45;7646
2;1;46;7009
2;1;47;33996
2;1;48;956
2;1;49;1522
2;1;50;4088
2;1;51;1584
2;1;52;3333
2;1;53;2741
2;1;54;20328
2;1;55;7694
2;1;56;32694
2;1;57;8272
2;1;58;8584
2;1;59;7709
2;1;60;1043
2;1;61;8188
2;1;62;31323
2;1;63;32109
2;1;64;0
2;1;65;7774
2;1;66;32889
2;1;67;28825
2;1;68;5788
2;1;69;30968
2;1;70;32778
2;1;71;20793
2;1;72;4904
2;1;73;29895
2;1;74;5221
2;1;75;31023
2;1;76;33425
2;1;77;20621
2;1;78;576
2;1;79;30229
2;1;80;4911
2;1;81;32102
2;1;82;1771
2;1;83;5159
2;1;84;5012
2;1;85;3003
2;1;86;24120
2;1;87;2539
2;1;88;7211
2;1;89;31279
2;1;90;32702
2;1;91;31898
2;1;92;34739
2;1;93;5888
2;1;94;7953
2;1;95;6925
2;1;96;5009
2;1;97;4884
2;1;98;6217
2;1;99;26079
2;1;100;4958
2;1;101;18
2;1;102;29730
2;1;103;1407
2;1;104;22171
2;1;105;28289
2;1;106;4740
2;1;107;5055
2;1;108;5097
2;1;109;8244
2;1;110;19377
2;1;111;5116
2;1;112;1959
2;1;113;7480
2;1;114;32559
2;1;115;1739
2;1;116;4783
2;1;117;6603
2;1;118;7541
2;1;119;5050
2;1;120;4903
2;1;121;31548
2;1;122;32285
2;1;123;15825
2;1;124;5351
2;1;125;25678
2;1;126;7308
2;1;127;34219
2;1;128;4752
2;1;129;19697
2;1;130;4838
2;1;131;1760
2;1;132;7300
2;1;133;4797
2;1;134;1895
2;1;135;32601
2;1;136;4896
2;1;137;5049
2;1;138;26054
2;1;139;2698
2;1;140;1772
2;1;141;17095
2;1;142;6865
2;1;143;1824
2;1;144;15426
2;1;145;5339
2;1;146;15940
2;1;147;31679
2;1;148;1734
2;1;149;1745
2;1;150;2306
2;1;151;1805
2;1;152;1727
2;1;153;6888
2;1;154;5555
2;1;155;2707
2;1;156;7740
2;1;157;15142
2;1;158;2757
2;1;159;1764
2;1;160;30370
2;1;161;4798
2;1;162;34679
2;1;163;1732
2;1;164;5017
2;1;165;4978
2;1;166;6224
2;1;167;4763
2;1;168;0
1;2;1;5226
1;2;2;4800
1;2;3;26241
1;2;4;2627
1;2;5;6315
1;2;6;4935
1;2;7;3292
1;2;8;2682
1;2;9;4910
1;2;10;2949
1;2;11;4987
1;2;12;6286
1;2;13;4750
1;2;14;34878
1;2;15;33024
1;2;16;5126
1;2;17;7104
1;2;18;5080
1;2;19;8607
1;2;20;24528
1;2;21;767
1;2;22;32562
1;2;23;25248
1;2;24;552
1;2;25;31485
1;2;26;1139
1;2;27;6094
1;2;28;3115
1;2;29;28546
1;2;30;25505
1;2;31;8409
1;2;32;3329
1;2;33;810
1;2;34;24163
1;2;35;27934
1;2;36;843
1;2;37;1640
1;2;38;945
1;2;39;27932
1;2;40;25649
1;2;41;33839
1;2;42;946
1;2;43;30934
1;2;44;942
1;2;45;31905
1;2;46;5298
1;2;47;29911
1;2;48;947
1;2;49;33226
1;2;50;33306
1;2;51;9490
1;2;52;8444
1;2;53;32245
1;2;54;33
1;2;55;29398
1;2;56;29399
1;2;57;121
1;2;58;33071
1;2;59;34611
1;2;60;6428
1;2;61;2346
1;2;62;8983
1;2;63;6322
1;2;64;29892
1;2;65;4576
1;2;66;31517
1;2;67;17957
1;2;68;24822
1;2;69;19441
1;2;70;20844
1;2;71;6270
1;2;72;3209
1;2;73;6181
1;2;74;17733
1;2;75;16067
1;2;76;14927
1;2;77;31750
1;2;78;32370
1;2;79;32261
1;2;80;6064
1;2;81;577
1;2;82;32386
1;2;83;8699
1;2;84;8435
1;2;85;24229
1;2;86;31025
1;2;87;882
1;2;88;31136
1;2;89;16326
1;2;90;25082
1;2;91;1957
1;2;92;0
1;2;93;0
2;2;1;21335
2;2;2;358
2;2;3;20690
2;2;4;7941
2;2;5;16580
2;2;6;5804
2;2;7;19546
2;2;8;8368
2;2;9;20231
2;2;10;15272
2;2;11;1625
2;2;12;30809
2;2;13;4981
2;2;14;5038
2;2;15;8211
2;2;16;6289
2;2;17;8413
2;2;18;820
2;2;19;4801
2;2;20;325
2;2;21;5636
2;2;22;6887
2;2;23;4751
2;2;24;5219
2;2;25;23070
2;2;26;4748
2;2;27;4796
2;2;28;20010
2;2;29;1995
2;2;30;30875
2;2;31;5093
2;2;32;25860
2;2;33;1888
2;2;34;17262
2;2;35;3046
2;2;36;21701
2;2;37;25195
2;2;38;2314
2;2;39;21276
2;2;40;21807
2;2;41;30710
2;2;42;32606
2;2;43;6249
2;2;44;2621
2;2;45;22342
2;2;46;5092
2;2;47;1728
2;2;48;5362
2;2;49;5189
2;2;50;5407
2;2;51;4988
2;2;52;4992
2;2;53;5128
2;2;54;5929
2;2;55;19087
2;2;56;2334
2;2;57;4772
2;2;58;5832
2;2;59;29250
2;2;60;8412
2;2;61;28125
2;2;62;5058
2;2;63;5144
2;2;64;5109
2;2;65;5061
2;2;66;19155
2;2;67;6359
2;2;68;4991
2;2;69;34121
2;2;70;5039
2;2;71;6147
2;2;72;17907
2;2;73;4934
2;2;74;25969
2;2;75;122
2;2;76;33211
2;2;77;4970
2;2;78;26064
2;2;79;6136
2;2;80;16697
2;2;81;6144
2;2;82;5082
2;2;83;31913
2;2;84;5142
2;2;85;5564
2;2;86;1876
2;2;87;1875
2;2;88;4755
2;2;89;5550
2;2;90;1751
2;2;91;8414
2;2;92;34841
2;2;93;4895
2;2;94;4816
2;2;95;30238
2;2;96;6272
2;2;97;338
2;2;98;16607
2;2;99;8327
2;2;100;1826
2;2;101;5011
2;2;102;24125
2;2;103;898
2;2;104;2697
2;2;105;5861
2;2;106;5146
2;2;107;25100
2;2;108;5178
2;2;109;4766
2;2;110;5127
2;2;111;5052
2;2;112;0
2;2;113;2836
2;2;114;972
2;2;115;2456
2;2;116;6828
2;2;117;3348
2;2;118;5882
2;2;119;23922
2;2;120;31483
2;2;121;30657
2;2;122;7430
2;2;123;4337
2;2;124;1213
2;2;125;783
2;2;126;7791
2;2;127;2652
2;2;128;1063
2;2;129;25584
2;2;130;33781
2;2;131;33840
2;2;132;34374
2;2;133;31608
2;2;134;557
2;2;135;22825
2;2;136;624
2;2;137;7315
2;2;138;5264
2;2;139;32735
2;2;140;2740
2;2;141;1517
2;2;142;573
2;2;143;449
2;2;144;620
2;2;145;2259
2;2;146;7040
2;2;147;28061
2;2;148;2212
2;2;149;5303
2;2;150;34593
2;2;151;1720
2;2;152;23795
2;2;153;15631
2;2;154;32127
2;2;155;7437
2;2;156;2188
2;2;157;2191
2;2;158;0
1;3;1;31020
1;3;2;25188
1;3;3;2688
1;3;4;33666
1;3;5;5037
1;3;6;16759
1;3;7;7980
1;3;8;30824
1;3;9;34669
1;3;10;31151
1;3;11;839
1;3;12;1374
1;3;13;6340
1;3;14;7617
1;3;15;4774
1;3;16;4949
1;3;17;4823
1;3;18;5205
1;3;19;4829
1;3;20;31661
1;3;21;31663
1;3;22;31658
1;3;23;32823
1;3;24;6503
1;3;25;5131
1;3;26;4907
1;3;27;4851
1;3;28;892
1;3;29;7161
1;3;30;4974
1;3;31;7309
1;3;32;1585
1;3;33;2100
1;3;34;4235
1;3;35;18872
1;3;36;4845
1;3;37;23810
1;3;38;4234
1;3;39;15911
1;3;40;31183
1;3;41;22751
1;3;42;29342
1;3;43;4201
1;3;44;34814
1;3;45;936
1;3;46;30812
1;3;47;7753
1;3;48;29175
1;3;49;6168
1;3;50;5232
1;3;51;34458
1;3;52;2184
1;3;53;33849
1;3;54;4775
1;3;55;22296
1;3;56;32568
1;3;57;4831
1;3;58;5111
1;3;59;28315
1;3;60;5204
1;3;61;5141
1;3;62;6316
1;3;63;4985
1;3;64;4773
1;3;65;5856
1;3;66;24078
1;3;67;1181
1;3;68;5787
1;3;69;29266
1;3;70;8410
1;3;71;4994
1;3;72;2353
1;3;73;19987
1;3;74;4844
1;3;75;17969
1;3;76;1758
1;3;77;4945
1;3;78;5239
1;3;79;4957
1;3;80;5983
1;3;81;5176
1;3;82;5175
1;3;83;4955
1;3;84;5571
1;3;85;5152
1;3;86;4608
1;3;87;5107
1;3;88;5140
1;3;89;30528
1;3;90;4824
1;3;91;29035
1;3;92;5170
1;3;93;5105
1;3;94;4857
1;3;95;5190
1;3;96;1601
1;3;97;15487
1;3;98;6395
1;3;99;8319
1;3;100;2832
1;3;101;5048
1;3;102;5114
1;3;103;0
1;3;104;0
2;3;1;1854
2;3;2;661
2;3;3;24882
2;3;4;733
2;3;5;33827
2;3;6;5793
2;3;7;8497
2;3;8;31961
2;3;9;1278
2;3;10;26862
2;3;11;26706
2;3;12;30365
2;3;13;1211
2;3;14;933
2;3;15;4618
2;3;16;1506
2;3;17;6654
2;3;18;20419
2;3;19;2714
2;3;20;20453
2;3;21;20457
2;3;22;751
2;3;23;1083
2;3;24;30089
2;3;25;32864
2;3;26;2728
2;3;27;5791
2;3;28;33985
2;3;29;1066
2;3;30;1267
2;3;31;21300
2;3;32;8331
2;3;33;22147
2;3;34;1280
2;3;35;1269
2;3;36;23852
2;3;37;3045
2;3;38;1590
2;3;39;34504
2;3;40;1603
2;3;41;32711
2;3;42;33070
2;3;43;18720
2;3;44;5297
2;3;45;1605
2;3;46;25543
2;3;47;33951
2;3;48;30075
2;3;49;3197
2;3;50;19168
2;3;51;6274
2;3;52;4359
2;3;53;23086
2;3;54;32245
2;3;55;33513
2;3;56;15031
2;3;57;28985
2;3;58;5927
2;3;59;21589
2;3;60;28367
2;3;61;7226
2;3;62;1008
2;3;63;32950
2;3;64;6813
2;3;65;5762
2;3;66;23862
2;3;67;21839
2;3;68;949
2;3;69;948
2;3;70;950
2;3;71;19770
2;3;72;25586
2;3;73;7706
2;3;74;30815
2;3;75;30814
2;3;76;8290
2;3;77;7618
2;3;78;27124
2;3;79;538
2;3;80;526
2;3;81;2862
2;3;82;1324
2;3;83;25776
2;3;84;34199
2;3;85;7072
2;3;86;30411
2;3;87;33976
2;3;88;1934
2;3;89;5682
2;3;90;30375
2;3;91;25920
2;3;92;562
2;3;93;24180
2;3;94;8202
2;3;95;0
2;3;96;28899
2;3;97;3223
2;3;98;28495
2;3;99;4842
2;3;100;1594
2;3;101;2839
2;3;102;34672
2;3;103;363
2;3;104;7772
2;3;105;4734
2;3;106;4858
2;3;107;919
2;3;108;34909
2;3;109;24118
2;3;110;33104
2;3;111;7424
2;3;112;960
2;3;113;701
2;3;114;34424
2;3;115;508
2;3;116;7505
2;3;117;4487
2;3;118;23890
2;3;119;7374
2;3;120;29087
2;3;121;34486
2;3;122;32168
2;3;123;18837
2;3;124;162
2;3;125;969
2;3;126;909
2;3;127;6129
2;3;128;21179
2;3;129;887
2;3;130;16960
2;3;131;7365
2;3;132;1069
2;3;133;1085
2;3;134;29626
2;3;135;934
2;3;136;808
2;3;137;850
2;3;138;27137
2;3;139;0
1;4;1;4986
1;4;2;875
1;4;3;32560
1;4;4;24306
1;4;5;7371
1;4;6;7372
1;4;7;7355
1;4;8;7359
1;4;9;7357
1;4;10;7370
1;4;11;1335
1;4;12;697
1;4;13;1272
1;4;14;1332
1;4;15;30825
1;4;16;31156
1;4;17;26190
1;4;18;29885
1;4;19;30149
1;4;20;4779
1;4;21;16673
1;4;22;1084
1;4;23;1638
1;4;24;2241
1;4;25;32079
1;4;26;33002
1;4;27;2483
1;4;28;868
1;4;29;22253
1;4;30;1336
1;4;31;6260
1;4;32;32096
1;4;33;31588
1;4;34;23106
1;4;35;18887
1;4;36;1247
1;4;37;24705
1;4;38;15945
1;4;39;1246
1;4;40;836
1;4;41;28007
1;4;42;26401
1;4;43;5036
1;4;44;1268
1;4;45;851
1;4;46;34366
1;4;47;1273
1;4;48;2939
1;4;49;24295
1;4;50;33926
1;4;51;1312
1;4;52;33162
1;4;53;6360
1;4;54;20255
1;4;55;6139
1;4;56;23702
1;4;57;3295
1;4;58;997
1;4;59;23391
1;4;60;1174
1;4;61;1007
1;4;62;141
1;4;63;574
1;4;64;571
1;4;65;1000
1;4;66;550
1;4;67;32300
1;4;68;1583
1;4;69;15674
1;4;70;19375
1;4;71;8234
1;4;72;5229
1;4;73;32876
1;4;74;33206
1;4;75;23155
1;4;76;6478
1;4;77;7714
1;4;78;584
1;4;79;23110
1;4;80;768
1;4;81;25262
1;4;82;7237
1;4;83;622
1;4;84;6248
1;4;85;4354
1;4;86;6955
1;4;87;8201
1;4;88;7316
1;4;89;7477
1;4;90;34650
1;4;91;23726
1;4;92;34646
1;4;93;1155
1;4;94;537
1;4;95;26046
1;4;96;33947
1;4;97;7314
1;4;98;0
1;4;99;0
2;4;1;361
2;4;2;33236
2;4;3;19000
2;4;4;18967
2;4;5;880
2;4;6;642
2;4;7;7070
2;4;8;1731
2;4;9;17665
2;4;10;16093
2;4;11;1013
2;4;12;34306
2;4;13;935
2;4;14;7083
2;4;15;24047
2;4;16;21094
2;4;17;2741
2;4;18;812
2;4;19;27692
2;4;20;817
2;4;21;27100
2;4;22;24389
2;4;23;1669
2;4;24;1378
2;4;25;31152
2;4;26;34612
2;4;27;15180
2;4;28;32895
2;4;29;8131
2;4;30;30165
2;4;31;1012
2;4;32;1221
2;4;33;27365
2;4;34;7097
2;4;35;930
2;4;36;1223
2;4;37;30382
2;4;38;844
2;4;39;3308
2;4;40;1602
2;4;41;27700
2;4;42;1188
2;4;43;5139
2;4;44;34762
2;4;45;4631
2;4;46;33532
2;4;47;6587
2;4;48;2091
2;4;49;1903
2;4;50;6010
2;4;51;4977
2;4;52;4956
2;4;53;1663
2;4;54;5729
2;4;55;5010
2;4;56;18
2;4;57;5056
2;4;58;6809
2;4;59;4763
2;4;60;5006
2;4;61;27613
2;4;62;24162
2;4;63;5004
2;4;64;4875
2;4;65;5018
2;4;66;7953
2;4;67;4969
2;4;68;4780
2;4;69;28819
2;4;70;24120
2;4;71;8141
2;4;72;30152
2;4;73;15760
2;4;74;7308
2;4;75;2300
2;4;76;5201
2;4;77;4804
2;4;78;30969
2;4;79;1755
2;4;80;2306
2;4;81;7740
2;4;82;5166
2;4;83;2316
2;4;84;29509
2;4;85;15458
2;4;86;5005
2;4;87;4879
2;4;88;895
2;4;89;4350
2;4;90;5015
2;4;91;4753
2;4;92;5224
2;4;93;34910
2;4;94;26079
2;4;95;0
2;4;96;23728
2;4;97;5215
2;4;98;32109
2;4;99;20412
2;4;100;7720
2;4;101;22483
2;4;102;7646
2;4;103;17379
2;4;104;8269
2;4;105;25341
2;4;106;26070
2;4;107;804
2;4;108;15265
2;4;109;3357
2;4;110;24358
2;4;111;1255
2;4;112;1254
2;4;113;32973
2;4;114;1334
2;4;115;785
2;4;116;1264
2;4;117;24044
2;4;118;24046
2;4;119;891
2;4;120;17541
2;4;121;34050
2;4;122;3134
2;4;123;1256
2;4;124;31900
2;4;125;24294
2;4;126;20963
2;4;127;24461
2;4;128;31904
2;4;129;5679
2;4;130;18009
2;4;131;30383
2;4;132;29839
2;4;133;2094
2;4;134;21297
2;4;135;28517
2;4;136;204
2;4;137;203
2;4;138;205
2;4;139;26265
2;4;140;6527
2;4;141;4333
2;4;142;26373
2;4;143;4328
2;4;144;4357
2;4;145;1189
2;4;146;31833
2;4;147;30863
2;4;148;27158
2;4;149;17714
2;4;150;32245
2;4;151;395
2;4;152;25704
2;4;153;5794
2;4;154;23590
2;4;155;18963
2;4;156;4318
2;4;157;24330
2;4;158;6321
2;4;159;27561
2;4;160;30440
2;4;161;34343
2;4;162;26317
2;4;163;1337
2;4;164;1068
2;4;165;688
2;4;166;1041
2;4;167;778
2;4;168;3141
2;4;169;25465
2;4;170;0
1;5;1;31663
1;5;2;31658
1;5;3;31661
1;5;4;4749
1;5;5;4524
1;5;6;32946
1;5;7;2191
1;5;8;2188
1;5;9;31469
1;5;10;0
1;5;11;33666
1;5;12;996
1;5;13;5878
1;5;14;1015
1;5;15;8363
1;5;16;1064
1;5;17;881
1;5;18;1065
1;5;19;7747
1;5;20;1040
1;5;21;25745
1;5;22;16132
1;5;23;30164
1;5;24;7610
1;5;25;29647
1;5;26;26243
1;5;27;18835
1;5;28;14930
1;5;29;26414
1;5;30;27465
1;5;31;25908
1;5;32;30157
1;5;33;34544
1;5;34;1518
1;5;35;4319
1;5;36;883
1;5;37;20533
1;5;38;31801
1;5;39;859
1;5;40;4736
1;5;41;1230
1;5;42;1599
1;5;43;1179
1;5;44;23621
1;5;45;1331
1;5;46;753
1;5;47;28022
1;5;48;34684
1;5;49;32681
1;5;50;8316
1;5;51;5553
1;5;52;6895
1;5;53;143
1;5;54;1228
1;5;55;16661
1;5;56;23160
1;5;57;27958
1;5;58;14927
1;5;59;15958
1;5;60;34111
1;5;61;5532
1;5;62;5773
1;5;63;31750
1;5;64;32245
1;5;65;33
1;5;66;26558
1;5;67;24042
1;5;68;5296
1;5;69;2511
1;5;70;7184
1;5;71;16062
1;5;72;0
2;5;1;4815
2;5;2;33203
2;5;3;317
2;5;4;730
2;5;5;19473
2;5;6;1010
2;5;7;1184
2;5;8;31027
2;5;9;1566
2;5;10;4334
2;5;11;3238
2;5;12;21064
2;5;13;809
2;5;14;27934
2;5;15;18716
2;5;16;16472
2;5;17;22341
2;5;18;865
2;5;19;27932
2;5;20;33318
2;5;21;29943
2;5;22;30352
2;5;23;34197
2;5;24;30351
2;5;25;30186
2;5;26;30160
2;5;27;30243
2;5;28;30218
2;5;29;34825
2;5;30;30190
2;5;31;33003
2;5;32;32949
2;5;33;31189
2;5;34;940
2;5;35;23988
2;5;36;8369
2;5;37;34389
2;5;38;29931
2;5;39;31051
2;5;40;28043
2;5;41;28987
2;5;42;32952
2;5;43;32746
2;5;44;4953
2;5;45;981
2;5;46;19950
2;5;47;33953
2;5;48;5576
2;5;49;993
2;5;50;1200
2;5;51;24257
2;5;52;2524
2;5;53;15093
2;5;54;2340
2;5;55;4340
2;5;56;943
2;5;57;5908
2;5;58;8669
2;5;59;964
2;5;60;24119
2;5;61;644
2;5;62;951
2;5;63;25743
2;5;64;7205
2;5;65;1005
2;5;66;23982
2;5;67;4721
2;5;68;952
2;5;69;944
2;5;70;597
2;5;71;962
2;5;72;941
2;5;73;18715
2;5;74;696
2;5;75;30199
2;5;76;9016
2;5;77;30758
2;5;78;33740
2;5;79;17439
2;5;80;29973
2;5;81;31047
2;5;82;958
2;5;83;890
2;5;84;959
2;5;85;23876
2;5;86;28546
2;5;87;24164
2;5;88;1526
2;5;89;34331
2;5;90;5185
2;5;91;984
2;5;92;24590
2;5;93;846
2;5;94;26763
2;5;95;4881
2;5;96;927
2;5;97;658
2;5;98;32985
2;5;99;33226
2;5;100;33306
2;5;101;29598
2;5;102;32776
2;5;103;19186
2;5;104;18996
2;5;105;651
2;5;106;2840
2;5;107;7867
2;5;108;932
2;5;109;6255
2;5;110;21147
2;5;111;33991
2;5;112;8492
2;5;113;6759
2;5;114;8942
2;5;115;6378
2;5;116;0
2;5;117;2699
2;5;118;6498
2;5;119;4579
2;5;120;1726
2;5;121;15767
2;5;122;22184
2;5;123;29032
2;5;124;20215
2;5;125;33686
2;5;126;15074
2;5;127;3219
2;5;128;30026
2;5;129;7492
2;5;130;16908
2;5;131;28784
2;5;132;406
2;5;133;26515
2;5;134;30730
2;5;135;2500
2;5;136;32774
2;5;137;26836
2;5;138;4825
2;5;139;1212
2;5;140;25213
2;5;141;114
2;5;142;5209
2;5;143;24043
2;5;144;22704
2;5;145;4782
2;5;146;16575
2;5;147;28516
2;5;148;6771
2;5;149;27965
2;5;150;21343
2;5;151;16919
2;5;152;23596
2;5;153;4926
2;5;154;32813
2;5;155;34582
2;5;156;4814
2;5;157;4878
2;5;158;5473
2;5;159;23880
2;5;160;23990
2;5;161;33904
2;5;162;789
2;5;163;1241
2;5;164;766
2;5;165;6863
2;5;166;6169
2;5;167;2593
2;5;168;29744
2;5;169;4454
2;5;170;28198
2;5;171;1018
2;5;172;8333
2;5;173;3322
2;5;174;28702
2;5;175;5344
2;5;176;885
2;5;177;23456
2;5;178;4153
2;5;179;18283
2;5;180;1178
2;5;181;0
