1;1;1;33666
1;1;2;1374
1;1;3;7359
1;1;4;7357
1;1;5;24306
1;1;6;7355
1;1;7;730
1;1;8;19473
1;1;9;7814
1;1;10;1774
1;1;11;1585
1;1;12;4235
1;1;13;2100
1;1;14;18872
1;1;15;7309
1;1;16;33532
1;1;17;23810
1;1;18;33104
1;1;19;18967
1;1;20;23955
1;1;21;21094
1;1;22;1584
1;1;23;3333
1;1;24;7133
1;1;25;8971
1;1;26;29975
1;1;27;2483
1;1;28;32079
1;1;29;1638
1;1;30;5792
1;1;31;1084
1;1;32;24705
1;1;33;1246
1;1;34;28007
1;1;35;26401
1;1;36;5036
1;1;37;1256
1;1;38;31904
1;1;39;20963
1;1;40;5679
1;1;41;24461
1;1;42;31900
1;1;43;24294
1;1;44;18009
1;1;45;29839
1;1;46;205
1;1;47;203
1;1;48;204
1;1;49;33840
1;1;50;25584
1;1;51;1063
1;1;52;2652
1;1;53;33781
1;1;54;571
1;1;55;572
1;1;56;15674
1;1;57;1583
1;1;58;32300
1;1;59;23726
1;1;60;34650
1;1;61;34646
1;1;62;5264
1;1;63;7314
1;1;64;26046
1;1;65;0
1;1;66;0
2;1;1;31661
2;1;2;31658
2;1;3;31663
2;1;4;4852
2;1;5;5131
2;1;6;4851
2;1;7;4907
2;1;8;6587
2;1;9;4845
2;1;10;4631
2;1;11;5053
2;1;12;317
2;1;13;33203
2;1;14;32538
2;1;15;908
2;1;16;907
2;1;17;27189
2;1;18;30872
2;1;19;875
2;1;20;4986
2;1;21;34762
2;1;22;4878
2;1;23;34909
2;1;24;919
2;1;25;972
2;1;26;1188
2;1;27;7753
2;1;28;31183
2;1;29;29342
2;1;30;34814
2;1;31;4201
2;1;32;22751
2;1;33;936
2;1;34;34669
2;1;35;16759
2;1;36;30824
2;1;37;7980
2;1;38;34612
2;1;39;15180
2;1;40;31152
2;1;41;1378
2;1;42;27100
2;1;43;32109
2;1;44;24389
2;1;45;7424
2;1;46;960
2;1;47;8188
2;1;48;1043
2;1;49;7709
2;1;50;8584
2;1;51;8272
2;1;52;32694
2;1;53;2741
2;1;54;1522
2;1;55;7646
2;1;56;17379
2;1;57;7979
2;1;58;23037
2;1;59;697
2;1;60;1278
2;1;61;33985
2;1;62;1255
2;1;63;1334
2;1;64;34050
2;1;65;24046
2;1;66;24044
2;1;67;1264
2;1;68;785
2;1;69;891
2;1;70;1254
2;1;71;3134
2;1;72;32973
2;1;73;17541
2;1;74;30089
2;1;75;1066
2;1;76;1267
2;1;77;29893
2;1;78;1268
2;1;79;6654
2;1;80;30825
2;1;81;31156
2;1;82;29885
2;1;83;4779
2;1;84;1247
2;1;85;6260
2;1;86;31588
2;1;87;0
2;1;88;33236
2;1;89;23728
2;1;90;28825
2;1;91;32889
2;1;92;2627
2;1;93;26241
2;1;94;34458
2;1;95;6315
2;1;96;2184
2;1;97;3292
2;1;98;4935
2;1;99;2682
2;1;100;4910
2;1;101;2949
2;1;102;4987
2;1;103;5202
2;1;104;29921
2;1;105;5166
2;1;106;1734
2;1;107;2757
2;1;108;2306
2;1;109;1727
2;1;110;5555
2;1;111;1805
2;1;112;7740
2;1;113;1764
2;1;114;15142
2;1;115;2707
2;1;116;6888
2;1;117;32601
2;1;118;1895
2;1;119;4797
2;1;120;32606
2;1;121;30968
2;1;122;32778
2;1;123;20793
2;1;124;4904
2;1;125;30710
2;1;126;29895
2;1;127;21276
2;1;128;21807
2;1;129;5788
2;1;130;30229
2;1;131;32102
2;1;132;4911
2;1;133;1771
2;1;134;25969
2;1;135;7308
2;1;136;122
2;1;137;15760
2;1;138;8141
2;1;139;3003
2;1;140;24120
2;1;141;7953
2;1;142;1732
2;1;143;4763
2;1;144;5004
2;1;145;22171
2;1;146;5224
2;1;147;34910
2;1;148;26079
2;1;149;4958
2;1;150;18
2;1;151;29730
2;1;152;4844
2;1;153;17969
2;1;154;1758
2;1;155;5929
2;1;156;5128
2;1;157;1663
2;1;158;6887
2;1;159;8413
2;1;160;6289
2;1;161;0
1;2;1;8365
1;2;2;24021
1;2;3;6340
1;2;4;7617
1;2;5;4774
1;2;6;4949
1;2;7;4823
1;2;8;5205
1;2;9;4829
1;2;10;32809
1;2;11;28082
1;2;12;892
1;2;13;4974
1;2;14;8361
1;2;15;4524
1;2;16;31485
1;2;17;28546
1;2;18;9016
1;2;19;30758
1;2;20;29973
1;2;21;33740
1;2;22;17439
1;2;23;31047
1;2;24;29911
1;2;25;941
1;2;26;962
1;2;27;18715
1;2;28;696
1;2;29;942
1;2;30;30934
1;2;31;3329
1;2;32;27934
1;2;33;843
1;2;34;1640
1;2;35;945
1;2;36;18716
1;2;37;16472
1;2;38;865
1;2;39;22341
1;2;40;27932
1;2;41;33318
1;2;42;29943
1;2;43;30352
1;2;44;30160
1;2;45;30186
1;2;46;30351
1;2;47;34197
1;2;48;30243
1;2;49;30218
1;2;50;34825
1;2;51;30190
1;2;52;33003
1;2;53;32949
1;2;54;31189
1;2;55;940
1;2;56;964
1;2;57;644
1;2;58;24119
1;2;59;25743
1;2;60;951
1;2;61;1005
1;2;62;7205
1;2;63;23982
1;2;64;4721
1;2;65;952
1;2;66;944
1;2;67;597
1;2;68;30199
1;2;69;927
1;2;70;658
1;2;71;1008
1;2;72;33226
1;2;73;33306
1;2;74;29598
1;2;75;9490
1;2;76;8444
1;2;77;32245
1;2;78;33
1;2;79;7184
1;2;80;16062
1;2;81;24229
1;2;82;29398
1;2;83;29399
1;2;84;31750
1;2;85;5794
1;2;86;18963
1;2;87;24330
1;2;88;6321
1;2;89;4318
1;2;90;14927
1;2;91;23160
1;2;92;16661
1;2;93;18720
1;2;94;33070
1;2;95;32711
1;2;96;0
1;2;97;4926
1;2;98;32813
1;2;99;34582
1;2;100;4814
1;2;101;34288
1;2;102;661
1;2;103;3308
1;2;104;5882
1;2;105;162
1;2;106;31483
1;2;107;30657
1;2;108;7430
1;2;109;4337
1;2;110;1174
1;2;111;1000
1;2;112;8234
1;2;113;5229
1;2;114;550
1;2;115;23155
1;2;116;584
1;2;117;23110
1;2;118;7237
1;2;119;622
1;2;120;6248
1;2;121;25262
1;2;122;4354
1;2;123;2740
1;2;124;32735
1;2;125;31188
1;2;126;7011
1;2;127;7315
1;2;128;1155
1;2;129;7730
1;2;130;1517
1;2;131;573
1;2;132;5682
1;2;133;30375
1;2;134;562
1;2;135;2188
1;2;136;2191
1;2;137;0
2;2;1;2836
2;2;2;7774
2;2;3;20512
2;2;4;2680
2;2;5;4749
2;2;6;33849
2;2;7;8211
2;2;8;820
2;2;9;5048
2;2;10;15487
2;2;11;5105
2;2;12;5140
2;2;13;4957
2;2;14;4772
2;2;15;5832
2;2;16;29250
2;2;17;8412
2;2;18;28125
2;2;19;5058
2;2;20;5144
2;2;21;5109
2;2;22;19155
2;2;23;5061
2;2;24;6359
2;2;25;4991
2;2;26;5039
2;2;27;34121
2;2;28;7480
2;2;29;1959
2;2;30;6147
2;2;31;17907
2;2;32;4934
2;2;33;4752
2;2;34;34219
2;2;35;19697
2;2;36;25678
2;2;37;5012
2;2;38;5159
2;2;39;23070
2;2;40;4751
2;2;41;1181
2;2;42;33024
2;2;43;24078
2;2;44;7104
2;2;45;3018
2;2;46;5038
2;2;47;4981
2;2;48;5804
2;2;49;4801
2;2;50;6395
2;2;51;1601
2;2;52;4857
2;2;53;4824
2;2;54;29035
2;2;55;30528
2;2;56;5170
2;2;57;19377
2;2;58;5116
2;2;59;30152
2;2;60;33211
2;2;61;4970
2;2;62;5351
2;2;63;15825
2;2;64;32285
2;2;65;31548
2;2;66;4903
2;2;67;5052
2;2;68;5050
2;2;69;5127
2;2;70;2697
2;2;71;5861
2;2;72;898
2;2;73;4766
2;2;74;7541
2;2;75;6603
2;2;76;4783
2;2;77;1739
2;2;78;32559
2;2;79;5550
2;2;80;8414
2;2;81;1751
2;2;82;1826
2;2;83;8327
2;2;84;338
2;2;85;4816
2;2;86;4895
2;2;87;30238
2;2;88;6272
2;2;89;16607
2;2;90;4755
2;2;91;34841
2;2;92;5011
2;2;93;5146
2;2;94;25100
2;2;95;24125
2;2;96;5178
2;2;97;26064
2;2;98;6136
2;2;99;16697
2;2;100;1876
2;2;101;1875
2;2;102;5564
2;2;103;5142
2;2;104;31913
2;2;105;6144
2;2;106;5082
2;2;107;0
2;2;108;0
1;3;1;21335
1;3;2;25188
1;3;3;4734
1;3;4;4775
1;3;5;22296
1;3;6;32568
1;3;7;4831
1;3;8;5111
1;3;9;5126
1;3;10;8030
1;3;11;4977
1;3;12;4956
1;3;13;29266
1;3;14;5219
1;3;15;4748
1;3;16;31679
1;3;17;4796
1;3;18;20010
1;3;19;17262
1;3;20;25860
1;3;21;5093
1;3;22;30875
1;3;23;1888
1;3;24;1995
1;3;25;1760
1;3;26;7300
1;3;27;2698
1;3;28;26054
1;3;29;4896
1;3;30;5049
1;3;31;6865
1;3;32;17095
1;3;33;15426
1;3;34;15940
1;3;35;5339
1;3;36;4879
1;3;37;895
1;3;38;4753
1;3;39;5015
1;3;40;4350
1;3;41;5005
1;3;42;15458
1;3;43;4798
1;3;44;34679
1;3;45;4978
1;3;46;5006
1;3;47;27613
1;3;48;28289
1;3;49;5055
1;3;50;4740
1;3;51;8244
1;3;52;5097
1;3;53;19087
1;3;54;2334
1;3;55;5983
1;3;56;4945
1;3;57;5176
1;3;58;5175
1;3;59;5239
1;3;60;4955
1;3;61;5107
1;3;62;5152
1;3;63;5571
1;3;64;4608
1;3;65;5190
1;3;66;8319
1;3;67;5114
1;3;68;2832
1;3;69;6010
1;3;70;30809
1;3;71;20231
1;3;72;19546
1;3;73;15272
1;3;74;1625
1;3;75;8368
1;3;76;0
1;3;77;5542
1;3;78;6503
1;3;79;31663
1;3;80;31658
1;3;81;31661
1;3;82;603
1;3;83;4767
1;3;84;31267
1;3;85;4950
1;3;86;21967
1;3;87;19836
1;3;88;3140
1;3;89;5063
1;3;90;4746
1;3;91;27327
1;3;92;795
1;3;93;29175
1;3;94;4234
1;3;95;839
1;3;96;1015
1;3;97;8363
1;3;98;1064
1;3;99;881
1;3;100;1065
1;3;101;7747
1;3;102;1040
1;3;103;25745
1;3;104;16132
1;3;105;1303
1;3;106;29647
1;3;107;7610
1;3;108;26243
1;3;109;18835
1;3;110;14930
1;3;111;26414
1;3;112;27465
1;3;113;24047
1;3;114;16093
1;3;115;17665
1;3;116;1731
1;3;117;7070
1;3;118;642
1;3;119;34424
1;3;120;508
1;3;121;7505
1;3;122;4487
1;3;123;22483
1;3;124;23890
1;3;125;32168
1;3;126;8269
1;3;127;25341
1;3;128;18837
1;3;129;733
1;3;130;23922
1;3;131;7097
1;3;132;930
1;3;133;1223
1;3;134;30382
1;3;135;844
1;3;136;1069
1;3;137;29626
1;3;138;934
1;3;139;27137
1;3;140;808
1;3;141;850
1;3;142;1085
1;3;143;5793
1;3;144;31961
1;3;145;33926
1;3;146;26706
1;3;147;30365
1;3;148;1211
1;3;149;933
1;3;150;4618
1;3;151;20419
1;3;152;2714
1;3;153;1280
1;3;154;8331
1;3;155;15168
1;3;156;24449
1;3;157;882
1;3;158;1337
1;3;159;31833
1;3;160;17957
1;3;161;31517
1;3;162;26317
1;3;163;32245
1;3;164;6378
1;3;165;28985
1;3;166;8942
1;3;167;2840
1;3;168;6759
1;3;169;8492
1;3;170;33991
1;3;171;21147
1;3;172;6255
1;3;173;932
1;3;174;7867
1;3;175;0
2;3;1;31020
2;3;2;33666
2;3;3;32946
2;3;4;8607
2;3;5;24528
2;3;6;767
2;3;7;32562
2;3;8;8202
2;3;9;24180
2;3;10;25920
2;3;11;1934
2;3;12;449
2;3;13;7040
2;3;14;28061
2;3;15;2259
2;3;16;23795
2;3;17;32127
2;3;18;1720
2;3;19;15631
2;3;20;34593
2;3;21;2212
2;3;22;5303
2;3;23;7437
2;3;24;1324
2;3;25;8290
2;3;26;2862
2;3;27;538
2;3;28;25776
2;3;29;32876
2;3;30;33206
2;3;31;526
2;3;32;30814
2;3;33;7618
2;3;34;34199
2;3;35;7072
2;3;36;30815
2;3;37;27124
2;3;38;30411
2;3;39;33976
2;3;40;620
2;3;41;552
2;3;42;25248
2;3;43;537
2;3;44;6955
2;3;45;7714
2;3;46;6478
2;3;47;574
2;3;48;141
2;3;49;23391
2;3;50;997
2;3;51;20328
2;3;52;7694
2;3;53;812
2;3;54;7720
2;3;55;31323
2;3;56;880
2;3;57;1669
2;3;58;0
2;3;59;0
1;4;1;31461
1;4;2;3205
1;4;3;17201
1;4;4;2353
1;4;5;8410
1;4;6;4994
1;4;7;5010
1;4;8;18
1;4;9;1407
1;4;10;6809
1;4;11;5018
1;4;12;5017
1;4;13;6224
1;4;14;4763
1;4;15;24162
1;4;16;5056
1;4;17;4875
1;4;18;4969
1;4;19;32702
1;4;20;7211
1;4;21;24120
1;4;22;28819
1;4;23;5888
1;4;24;31279
1;4;25;31898
1;4;26;4884
1;4;27;6925
1;4;28;6217
1;4;29;4780
1;4;30;2539
1;4;31;34739
1;4;32;7953
1;4;33;5009
1;4;34;26079
1;4;35;2316
1;4;36;29509
1;4;37;5729
1;4;38;19987
1;4;39;5787
1;4;40;5636
1;4;41;5856
1;4;42;4773
1;4;43;28315
1;4;44;6316
1;4;45;4985
1;4;46;5141
1;4;47;5204
1;4;48;16580
1;4;49;7941
1;4;50;20690
1;4;51;7161
1;4;52;5080
1;4;53;4815
1;4;54;32560
1;4;55;26248
1;4;56;7371
1;4;57;7359
1;4;58;7373
1;4;59;24306
1;4;60;7370
1;4;61;7372
1;4;62;7355
1;4;63;7357
1;4;64;16960
1;4;65;7365
1;4;66;909
1;4;67;21179
1;4;68;969
1;4;69;6129
1;4;70;887
1;4;71;1335
1;4;72;18887
1;4;73;16673
1;4;74;2241
1;4;75;32079
1;4;76;3330
1;4;77;33002
1;4;78;1246
1;4;79;1247
1;4;80;34374
1;4;81;31608
1;4;82;557
1;4;83;22825
1;4;84;624
1;4;85;1017
1;4;86;1067
1;4;87;23726
1;4;88;34650
1;4;89;34646
1;4;90;7477
1;4;91;8201
1;4;92;7316
1;4;93;15674
1;4;94;19375
1;4;95;768
1;4;96;33947
1;4;97;26046
1;4;98;0
1;4;99;1854
1;4;100;33346
1;4;101;1212
1;4;102;29032
1;4;103;2500
1;4;104;3219
1;4;105;4782
1;4;106;7492
1;4;107;32774
1;4;108;26515
1;4;109;23596
1;4;110;24043
1;4;111;15074
1;4;112;25213
1;4;113;406
1;4;114;6771
1;4;115;21343
1;4;116;20215
1;4;117;5209
1;4;118;16575
1;4;119;114
1;4;120;30730
1;4;121;33686
1;4;122;26836
1;4;123;16919
1;4;124;30026
1;4;125;28516
1;4;126;28784
1;4;127;4825
1;4;128;27965
1;4;129;22704
1;4;130;16908
1;4;131;22184
1;4;132;15767
1;4;133;1726
1;4;134;4579
1;4;135;6498
1;4;136;2699
1;4;137;3223
1;4;138;34672
1;4;139;1594
1;4;140;4842
1;4;141;28495
1;4;142;2839
1;4;143;361
1;4;144;33236
1;4;145;6168
1;4;146;4800
1;4;147;2091
1;4;148;8418
1;4;149;6587
1;4;150;5232
1;4;151;3349
1;4;152;325
1;4;153;34878
1;4;154;4750
1;4;155;6286
1;4;156;4992
1;4;157;4988
1;4;158;5407
1;4;159;5189
1;4;160;5092
1;4;161;1728
1;4;162;5362
1;4;163;1824
1;4;164;1772
1;4;165;22342
1;4;166;2621
1;4;167;6249
1;4;168;2314
1;4;169;25195
1;4;170;21701
1;4;171;3046
1;4;172;5221
1;4;173;31023
1;4;174;33425
1;4;175;20621
1;4;176;576
1;4;177;4838
1;4;178;7308
1;4;179;2300
1;4;180;5201
1;4;181;4804
1;4;182;30370
1;4;183;2306
1;4;184;1755
1;4;185;7740
1;4;186;1745
1;4;187;30969
1;4;188;0
2;4;1;23728
2;4;2;5215
2;4;3;5037
2;4;4;5139
2;4;5;996
2;4;6;5878
2;4;7;32109
2;4;8;817
2;4;9;20412
2;4;10;701
2;4;11;27692
2;4;12;7646
2;4;13;29087
2;4;14;34486
2;4;15;8233
2;4;16;8033
2;4;17;31441
2;4;18;5970
2;4;19;7137
2;4;20;33827
2;4;21;8497
2;4;22;1272
2;4;23;1332
2;4;24;31156
2;4;25;2516
2;4;26;5036
2;4;27;1268
2;4;28;25465
2;4;29;21300
2;4;30;22147
2;4;31;18006
2;4;32;22771
2;4;33;29839
2;4;34;30383
2;4;35;2094
2;4;36;21297
2;4;37;205
2;4;38;256
2;4;39;29246
2;4;40;31136
2;4;41;16326
2;4;42;1957
2;4;43;25082
2;4;44;29204
2;4;45;6912
2;4;46;4367
2;4;47;33954
2;4;48;30242
2;4;49;24322
2;4;50;751
2;4;51;1083
2;4;52;24358
2;4;53;1255
2;4;54;3357
2;4;55;15265
2;4;56;804
2;4;57;26070
2;4;58;2741
2;4;59;33996
2;4;60;956
2;4;61;7009
2;4;62;7374
2;4;63;835
2;4;64;32895
2;4;65;1012
2;4;66;1221
2;4;67;30165
2;4;68;8131
2;4;69;27365
2;4;70;3348
2;4;71;24882
2;4;72;2456
2;4;73;6828
2;4;74;30812
2;4;75;31151
2;4;76;1602
2;4;77;27700
2;4;78;15911
2;4;79;19000
2;4;80;0
2;4;81;28899
2;4;82;7772
2;4;83;2688
2;4;84;34762
2;4;85;4858
2;4;86;30164
2;4;87;747
2;4;88;811
2;4;89;21094
2;4;90;25908
2;4;91;30157
2;4;92;34544
2;4;93;1518
2;4;94;4319
2;4;95;883
2;4;96;789
2;4;97;32096
2;4;98;23106
2;4;99;15945
2;4;100;28007
2;4;101;836
2;4;102;30149
2;4;103;26190
2;4;104;851
2;4;105;1506
2;4;106;34366
2;4;107;1273
2;4;108;2939
2;4;109;24295
2;4;110;26862
2;4;111;33162
2;4;112;1312
2;4;113;6360
2;4;114;20255
2;4;115;20457
2;4;116;20453
2;4;117;4357
2;4;118;4328
2;4;119;6527
2;4;120;4333
2;4;121;26373
2;4;122;1189
2;4;123;34611
2;4;124;2346
2;4;125;6428
2;4;126;33071
2;4;127;121
2;4;128;4576
2;4;129;2511
2;4;130;5296
2;4;131;24042
2;4;132;26558
2;4;133;32245
2;4;134;23086
2;4;135;32370
2;4;136;32261
2;4;137;5773
2;4;138;34343
2;4;139;30440
2;4;140;0
1;5;1;33666
1;5;2;31469
1;5;3;2191
1;5;4;2188
1;5;5;32776
1;5;6;19186
1;5;7;7226
1;5;8;28367
1;5;9;21589
1;5;10;18996
1;5;11;651
1;5;12;5927
1;5;13;30075
1;5;14;3197
1;5;15;4359
1;5;16;19168
1;5;17;6274
1;5;18;395
1;5;19;25704
1;5;20;17714
1;5;21;27158
1;5;22;30863
1;5;23;24822
1;5;24;31025
1;5;25;1903
1;5;26;31663
1;5;27;31658
1;5;28;32823
1;5;29;31661
1;5;30;0
1;5;31;358
1;5;32;5226
1;5;33;24118
1;5;34;5473
1;5;35;23880
1;5;36;23990
1;5;37;34306
1;5;38;1013
1;5;39;935
1;5;40;7083
1;5;41;4088
1;5;42;33904
1;5;43;20533
1;5;44;868
1;5;45;22253
1;5;46;1336
1;5;47;766
1;5;48;6169
1;5;49;6863
1;5;50;1241
1;5;51;31801
1;5;52;859
1;5;53;4736
1;5;54;1230
1;5;55;1599
1;5;56;1331
1;5;57;753
1;5;58;18283
1;5;59;1178
1;5;60;28022
1;5;61;34684
1;5;62;32681
1;5;63;8316
1;5;64;34111
1;5;65;5532
1;5;66;8699
1;5;67;6064
1;5;68;32386
1;5;69;577
1;5;70;6895
1;5;71;1228
1;5;72;143
1;5;73;27958
1;5;74;1605
1;5;75;25543
1;5;76;33951
1;5;77;27561
1;5;78;33
1;5;79;32245
1;5;80;33513
1;5;81;15031
1;5;82;8435
1;5;83;31750
1;5;84;23590
1;5;85;19441
1;5;86;6270
1;5;87;20844
1;5;88;3209
1;5;89;6181
1;5;90;17733
1;5;91;16067
1;5;92;15958
1;5;93;14927
1;5;94;5297
1;5;95;3322
1;5;96;5344
1;5;97;28702
1;5;98;885
1;5;99;23456
1;5;100;5553
1;5;101;4153
1;5;102;23621
1;5;103;1179
1;5;104;1018
1;5;105;2593
1;5;106;29744
1;5;107;4454
1;5;108;28198
1;5;109;0
2;5;1;363
2;5;2;3295
2;5;3;783
2;5;4;7791
2;5;5;1213
2;5;6;1007
2;5;7;31507
2;5;8;4881
2;5;9;33306
2;5;10;33226
2;5;11;32985
2;5;12;32950
2;5;13;6813
2;5;14;5762
2;5;15;25586
2;5;16;7706
2;5;17;19770
2;5;18;948
2;5;19;950
2;5;20;25505
2;5;21;28546
2;5;22;3115
2;5;23;6094
2;5;24;1139
2;5;25;810
2;5;26;809
2;5;27;21064
2;5;28;3238
2;5;29;4334
2;5;30;1566
2;5;31;27934
2;5;32;24163
2;5;33;8409
2;5;34;24164
2;5;35;1526
2;5;36;34331
2;5;37;5185
2;5;38;26763
2;5;39;984
2;5;40;24590
2;5;41;846
2;5;42;949
2;5;43;23862
2;5;44;21839
2;5;45;5298
2;5;46;31905
2;5;47;1010
2;5;48;1184
2;5;49;31027
2;5;50;27932
2;5;51;25649
2;5;52;946
2;5;53;33839
2;5;54;23988
2;5;55;8369
2;5;56;34389
2;5;57;28987
2;5;58;28043
2;5;59;32952
2;5;60;4340
2;5;61;2340
2;5;62;15093
2;5;63;2524
2;5;64;1200
2;5;65;24257
2;5;66;5576
2;5;67;993
2;5;68;33953
2;5;69;981
2;5;70;19950
2;5;71;4953
2;5;72;32746
2;5;73;5908
2;5;74;943
2;5;75;8669
2;5;76;31051
2;5;77;29931
2;5;78;947
2;5;79;958
2;5;80;959
2;5;81;890
2;5;82;23876
2;5;83;7472
2;5;84;23702
2;5;85;853
2;5;86;6139
2;5;87;4358
2;5;88;2728
2;5;89;5791
2;5;90;32864
2;5;91;1269
2;5;92;1924
2;5;93;28517
2;5;94;1041
2;5;95;688
2;5;96;1068
2;5;97;8983
2;5;98;6322
2;5;99;29892
2;5;100;778
2;5;101;26265
2;5;102;3141
2;5;103;23852
2;5;104;3045
2;5;105;1590
2;5;106;34504
2;5;107;1603
2;5;108;8333
2;5;109;0
2;5;110;0
