1;1;1;33666
1;1;2;1374
1;1;3;7814
1;1;4;7371
1;1;5;7357
1;1;6;7359
1;1;7;24306
1;1;8;7372
1;1;9;7355
1;1;10;19473
1;1;11;730
1;1;12;1774
1;1;13;7309
1;1;14;4235
1;1;15;1585
1;1;16;2100
1;1;17;18872
1;1;18;4845
1;1;19;6168
1;1;20;19000
1;1;21;18967
1;1;22;23955
1;1;23;21094
1;1;24;4088
1;1;25;1584
1;1;26;3333
1;1;27;7133
1;1;28;33904
1;1;29;8971
1;1;30;29975
1;1;31;2483
1;1;32;32079
1;1;33;23106
1;1;34;1246
1;1;35;28007
1;1;36;26401
1;1;37;2516
1;1;38;24294
1;1;39;5679
1;1;40;24461
1;1;41;1256
1;1;42;31900
1;1;43;31904
1;1;44;20963
1;1;45;18006
1;1;46;29839
1;1;47;205
1;1;48;33840
1;1;49;1063
1;1;50;2652
1;1;51;25584
1;1;52;33781
1;1;53;571
1;1;54;550
1;1;55;572
1;1;56;15674
1;1;57;1583
1;1;58;32300
1;1;59;23726
1;1;60;34646
1;1;61;34650
1;1;62;7315
1;1;63;26046
1;1;64;0
1;1;65;0
2;1;1;31658
2;1;2;31663
2;1;3;31661
2;1;4;4852
2;1;5;5131
2;1;6;4851
2;1;7;6587
2;1;8;33532
2;1;9;8418
2;1;10;795
2;1;11;5053
2;1;12;317
2;1;13;33203
2;1;14;32538
2;1;15;907
2;1;16;908
2;1;17;27189
2;1;18;30872
2;1;19;875
2;1;20;4986
2;1;21;34762
2;1;22;5037
2;1;23;34909
2;1;24;919
2;1;25;33104
2;1;26;7753
2;1;27;31183
2;1;28;29342
2;1;29;4201
2;1;30;34814
2;1;31;936
2;1;32;22751
2;1;33;34669
2;1;34;30824
2;1;35;16759
2;1;36;7980
2;1;37;15180
2;1;38;34612
2;1;39;31152
2;1;40;1669
2;1;41;32109
2;1;42;7424
2;1;43;960
2;1;44;8188
2;1;45;7709
2;1;46;1043
2;1;47;8584
2;1;48;8272
2;1;49;32694
2;1;50;2741
2;1;51;956
2;1;52;7646
2;1;53;29087
2;1;54;34486
2;1;55;5970
2;1;56;7137
2;1;57;7979
2;1;58;33827
2;1;59;697
2;1;60;33985
2;1;61;1255
2;1;62;24358
2;1;63;30089
2;1;64;3134
2;1;65;32973
2;1;66;34050
2;1;67;891
2;1;68;17541
2;1;69;24046
2;1;70;24044
2;1;71;1264
2;1;72;785
2;1;73;1254
2;1;74;1334
2;1;75;1267
2;1;76;5036
2;1;77;1268
2;1;78;6654
2;1;79;31156
2;1;80;29885
2;1;81;30149
2;1;82;1247
2;1;83;31588
2;1;84;0
2;1;85;33236
2;1;86;23728
2;1;87;28825
2;1;88;32889
2;1;89;2627
2;1;90;34458
2;1;91;26241
2;1;92;6315
2;1;93;2184
2;1;94;4935
2;1;95;2682
2;1;96;3292
2;1;97;4910
2;1;98;2949
2;1;99;4987
2;1;100;5202
2;1;101;17201
2;1;102;29921
2;1;103;4748
2;1;104;1755
2;1;105;15142
2;1;106;7740
2;1;107;1764
2;1;108;1745
2;1;109;2306
2;1;110;1734
2;1;111;5555
2;1;112;2757
2;1;113;6888
2;1;114;1727
2;1;115;1895
2;1;116;26054
2;1;117;576
2;1;118;30968
2;1;119;32778
2;1;120;20793
2;1;121;4904
2;1;122;21276
2;1;123;21807
2;1;124;5788
2;1;125;30229
2;1;126;4911
2;1;127;32102
2;1;128;1771
2;1;129;122
2;1;130;7308
2;1;131;25969
2;1;132;30152
2;1;133;3003
2;1;134;24120
2;1;135;28819
2;1;136;6925
2;1;137;32702
2;1;138;7953
2;1;139;31898
2;1;140;4780
2;1;141;7211
2;1;142;1732
2;1;143;4978
2;1;144;4763
2;1;145;5006
2;1;146;5004
2;1;147;4875
2;1;148;34910
2;1;149;26079
2;1;150;4958
2;1;151;18
2;1;152;17969
2;1;153;1758
2;1;154;5929
2;1;155;5128
2;1;156;4751
2;1;157;24078
2;1;158;6289
2;1;159;8211
2;1;160;0
1;2;1;2688
1;2;2;5226
1;2;3;8365
1;2;4;24021
1;2;5;7617
1;2;6;6340
1;2;7;4774
1;2;8;4949
1;2;9;4823
1;2;10;5205
1;2;11;4829
1;2;12;28082
1;2;13;32809
1;2;14;892
1;2;15;4524
1;2;16;31485
1;2;17;3115
1;2;18;28546
1;2;19;29973
1;2;20;17439
1;2;21;33740
1;2;22;31047
1;2;23;9016
1;2;24;30758
1;2;25;941
1;2;26;962
1;2;27;18715
1;2;28;696
1;2;29;942
1;2;30;30934
1;2;31;24163
1;2;32;27934
1;2;33;843
1;2;34;1640
1;2;35;945
1;2;36;18716
1;2;37;16472
1;2;38;22341
1;2;39;865
1;2;40;27932
1;2;41;33318
1;2;42;29943
1;2;43;34197
1;2;44;30351
1;2;45;30186
1;2;46;30160
1;2;47;30352
1;2;48;30243
1;2;49;30218
1;2;50;30190
1;2;51;34825
1;2;52;33003
1;2;53;32949
1;2;54;31189
1;2;55;940
1;2;56;24119
1;2;57;644
1;2;58;964
1;2;59;951
1;2;60;25743
1;2;61;1005
1;2;62;7205
1;2;63;23982
1;2;64;4721
1;2;65;952
1;2;66;944
1;2;67;597
1;2;68;30199
1;2;69;927
1;2;70;658
1;2;71;32985
1;2;72;33226
1;2;73;33306
1;2;74;29598
1;2;75;9490
1;2;76;8444
1;2;77;32245
1;2;78;33
1;2;79;7184
1;2;80;16062
1;2;81;24229
1;2;82;29398
1;2;83;29399
1;2;84;31750
1;2;85;5794
1;2;86;18963
1;2;87;24330
1;2;88;6321
1;2;89;4318
1;2;90;14927
1;2;91;23160
1;2;92;16661
1;2;93;18720
1;2;94;33070
1;2;95;32711
1;2;96;0
1;2;97;32813
1;2;98;4926
1;2;99;34582
1;2;100;4814
1;2;101;4878
1;2;102;24118
1;2;103;27700
1;2;104;839
1;2;105;31151
1;2;106;3308
1;2;107;3348
1;2;108;7097
1;2;109;162
1;2;110;31483
1;2;111;30657
1;2;112;7430
1;2;113;4337
1;2;114;1174
1;2;115;141
1;2;116;1000
1;2;117;8234
1;2;118;5229
1;2;119;23155
1;2;120;584
1;2;121;23110
1;2;122;25262
1;2;123;6248
1;2;124;2740
1;2;125;32735
1;2;126;7011
1;2;127;31188
1;2;128;5264
1;2;129;1155
1;2;130;7730
1;2;131;1517
1;2;132;573
1;2;133;7314
1;2;134;5682
1;2;135;30375
1;2;136;25920
1;2;137;2191
1;2;138;2188
1;2;139;0
2;2;1;7772
2;2;2;4974
2;2;3;4749
2;2;4;2680
2;2;5;20512
2;2;6;33849
2;2;7;5048
2;2;8;15487
2;2;9;5105
2;2;10;5170
2;2;11;4957
2;2;12;4772
2;2;13;29250
2;2;14;5832
2;2;15;8412
2;2;16;28125
2;2;17;5058
2;2;18;5144
2;2;19;5109
2;2;20;19155
2;2;21;5061
2;2;22;6359
2;2;23;4991
2;2;24;34121
2;2;25;5039
2;2;26;7480
2;2;27;1959
2;2;28;6147
2;2;29;17907
2;2;30;4934
2;2;31;34219
2;2;32;4752
2;2;33;19697
2;2;34;25678
2;2;35;5012
2;2;36;5159
2;2;37;29266
2;2;38;6887
2;2;39;1181
2;2;40;33024
2;2;41;325
2;2;42;3349
2;2;43;5038
2;2;44;4981
2;2;45;3018
2;2;46;4801
2;2;47;6395
2;2;48;1601
2;2;49;8319
2;2;50;5190
2;2;51;4857
2;2;52;4824
2;2;53;29035
2;2;54;30528
2;2;55;19087
2;2;56;19377
2;2;57;5116
2;2;58;8141
2;2;59;15760
2;2;60;33211
2;2;61;4970
2;2;62;5351
2;2;63;15825
2;2;64;32285
2;2;65;31548
2;2;66;4903
2;2;67;5052
2;2;68;5050
2;2;69;2697
2;2;70;5861
2;2;71;898
2;2;72;5127
2;2;73;4766
2;2;74;6603
2;2;75;7541
2;2;76;1739
2;2;77;4783
2;2;78;32559
2;2;79;1751
2;2;80;5550
2;2;81;8414
2;2;82;34841
2;2;83;8327
2;2;84;16607
2;2;85;338
2;2;86;4895
2;2;87;4816
2;2;88;30238
2;2;89;6272
2;2;90;4755
2;2;91;1826
2;2;92;5011
2;2;93;25100
2;2;94;5146
2;2;95;24125
2;2;96;5178
2;2;97;26064
2;2;98;6136
2;2;99;16697
2;2;100;1876
2;2;101;1875
2;2;102;5564
2;2;103;5142
2;2;104;31913
2;2;105;6144
2;2;106;5082
2;2;107;0
2;2;108;0
1;3;1;33346
1;3;2;4734
1;3;3;28899
1;3;4;4831
1;3;5;4775
1;3;6;22296
1;3;7;32568
1;3;8;5111
1;3;9;8413
1;3;10;8030
1;3;11;4977
1;3;12;4956
1;3;13;5787
1;3;14;5219
1;3;15;23070
1;3;16;5166
1;3;17;30370
1;3;18;4796
1;3;19;20010
1;3;20;30875
1;3;21;1888
1;3;22;1995
1;3;23;17262
1;3;24;5093
1;3;25;25860
1;3;26;1760
1;3;27;7300
1;3;28;2698
1;3;29;4896
1;3;30;5049
1;3;31;4797
1;3;32;32601
1;3;33;6865
1;3;34;15426
1;3;35;15940
1;3;36;5339
1;3;37;15458
1;3;38;4753
1;3;39;5005
1;3;40;895
1;3;41;5015
1;3;42;4350
1;3;43;4879
1;3;44;4798
1;3;45;34679
1;3;46;5017
1;3;47;6224
1;3;48;24162
1;3;49;28289
1;3;50;4740
1;3;51;5055
1;3;52;5097
1;3;53;8244
1;3;54;2334
1;3;55;5983
1;3;56;4945
1;3;57;5175
1;3;58;5239
1;3;59;5176
1;3;60;4955
1;3;61;5140
1;3;62;5107
1;3;63;5571
1;3;64;5152
1;3;65;4608
1;3;66;2832
1;3;67;5114
1;3;68;820
1;3;69;6010
1;3;70;19546
1;3;71;30809
1;3;72;15272
1;3;73;1625
1;3;74;8368
1;3;75;20231
1;3;76;0
1;3;77;32823
1;3;78;31661
1;3;79;31663
1;3;80;5542
1;3;81;31658
1;3;82;19836
1;3;83;4767
1;3;84;21967
1;3;85;4746
1;3;86;3140
1;3;87;4950
1;3;88;603
1;3;89;5063
1;3;90;31267
1;3;91;27327
1;3;92;4631
1;3;93;29175
1;3;94;1602
1;3;95;881
1;3;96;1065
1;3;97;1015
1;3;98;8363
1;3;99;1064
1;3;100;7747
1;3;101;1040
1;3;102;25745
1;3;103;16132
1;3;104;1303
1;3;105;7610
1;3;106;29647
1;3;107;26243
1;3;108;18835
1;3;109;14930
1;3;110;26414
1;3;111;27465
1;3;112;24047
1;3;113;16093
1;3;114;17665
1;3;115;1731
1;3;116;7070
1;3;117;642
1;3;118;817
1;3;119;34424
1;3;120;20412
1;3;121;508
1;3;122;7505
1;3;123;4487
1;3;124;23890
1;3;125;17379
1;3;126;8269
1;3;127;25341
1;3;128;18837
1;3;129;733
1;3;130;23922
1;3;131;930
1;3;132;1223
1;3;133;30382
1;3;134;844
1;3;135;1069
1;3;136;27137
1;3;137;808
1;3;138;850
1;3;139;934
1;3;140;29626
1;3;141;1085
1;3;142;5793
1;3;143;31961
1;3;144;1278
1;3;145;33926
1;3;146;30365
1;3;147;1211
1;3;148;933
1;3;149;1506
1;3;150;4618
1;3;151;851
1;3;152;20419
1;3;153;2714
1;3;154;22147
1;3;155;15168
1;3;156;24449
1;3;157;28517
1;3;158;688
1;3;159;1068
1;3;160;1337
1;3;161;17957
1;3;162;31517
1;3;163;32245
1;3;164;6378
1;3;165;28985
1;3;166;8942
1;3;167;2840
1;3;168;6759
1;3;169;8492
1;3;170;33991
1;3;171;21147
1;3;172;6255
1;3;173;7867
1;3;174;932
1;3;175;0
2;3;1;33666
2;3;2;32946
2;3;3;8607
2;3;4;31469
2;3;5;767
2;3;6;32562
2;3;7;8202
2;3;8;24180
2;3;9;562
2;3;10;1934
2;3;11;28061
2;3;12;7040
2;3;13;2259
2;3;14;23795
2;3;15;1720
2;3;16;34593
2;3;17;5303
2;3;18;15631
2;3;19;2212
2;3;20;32127
2;3;21;7437
2;3;22;33976
2;3;23;30411
2;3;24;34199
2;3;25;32876
2;3;26;33206
2;3;27;27124
2;3;28;526
2;3;29;538
2;3;30;30814
2;3;31;7618
2;3;32;30815
2;3;33;7072
2;3;34;2862
2;3;35;25776
2;3;36;1324
2;3;37;8290
2;3;38;620
2;3;39;25248
2;3;40;552
2;3;41;449
2;3;42;537
2;3;43;33947
2;3;44;4354
2;3;45;622
2;3;46;7237
2;3;47;6955
2;3;48;7714
2;3;49;6478
2;3;50;574
2;3;51;23391
2;3;52;997
2;3;53;20328
2;3;54;7694
2;3;55;812
2;3;56;33996
2;3;57;22483
2;3;58;7720
2;3;59;701
2;3;60;880
2;3;61;0
2;3;62;0
1;4;1;3223
1;4;2;31020
1;4;3;7774
1;4;4;1854
1;4;5;358
1;4;6;31461
1;4;7;3205
1;4;8;2353
1;4;9;5010
1;4;10;18
1;4;11;29730
1;4;12;4844
1;4;13;5056
1;4;14;6809
1;4;15;5018
1;4;16;4763
1;4;17;27613
1;4;18;1407
1;4;19;22171
1;4;20;6217
1;4;21;5009
1;4;22;34739
1;4;23;2539
1;4;24;7953
1;4;25;24120
1;4;26;4969
1;4;27;4884
1;4;28;5888
1;4;29;31279
1;4;30;5224
1;4;31;26079
1;4;32;29509
1;4;33;2316
1;4;34;4994
1;4;35;19987
1;4;36;5729
1;4;37;8410
1;4;38;1663
1;4;39;5636
1;4;40;5856
1;4;41;4773
1;4;42;6316
1;4;43;4985
1;4;44;5141
1;4;45;28315
1;4;46;5204
1;4;47;16580
1;4;48;20690
1;4;49;7941
1;4;50;5080
1;4;51;4815
1;4;52;32560
1;4;53;7370
1;4;54;7359
1;4;55;24306
1;4;56;16960
1;4;57;7355
1;4;58;7357
1;4;59;26248
1;4;60;7373
1;4;61;7365
1;4;62;887
1;4;63;6129
1;4;64;969
1;4;65;909
1;4;66;21179
1;4;67;15945
1;4;68;1084
1;4;69;1638
1;4;70;33002
1;4;71;32079
1;4;72;3330
1;4;73;2241
1;4;74;5792
1;4;75;16673
1;4;76;24705
1;4;77;18887
1;4;78;1247
1;4;79;1335
1;4;80;34374
1;4;81;31608
1;4;82;557
1;4;83;22825
1;4;84;624
1;4;85;1017
1;4;86;1067
1;4;87;23726
1;4;88;34646
1;4;89;34650
1;4;90;7477
1;4;91;7316
1;4;92;8201
1;4;93;19375
1;4;94;15674
1;4;95;768
1;4;96;26046
1;4;97;0
1;4;98;7492
1;4;99;2500
1;4;100;26515
1;4;101;406
1;4;102;30730
1;4;103;28784
1;4;104;16919
1;4;105;26836
1;4;106;5209
1;4;107;29032
1;4;108;114
1;4;109;16908
1;4;110;3219
1;4;111;30026
1;4;112;23596
1;4;113;22704
1;4;114;20215
1;4;115;4782
1;4;116;15074
1;4;117;27965
1;4;118;6771
1;4;119;4825
1;4;120;21343
1;4;121;25213
1;4;122;33686
1;4;123;28516
1;4;124;16575
1;4;125;32774
1;4;126;24043
1;4;127;1212
1;4;128;22184
1;4;129;15767
1;4;130;1726
1;4;131;4579
1;4;132;6498
1;4;133;2699
1;4;134;2836
1;4;135;4842
1;4;136;34672
1;4;137;2839
1;4;138;28495
1;4;139;1594
1;4;140;33236
1;4;141;361
1;4;142;23810
1;4;143;5232
1;4;144;2091
1;4;145;4800
1;4;146;6587
1;4;147;7161
1;4;148;5804
1;4;149;7104
1;4;150;5126
1;4;151;34878
1;4;152;4750
1;4;153;6286
1;4;154;4992
1;4;155;4988
1;4;156;5407
1;4;157;5189
1;4;158;5092
1;4;159;1728
1;4;160;5362
1;4;161;1824
1;4;162;17095
1;4;163;1772
1;4;164;22342
1;4;165;2621
1;4;166;6249
1;4;167;32606
1;4;168;29895
1;4;169;30710
1;4;170;2314
1;4;171;25195
1;4;172;21701
1;4;173;3046
1;4;174;5221
1;4;175;31023
1;4;176;33425
1;4;177;20621
1;4;178;4838
1;4;179;7308
1;4;180;2300
1;4;181;4804
1;4;182;5201
1;4;183;30969
1;4;184;7740
1;4;185;2306
1;4;186;1805
1;4;187;2707
1;4;188;31679
1;4;189;0
2;4;1;25188
2;4;2;34762
2;4;3;4858
2;4;4;972
2;4;5;996
2;4;6;5878
2;4;7;32109
2;4;8;27100
2;4;9;31323
2;4;10;27692
2;4;11;7646
2;4;12;32168
2;4;13;23037
2;4;14;31441
2;4;15;8497
2;4;16;1272
2;4;17;1332
2;4;18;31156
2;4;19;30825
2;4;20;5036
2;4;21;1268
2;4;22;29893
2;4;23;21300
2;4;24;1280
2;4;25;25465
2;4;26;18009
2;4;27;29839
2;4;28;22771
2;4;29;30383
2;4;30;2094
2;4;31;21297
2;4;32;256
2;4;33;29246
2;4;34;31136
2;4;35;16326
2;4;36;1957
2;4;37;25082
2;4;38;6912
2;4;39;4367
2;4;40;30242
2;4;41;33954
2;4;42;29204
2;4;43;24322
2;4;44;751
2;4;45;1083
2;4;46;32864
2;4;47;1255
2;4;48;3357
2;4;49;15265
2;4;50;804
2;4;51;26070
2;4;52;2741
2;4;53;1522
2;4;54;7009
2;4;55;7374
2;4;56;835
2;4;57;8033
2;4;58;8233
2;4;59;30165
2;4;60;8131
2;4;61;1012
2;4;62;32895
2;4;63;1221
2;4;64;27365
2;4;65;5882
2;4;66;6828
2;4;67;24882
2;4;68;2456
2;4;69;30812
2;4;70;4234
2;4;71;15911
2;4;72;1188
2;4;73;661
2;4;74;0
2;4;75;363
2;4;76;23728
2;4;77;5215
2;4;78;34288
2;4;79;30164
2;4;80;747
2;4;81;811
2;4;82;21094
2;4;83;25908
2;4;84;30157
2;4;85;34544
2;4;86;1518
2;4;87;4319
2;4;88;1241
2;4;89;32096
2;4;90;6260
2;4;91;4779
2;4;92;1246
2;4;93;28007
2;4;94;836
2;4;95;26190
2;4;96;34366
2;4;97;1273
2;4;98;2939
2;4;99;26706
2;4;100;24295
2;4;101;26862
2;4;102;1312
2;4;103;33162
2;4;104;6360
2;4;105;20255
2;4;106;20453
2;4;107;20457
2;4;108;203
2;4;109;205
2;4;110;204
2;4;111;4357
2;4;112;4328
2;4;113;26373
2;4;114;4333
2;4;115;6527
2;4;116;1189
2;4;117;31833
2;4;118;6428
2;4;119;34611
2;4;120;2346
2;4;121;121
2;4;122;4576
2;4;123;5296
2;4;124;26558
2;4;125;24042
2;4;126;2511
2;4;127;32245
2;4;128;23086
2;4;129;32370
2;4;130;32261
2;4;131;5773
2;4;132;30440
2;4;133;0
1;5;1;33666
1;5;2;24528
1;5;3;2191
1;5;4;2188
1;5;5;32776
1;5;6;19186
1;5;7;7226
1;5;8;28367
1;5;9;21589
1;5;10;18996
1;5;11;651
1;5;12;5927
1;5;13;30075
1;5;14;3197
1;5;15;4359
1;5;16;19168
1;5;17;6274
1;5;18;395
1;5;19;25704
1;5;20;17714
1;5;21;27158
1;5;22;30863
1;5;23;26317
1;5;24;24822
1;5;25;31025
1;5;26;1903
1;5;27;8361
1;5;28;4907
1;5;29;31661
1;5;30;31658
1;5;31;6503
1;5;32;31663
1;5;33;0
1;5;34;5139
1;5;35;1378
1;5;36;24389
1;5;37;5473
1;5;38;23880
1;5;39;23990
1;5;40;34306
1;5;41;1013
1;5;42;935
1;5;43;7083
1;5;44;883
1;5;45;789
1;5;46;20533
1;5;47;868
1;5;48;22253
1;5;49;1336
1;5;50;6863
1;5;51;2593
1;5;52;6169
1;5;53;766
1;5;54;31801
1;5;55;859
1;5;56;4736
1;5;57;1599
1;5;58;1230
1;5;59;1331
1;5;60;753
1;5;61;18283
1;5;62;1178
1;5;63;28022
1;5;64;34684
1;5;65;32681
1;5;66;8316
1;5;67;34111
1;5;68;5532
1;5;69;8699
1;5;70;577
1;5;71;6064
1;5;72;32386
1;5;73;6895
1;5;74;143
1;5;75;1228
1;5;76;27958
1;5;77;15958
1;5;78;1605
1;5;79;25543
1;5;80;33951
1;5;81;27561
1;5;82;33
1;5;83;32245
1;5;84;33513
1;5;85;15031
1;5;86;8435
1;5;87;31750
1;5;88;23590
1;5;89;34343
1;5;90;19441
1;5;91;6270
1;5;92;3209
1;5;93;20844
1;5;94;6181
1;5;95;17733
1;5;96;16067
1;5;97;14927
1;5;98;5297
1;5;99;3322
1;5;100;5344
1;5;101;28702
1;5;102;885
1;5;103;23456
1;5;104;5553
1;5;105;4153
1;5;106;1179
1;5;107;23621
1;5;108;1018
1;5;109;29744
1;5;110;4454
1;5;111;28198
1;5;112;0
2;5;1;21335
2;5;2;3295
2;5;3;783
2;5;4;7791
2;5;5;1213
2;5;6;1007
2;5;7;31507
2;5;8;32950
2;5;9;1008
2;5;10;33226
2;5;11;33306
2;5;12;4881
2;5;13;25586
2;5;14;7706
2;5;15;19770
2;5;16;950
2;5;17;948
2;5;18;25505
2;5;19;28546
2;5;20;6094
2;5;21;1139
2;5;22;810
2;5;23;809
2;5;24;21064
2;5;25;3238
2;5;26;4334
2;5;27;1566
2;5;28;27934
2;5;29;3329
2;5;30;8409
2;5;31;24164
2;5;32;1526
2;5;33;34331
2;5;34;5185
2;5;35;24590
2;5;36;26763
2;5;37;984
2;5;38;846
2;5;39;949
2;5;40;21839
2;5;41;23862
2;5;42;5762
2;5;43;6813
2;5;44;29911
2;5;45;5298
2;5;46;31905
2;5;47;1010
2;5;48;1184
2;5;49;31027
2;5;50;27932
2;5;51;25649
2;5;52;946
2;5;53;33839
2;5;54;23988
2;5;55;8369
2;5;56;34389
2;5;57;5908
2;5;58;4340
2;5;59;2340
2;5;60;15093
2;5;61;2524
2;5;62;24257
2;5;63;1200
2;5;64;5576
2;5;65;993
2;5;66;33953
2;5;67;19950
2;5;68;981
2;5;69;4953
2;5;70;32746
2;5;71;943
2;5;72;28987
2;5;73;8669
2;5;74;28043
2;5;75;32952
2;5;76;31051
2;5;77;29931
2;5;78;947
2;5;79;959
2;5;80;23876
2;5;81;958
2;5;82;890
2;5;83;7472
2;5;84;23702
2;5;85;853
2;5;86;6139
2;5;87;4358
2;5;88;2728
2;5;89;5791
2;5;90;1066
2;5;91;1269
2;5;92;8331
2;5;93;1924
2;5;94;1041
2;5;95;882
2;5;96;6322
2;5;97;8983
2;5;98;29892
2;5;99;33071
2;5;100;778
2;5;101;26265
2;5;102;3141
2;5;103;23852
2;5;104;3045
2;5;105;1590
2;5;106;34504
2;5;107;1603
2;5;108;8333
2;5;109;0
2;5;110;0
