1;1;1;33666
1;1;2;1374
1;1;3;7355
1;1;4;24306
1;1;5;7373
1;1;6;7357
1;1;7;7359
1;1;8;730
1;1;9;19473
1;1;10;7814
1;1;11;32560
1;1;12;4235
1;1;13;1585
1;1;14;2100
1;1;15;18872
1;1;16;7309
1;1;17;8418
1;1;18;6168
1;1;19;23810
1;1;20;1188
1;1;21;18967
1;1;22;23955
1;1;23;21094
1;1;24;1584
1;1;25;3333
1;1;26;7133
1;1;27;8971
1;1;28;2241
1;1;29;32079
1;1;30;3330
1;1;31;33002
1;1;32;28007
1;1;33;26401
1;1;34;5036
1;1;35;31904
1;1;36;31900
1;1;37;24461
1;1;38;1256
1;1;39;5679
1;1;40;20963
1;1;41;24294
1;1;42;18009
1;1;43;29839
1;1;44;205
1;1;45;33840
1;1;46;1063
1;1;47;2652
1;1;48;25584
1;1;49;33781
1;1;50;571
1;1;51;550
1;1;52;572
1;1;53;15674
1;1;54;1583
1;1;55;32300
1;1;56;23726
1;1;57;34646
1;1;58;34650
1;1;59;5264
1;1;60;1155
1;1;61;7730
1;1;62;33947
1;1;63;26046
1;1;64;0
1;1;65;0
2;1;1;33236
2;1;2;4734
2;1;3;358
2;1;4;31663
2;1;5;6503
2;1;6;31658
2;1;7;31661
2;1;8;5542
2;1;9;5131
2;1;10;4907
2;1;11;4851
2;1;12;6587
2;1;13;4845
2;1;14;27327
2;1;15;4631
2;1;16;5053
2;1;17;33203
2;1;18;317
2;1;19;32538
2;1;20;907
2;1;21;908
2;1;22;27189
2;1;23;30872
2;1;24;875
2;1;25;4986
2;1;26;34762
2;1;27;5037
2;1;28;34909
2;1;29;919
2;1;30;19000
2;1;31;1602
2;1;32;31183
2;1;33;34814
2;1;34;936
2;1;35;4201
2;1;36;29342
2;1;37;22751
2;1;38;34669
2;1;39;16759
2;1;40;30824
2;1;41;7980
2;1;42;15180
2;1;43;34612
2;1;44;31152
2;1;45;1669
2;1;46;32109
2;1;47;7424
2;1;48;960
2;1;49;1043
2;1;50;7709
2;1;51;8584
2;1;52;8272
2;1;53;32694
2;1;54;2741
2;1;55;33996
2;1;56;956
2;1;57;7646
2;1;58;835
2;1;59;31441
2;1;60;697
2;1;61;33985
2;1;62;24358
2;1;63;1255
2;1;64;3134
2;1;65;34050
2;1;66;24046
2;1;67;24044
2;1;68;1264
2;1;69;785
2;1;70;891
2;1;71;1334
2;1;72;17541
2;1;73;32973
2;1;74;1254
2;1;75;32864
2;1;76;29893
2;1;77;1268
2;1;78;31156
2;1;79;26190
2;1;80;1247
2;1;81;1246
2;1;82;4779
2;1;83;18887
2;1;84;6260
2;1;85;0
2;1;86;23728
2;1;87;28825
2;1;88;32889
2;1;89;2627
2;1;90;34458
2;1;91;26241
2;1;92;6315
2;1;93;2184
2;1;94;4935
2;1;95;3292
2;1;96;2682
2;1;97;4910
2;1;98;2949
2;1;99;4987
2;1;100;5202
2;1;101;29921
2;1;102;4748
2;1;103;1771
2;1;104;30969
2;1;105;15142
2;1;106;1727
2;1;107;1745
2;1;108;2306
2;1;109;1764
2;1;110;1755
2;1;111;5555
2;1;112;7740
2;1;113;6888
2;1;114;1734
2;1;115;2757
2;1;116;26054
2;1;117;6249
2;1;118;2621
2;1;119;30968
2;1;120;32778
2;1;121;20793
2;1;122;4904
2;1;123;576
2;1;124;21276
2;1;125;21807
2;1;126;29895
2;1;127;5788
2;1;128;30229
2;1;129;32102
2;1;130;4911
2;1;131;5012
2;1;132;25969
2;1;133;122
2;1;134;7308
2;1;135;15760
2;1;136;30152
2;1;137;3003
2;1;138;24120
2;1;139;5888
2;1;140;4884
2;1;141;7953
2;1;142;1732
2;1;143;5017
2;1;144;4978
2;1;145;4763
2;1;146;24162
2;1;147;5004
2;1;148;4875
2;1;149;5018
2;1;150;5224
2;1;151;34910
2;1;152;26079
2;1;153;4958
2;1;154;18
2;1;155;29730
2;1;156;17969
2;1;157;1758
2;1;158;5128
2;1;159;5929
2;1;160;4751
2;1;161;4956
2;1;162;4977
2;1;163;8030
2;1;164;5126
2;1;165;7104
2;1;166;5804
2;1;167;0
1;2;1;8365
1;2;2;24021
1;2;3;7617
1;2;4;6340
1;2;5;4774
1;2;6;4949
1;2;7;4823
1;2;8;5205
1;2;9;4829
1;2;10;28082
1;2;11;32809
1;2;12;892
1;2;13;4524
1;2;14;31485
1;2;15;28546
1;2;16;33740
1;2;17;17439
1;2;18;29973
1;2;19;9016
1;2;20;30758
1;2;21;31047
1;2;22;29911
1;2;23;941
1;2;24;962
1;2;25;18715
1;2;26;696
1;2;27;942
1;2;28;30934
1;2;29;3329
1;2;30;27934
1;2;31;843
1;2;32;1640
1;2;33;945
1;2;34;18716
1;2;35;16472
1;2;36;865
1;2;37;22341
1;2;38;27932
1;2;39;29943
1;2;40;30352
1;2;41;30160
1;2;42;30186
1;2;43;30351
1;2;44;34197
1;2;45;30243
1;2;46;30218
1;2;47;30190
1;2;48;34825
1;2;49;33003
1;2;50;32949
1;2;51;31189
1;2;52;940
1;2;53;964
1;2;54;24119
1;2;55;644
1;2;56;951
1;2;57;25743
1;2;58;23982
1;2;59;7205
1;2;60;1005
1;2;61;4721
1;2;62;952
1;2;63;944
1;2;64;597
1;2;65;30199
1;2;66;32985
1;2;67;33226
1;2;68;33306
1;2;69;29598
1;2;70;9490
1;2;71;8444
1;2;72;32245
1;2;73;33
1;2;74;7184
1;2;75;16062
1;2;76;24229
1;2;77;29399
1;2;78;29398
1;2;79;31750
1;2;80;23590
1;2;81;18963
1;2;82;6321
1;2;83;24330
1;2;84;4318
1;2;85;15958
1;2;86;14927
1;2;87;23160
1;2;88;16661
1;2;89;18720
1;2;90;33070
1;2;91;32711
1;2;92;0
1;2;93;1854
1;2;94;4926
1;2;95;32813
1;2;96;34582
1;2;97;4814
1;2;98;4878
1;2;99;24118
1;2;100;33104
1;2;101;7753
1;2;102;27700
1;2;103;24882
1;2;104;6828
1;2;105;2456
1;2;106;3348
1;2;107;162
1;2;108;31483
1;2;109;30657
1;2;110;7430
1;2;111;4337
1;2;112;1174
1;2;113;141
1;2;114;1000
1;2;115;5229
1;2;116;8234
1;2;117;23155
1;2;118;584
1;2;119;23110
1;2;120;768
1;2;121;4354
1;2;122;6248
1;2;123;32735
1;2;124;7315
1;2;125;7011
1;2;126;31188
1;2;127;537
1;2;128;573
1;2;129;5682
1;2;130;562
1;2;131;25920
1;2;132;2191
1;2;133;2188
1;2;134;0
2;2;1;361
2;2;2;20512
2;2;3;2680
2;2;4;1903
2;2;5;8361
2;2;6;4974
2;2;7;820
2;2;8;2832
2;2;9;8319
2;2;10;5105
2;2;11;5140
2;2;12;30528
2;2;13;4957
2;2;14;4772
2;2;15;29250
2;2;16;5832
2;2;17;8412
2;2;18;28125
2;2;19;5058
2;2;20;5144
2;2;21;5109
2;2;22;19155
2;2;23;5061
2;2;24;6359
2;2;25;4991
2;2;26;5039
2;2;27;34121
2;2;28;7480
2;2;29;1959
2;2;30;6147
2;2;31;17907
2;2;32;4934
2;2;33;4752
2;2;34;34219
2;2;35;19697
2;2;36;25678
2;2;37;8141
2;2;38;5159
2;2;39;23070
2;2;40;29266
2;2;41;5636
2;2;42;325
2;2;43;3349
2;2;44;4981
2;2;45;5038
2;2;46;3018
2;2;47;4801
2;2;48;6395
2;2;49;1601
2;2;50;5190
2;2;51;4857
2;2;52;4824
2;2;53;29035
2;2;54;5170
2;2;55;19377
2;2;56;5116
2;2;57;33211
2;2;58;4970
2;2;59;5351
2;2;60;15825
2;2;61;32285
2;2;62;31548
2;2;63;4903
2;2;64;5052
2;2;65;5050
2;2;66;5127
2;2;67;898
2;2;68;5861
2;2;69;2697
2;2;70;4766
2;2;71;7541
2;2;72;6603
2;2;73;4783
2;2;74;1739
2;2;75;32559
2;2;76;8414
2;2;77;5550
2;2;78;1751
2;2;79;34841
2;2;80;8327
2;2;81;16607
2;2;82;4895
2;2;83;4816
2;2;84;30238
2;2;85;6272
2;2;86;338
2;2;87;4755
2;2;88;1826
2;2;89;5011
2;2;90;25100
2;2;91;5146
2;2;92;24125
2;2;93;5178
2;2;94;26064
2;2;95;6136
2;2;96;16697
2;2;97;1875
2;2;98;1876
2;2;99;5564
2;2;100;5142
2;2;101;31913
2;2;102;5082
2;2;103;6144
2;2;104;0
2;2;105;0
1;3;1;4775
1;3;2;32568
1;3;3;22296
1;3;4;4831
1;3;5;5111
1;3;6;6289
1;3;7;24078
1;3;8;1181
1;3;9;6887
1;3;10;1663
1;3;11;5787
1;3;12;5219
1;3;13;4796
1;3;14;20010
1;3;15;1995
1;3;16;25860
1;3;17;5093
1;3;18;30875
1;3;19;17262
1;3;20;1888
1;3;21;1760
1;3;22;7300
1;3;23;4797
1;3;24;5049
1;3;25;32601
1;3;26;2698
1;3;27;1895
1;3;28;4896
1;3;29;17095
1;3;30;6865
1;3;31;1772
1;3;32;15426
1;3;33;15940
1;3;34;5339
1;3;35;5015
1;3;36;4753
1;3;37;895
1;3;38;15458
1;3;39;4350
1;3;40;4879
1;3;41;5005
1;3;42;4798
1;3;43;34679
1;3;44;6224
1;3;45;5006
1;3;46;28289
1;3;47;4740
1;3;48;5055
1;3;49;8244
1;3;50;5097
1;3;51;19087
1;3;52;2334
1;3;53;5983
1;3;54;5239
1;3;55;5176
1;3;56;4945
1;3;57;5175
1;3;58;4955
1;3;59;5107
1;3;60;5152
1;3;61;4608
1;3;62;5571
1;3;63;15487
1;3;64;5114
1;3;65;5048
1;3;66;6010
1;3;67;20231
1;3;68;8368
1;3;69;30809
1;3;70;19546
1;3;71;15272
1;3;72;1625
1;3;73;0
1;3;74;3223
1;3;75;31661
1;3;76;31663
1;3;77;31658
1;3;78;32823
1;3;79;603
1;3;80;4746
1;3;81;19836
1;3;82;31267
1;3;83;4767
1;3;84;21967
1;3;85;5063
1;3;86;4950
1;3;87;3140
1;3;88;795
1;3;89;29175
1;3;90;839
1;3;91;1065
1;3;92;881
1;3;93;8363
1;3;94;1015
1;3;95;1064
1;3;96;7747
1;3;97;1040
1;3;98;25745
1;3;99;16132
1;3;100;1303
1;3;101;29647
1;3;102;7610
1;3;103;26243
1;3;104;18835
1;3;105;14930
1;3;106;26414
1;3;107;27465
1;3;108;24047
1;3;109;16093
1;3;110;17665
1;3;111;1731
1;3;112;7070
1;3;113;642
1;3;114;22483
1;3;115;7374
1;3;116;17379
1;3;117;8269
1;3;118;25341
1;3;119;18837
1;3;120;733
1;3;121;23922
1;3;122;7097
1;3;123;930
1;3;124;1223
1;3;125;30382
1;3;126;844
1;3;127;1085
1;3;128;808
1;3;129;850
1;3;130;29626
1;3;131;934
1;3;132;27137
1;3;133;1069
1;3;134;33827
1;3;135;5793
1;3;136;31961
1;3;137;1278
1;3;138;26706
1;3;139;33926
1;3;140;24295
1;3;141;30365
1;3;142;1211
1;3;143;933
1;3;144;1506
1;3;145;4618
1;3;146;851
1;3;147;6654
1;3;148;20419
1;3;149;2714
1;3;150;1280
1;3;151;25465
1;3;152;22147
1;3;153;1269
1;3;154;15168
1;3;155;1924
1;3;156;24449
1;3;157;28517
1;3;158;882
1;3;159;1337
1;3;160;17957
1;3;161;31517
1;3;162;26317
1;3;163;32245
1;3;164;6378
1;3;165;8942
1;3;166;2840
1;3;167;6759
1;3;168;8492
1;3;169;33991
1;3;170;21147
1;3;171;6255
1;3;172;932
1;3;173;7867
1;3;174;0
2;3;1;33666
2;3;2;32946
2;3;3;8607
2;3;4;24528
2;3;5;767
2;3;6;32562
2;3;7;8202
2;3;8;24180
2;3;9;30375
2;3;10;1934
2;3;11;449
2;3;12;28061
2;3;13;2259
2;3;14;7040
2;3;15;5303
2;3;16;34593
2;3;17;32127
2;3;18;1720
2;3;19;23795
2;3;20;15631
2;3;21;2212
2;3;22;7437
2;3;23;33976
2;3;24;1324
2;3;25;30815
2;3;26;8290
2;3;27;34199
2;3;28;2862
2;3;29;7072
2;3;30;526
2;3;31;7618
2;3;32;25776
2;3;33;538
2;3;34;30814
2;3;35;33206
2;3;36;32876
2;3;37;27124
2;3;38;30411
2;3;39;552
2;3;40;25248
2;3;41;620
2;3;42;7314
2;3;43;1517
2;3;44;2740
2;3;45;25262
2;3;46;7237
2;3;47;622
2;3;48;6955
2;3;49;7714
2;3;50;6478
2;3;51;574
2;3;52;23391
2;3;53;20328
2;3;54;7694
2;3;55;1522
2;3;56;7009
2;3;57;7720
2;3;58;27692
2;3;59;34424
2;3;60;8188
2;3;61;31323
2;3;62;24389
2;3;63;0
2;3;64;0
1;4;1;2688
1;4;2;31461
1;4;3;17201
1;4;4;3205
1;4;5;8410
1;4;6;5010
1;4;7;18
1;4;8;4844
1;4;9;1407
1;4;10;6809
1;4;11;4763
1;4;12;27613
1;4;13;5056
1;4;14;22171
1;4;15;7953
1;4;16;31898
1;4;17;31279
1;4;18;6217
1;4;19;34739
1;4;20;5009
1;4;21;4969
1;4;22;2539
1;4;23;32702
1;4;24;6925
1;4;25;7211
1;4;26;24120
1;4;27;28819
1;4;28;4780
1;4;29;26079
1;4;30;29509
1;4;31;2316
1;4;32;4994
1;4;33;2353
1;4;34;19987
1;4;35;5729
1;4;36;34878
1;4;37;5856
1;4;38;4773
1;4;39;28315
1;4;40;5141
1;4;41;5204
1;4;42;6316
1;4;43;4985
1;4;44;16580
1;4;45;20690
1;4;46;7941
1;4;47;33849
1;4;48;5080
1;4;49;4815
1;4;50;1774
1;4;51;7359
1;4;52;7372
1;4;53;7370
1;4;54;16960
1;4;55;969
1;4;56;6129
1;4;57;21179
1;4;58;909
1;4;59;887
1;4;60;7357
1;4;61;26248
1;4;62;7371
1;4;63;24306
1;4;64;7365
1;4;65;7355
1;4;66;1335
1;4;67;1246
1;4;68;16673
1;4;69;1638
1;4;70;32079
1;4;71;29975
1;4;72;2483
1;4;73;5792
1;4;74;1084
1;4;75;1247
1;4;76;997
1;4;77;34374
1;4;78;31608
1;4;79;557
1;4;80;22825
1;4;81;624
1;4;82;1017
1;4;83;1067
1;4;84;23726
1;4;85;34650
1;4;86;34646
1;4;87;7477
1;4;88;7316
1;4;89;8201
1;4;90;15674
1;4;91;19375
1;4;92;26046
1;4;93;0
1;4;94;363
1;4;95;7774
1;4;96;16908
1;4;97;16575
1;4;98;6771
1;4;99;114
1;4;100;16919
1;4;101;5209
1;4;102;3219
1;4;103;30730
1;4;104;2500
1;4;105;25213
1;4;106;29032
1;4;107;21343
1;4;108;33686
1;4;109;22704
1;4;110;15074
1;4;111;26515
1;4;112;23596
1;4;113;406
1;4;114;4825
1;4;115;28516
1;4;116;24043
1;4;117;27965
1;4;118;28784
1;4;119;4782
1;4;120;26836
1;4;121;7492
1;4;122;1212
1;4;123;30026
1;4;124;20215
1;4;125;32774
1;4;126;22184
1;4;127;15767
1;4;128;1726
1;4;129;4579
1;4;130;6498
1;4;131;2699
1;4;132;31020
1;4;133;28495
1;4;134;34672
1;4;135;1594
1;4;136;4842
1;4;137;2839
1;4;138;33346
1;4;139;7772
1;4;140;33236
1;4;141;21335
1;4;142;28899
1;4;143;2836
1;4;144;25188
1;4;145;33532
1;4;146;2091
1;4;147;4800
1;4;148;5232
1;4;149;6587
1;4;150;7161
1;4;151;8211
1;4;152;8413
1;4;153;33024
1;4;154;4750
1;4;155;6286
1;4;156;4992
1;4;157;4988
1;4;158;5407
1;4;159;5189
1;4;160;5362
1;4;161;5092
1;4;162;1728
1;4;163;1824
1;4;164;22342
1;4;165;32606
1;4;166;30710
1;4;167;2314
1;4;168;25195
1;4;169;21701
1;4;170;3046
1;4;171;5221
1;4;172;31023
1;4;173;33425
1;4;174;20621
1;4;175;4838
1;4;176;7308
1;4;177;2300
1;4;178;4804
1;4;179;5201
1;4;180;31679
1;4;181;2707
1;4;182;1805
1;4;183;2306
1;4;184;7740
1;4;185;30370
1;4;186;5166
1;4;187;0
2;4;1;23728
2;4;2;5215
2;4;3;34288
2;4;4;5139
2;4;5;996
2;4;6;5878
2;4;7;1378
2;4;8;32109
2;4;9;817
2;4;10;20412
2;4;11;701
2;4;12;508
2;4;13;7505
2;4;14;4487
2;4;15;23890
2;4;16;32168
2;4;17;8033
2;4;18;23037
2;4;19;7979
2;4;20;5970
2;4;21;7137
2;4;22;8497
2;4;23;1272
2;4;24;1332
2;4;25;30825
2;4;26;31156
2;4;27;2516
2;4;28;5036
2;4;29;1268
2;4;30;18006
2;4;31;29839
2;4;32;22771
2;4;33;30383
2;4;34;2094
2;4;35;21297
2;4;36;256
2;4;37;29246
2;4;38;31136
2;4;39;16326
2;4;40;1957
2;4;41;25082
2;4;42;33954
2;4;43;4367
2;4;44;30242
2;4;45;29204
2;4;46;6912
2;4;47;24322
2;4;48;751
2;4;49;1083
2;4;50;30089
2;4;51;1255
2;4;52;1066
2;4;53;3357
2;4;54;15265
2;4;55;804
2;4;56;26070
2;4;57;2741
2;4;58;812
2;4;59;7646
2;4;60;29087
2;4;61;34486
2;4;62;8233
2;4;63;32895
2;4;64;30165
2;4;65;8131
2;4;66;1012
2;4;67;1221
2;4;68;27365
2;4;69;5882
2;4;70;3308
2;4;71;30812
2;4;72;31151
2;4;73;15911
2;4;74;4234
2;4;75;661
2;4;76;0
2;4;77;34762
2;4;78;4858
2;4;79;30164
2;4;80;747
2;4;81;811
2;4;82;21094
2;4;83;25908
2;4;84;30157
2;4;85;34544
2;4;86;1518
2;4;87;4319
2;4;88;883
2;4;89;20533
2;4;90;789
2;4;91;31588
2;4;92;23106
2;4;93;24705
2;4;94;15945
2;4;95;28007
2;4;96;836
2;4;97;30149
2;4;98;29885
2;4;99;34366
2;4;100;1273
2;4;101;2939
2;4;102;26862
2;4;103;33162
2;4;104;1312
2;4;105;6360
2;4;106;20255
2;4;107;20457
2;4;108;20453
2;4;109;204
2;4;110;205
2;4;111;203
2;4;112;4357
2;4;113;4328
2;4;114;6527
2;4;115;4333
2;4;116;26373
2;4;117;1189
2;4;118;31833
2;4;119;2346
2;4;120;34611
2;4;121;6428
2;4;122;4576
2;4;123;29892
2;4;124;26558
2;4;125;5296
2;4;126;24042
2;4;127;2511
2;4;128;32245
2;4;129;23086
2;4;130;32370
2;4;131;32261
2;4;132;5773
2;4;133;30440
2;4;134;0
1;5;1;33666
1;5;2;31469
1;5;3;2191
1;5;4;2188
1;5;5;32776
1;5;6;19186
1;5;7;7226
1;5;8;28367
1;5;9;21589
1;5;10;18996
1;5;11;651
1;5;12;5927
1;5;13;28985
1;5;14;30075
1;5;15;3197
1;5;16;6274
1;5;17;19168
1;5;18;4359
1;5;19;395
1;5;20;25704
1;5;21;17714
1;5;22;27158
1;5;23;30863
1;5;24;24822
1;5;25;31025
1;5;26;4749
1;5;27;4852
1;5;28;31661
1;5;29;31658
1;5;30;31663
1;5;31;0
1;5;32;5226
1;5;33;972
1;5;34;880
1;5;35;27100
1;5;36;5473
1;5;37;23880
1;5;38;23990
1;5;39;1013
1;5;40;34306
1;5;41;935
1;5;42;7083
1;5;43;4088
1;5;44;33904
1;5;45;868
1;5;46;22253
1;5;47;1336
1;5;48;32096
1;5;49;6863
1;5;50;2593
1;5;51;6169
1;5;52;766
1;5;53;1241
1;5;54;859
1;5;55;31801
1;5;56;4736
1;5;57;1599
1;5;58;1230
1;5;59;1331
1;5;60;753
1;5;61;18283
1;5;62;1178
1;5;63;28022
1;5;64;34684
1;5;65;32681
1;5;66;8316
1;5;67;34111
1;5;68;5532
1;5;69;8699
1;5;70;577
1;5;71;32386
1;5;72;6064
1;5;73;1228
1;5;74;6895
1;5;75;143
1;5;76;27958
1;5;77;1605
1;5;78;25543
1;5;79;33951
1;5;80;27561
1;5;81;33
1;5;82;32245
1;5;83;15031
1;5;84;33513
1;5;85;8435
1;5;86;31750
1;5;87;5794
1;5;88;34343
1;5;89;19441
1;5;90;6270
1;5;91;3209
1;5;92;20844
1;5;93;6181
1;5;94;17733
1;5;95;16067
1;5;96;14927
1;5;97;5297
1;5;98;3322
1;5;99;5344
1;5;100;28702
1;5;101;885
1;5;102;5553
1;5;103;23456
1;5;104;4153
1;5;105;23621
1;5;106;1179
1;5;107;1018
1;5;108;28198
1;5;109;4454
1;5;110;29744
1;5;111;0
2;5;1;3295
2;5;2;7791
2;5;3;783
2;5;4;1213
2;5;5;1007
2;5;6;31507
2;5;7;4881
2;5;8;1008
2;5;9;658
2;5;10;927
2;5;11;33226
2;5;12;33306
2;5;13;32950
2;5;14;6813
2;5;15;21839
2;5;16;25586
2;5;17;7706
2;5;18;19770
2;5;19;948
2;5;20;950
2;5;21;25505
2;5;22;28546
2;5;23;3115
2;5;24;6094
2;5;25;1139
2;5;26;810
2;5;27;809
2;5;28;21064
2;5;29;3238
2;5;30;4334
2;5;31;1566
2;5;32;27934
2;5;33;24163
2;5;34;8409
2;5;35;24164
2;5;36;34331
2;5;37;1526
2;5;38;5185
2;5;39;846
2;5;40;26763
2;5;41;984
2;5;42;24590
2;5;43;949
2;5;44;23862
2;5;45;5762
2;5;46;5298
2;5;47;31905
2;5;48;1010
2;5;49;1184
2;5;50;31027
2;5;51;27932
2;5;52;33318
2;5;53;25649
2;5;54;33839
2;5;55;946
2;5;56;23988
2;5;57;8369
2;5;58;34389
2;5;59;32952
2;5;60;4340
2;5;61;2340
2;5;62;15093
2;5;63;2524
2;5;64;1200
2;5;65;24257
2;5;66;5576
2;5;67;993
2;5;68;981
2;5;69;33953
2;5;70;19950
2;5;71;4953
2;5;72;32746
2;5;73;5908
2;5;74;943
2;5;75;28043
2;5;76;8669
2;5;77;28987
2;5;78;31051
2;5;79;29931
2;5;80;947
2;5;81;958
2;5;82;959
2;5;83;890
2;5;84;23876
2;5;85;7472
2;5;86;23702
2;5;87;6139
2;5;88;4358
2;5;89;853
2;5;90;2728
2;5;91;5791
2;5;92;1267
2;5;93;21300
2;5;94;8331
2;5;95;688
2;5;96;1041
2;5;97;1068
2;5;98;8983
2;5;99;6322
2;5;100;121
2;5;101;33071
2;5;102;778
2;5;103;26265
2;5;104;3141
2;5;105;23852
2;5;106;3045
2;5;107;1590
2;5;108;34504
2;5;109;1603
2;5;110;8333
2;5;111;0
2;5;112;0
