1;1;1;33666
1;1;2;1374
1;1;3;7357
1;1;4;26248
1;1;5;24306
1;1;6;16960
1;1;7;7355
1;1;8;7359
1;1;9;730
1;1;10;19473
1;1;11;7814
1;1;12;1774
1;1;13;1585
1;1;14;2100
1;1;15;4235
1;1;16;18872
1;1;17;7309
1;1;18;6587
1;1;19;2091
1;1;20;33532
1;1;21;795
1;1;22;29175
1;1;23;1188
1;1;24;18967
1;1;25;23955
1;1;26;21094
1;1;27;4088
1;1;28;1584
1;1;29;3333
1;1;30;7133
1;1;31;31588
1;1;32;2241
1;1;33;3330
1;1;34;32079
1;1;35;33002
1;1;36;28007
1;1;37;26401
1;1;38;5036
1;1;39;24461
1;1;40;5679
1;1;41;31904
1;1;42;31900
1;1;43;20963
1;1;44;24294
1;1;45;1256
1;1;46;18009
1;1;47;29839
1;1;48;205
1;1;49;33840
1;1;50;25584
1;1;51;1063
1;1;52;2652
1;1;53;33781
1;1;54;571
1;1;55;550
1;1;56;572
1;1;57;15674
1;1;58;1583
1;1;59;32300
1;1;60;23726
1;1;61;34646
1;1;62;34650
1;1;63;5264
1;1;64;1155
1;1;65;26046
1;1;66;0
1;1;67;0
2;1;1;33236
2;1;2;32823
2;1;3;5542
2;1;4;31658
2;1;5;6503
2;1;6;31663
2;1;7;31661
2;1;8;4852
2;1;9;5131
2;1;10;4851
2;1;11;8418
2;1;12;4845
2;1;13;4800
2;1;14;4631
2;1;15;6168
2;1;16;5053
2;1;17;33203
2;1;18;317
2;1;19;32538
2;1;20;27189
2;1;21;907
2;1;22;908
2;1;23;30872
2;1;24;875
2;1;25;4986
2;1;26;34762
2;1;27;4858
2;1;28;919
2;1;29;34909
2;1;30;19000
2;1;31;7753
2;1;32;1602
2;1;33;31183
2;1;34;22751
2;1;35;34814
2;1;36;936
2;1;37;29342
2;1;38;4201
2;1;39;34669
2;1;40;16759
2;1;41;30824
2;1;42;7980
2;1;43;15180
2;1;44;34612
2;1;45;31152
2;1;46;1669
2;1;47;32109
2;1;48;7424
2;1;49;960
2;1;50;1043
2;1;51;7709
2;1;52;8584
2;1;53;8272
2;1;54;32694
2;1;55;2741
2;1;56;7009
2;1;57;7646
2;1;58;32168
2;1;59;31441
2;1;60;697
2;1;61;1278
2;1;62;33985
2;1;63;24358
2;1;64;1255
2;1;65;34050
2;1;66;24046
2;1;67;24044
2;1;68;1264
2;1;69;785
2;1;70;3134
2;1;71;1254
2;1;72;1334
2;1;73;17541
2;1;74;32973
2;1;75;891
2;1;76;1267
2;1;77;29893
2;1;78;1268
2;1;79;31156
2;1;80;26190
2;1;81;1247
2;1;82;1246
2;1;83;18887
2;1;84;24705
2;1;85;6260
2;1;86;0
2;1;87;23728
2;1;88;28825
2;1;89;32889
2;1;90;2627
2;1;91;34458
2;1;92;26241
2;1;93;6315
2;1;94;2184
2;1;95;4935
2;1;96;2682
2;1;97;3292
2;1;98;4910
2;1;99;2949
2;1;100;4987
2;1;101;5202
2;1;102;29921
2;1;103;4748
2;1;104;1771
2;1;105;6888
2;1;106;1727
2;1;107;1764
2;1;108;1734
2;1;109;15142
2;1;110;2757
2;1;111;7740
2;1;112;5555
2;1;113;2306
2;1;114;26054
2;1;115;32601
2;1;116;1895
2;1;117;6249
2;1;118;2621
2;1;119;30968
2;1;120;32778
2;1;121;20793
2;1;122;4904
2;1;123;576
2;1;124;21276
2;1;125;21807
2;1;126;29895
2;1;127;5788
2;1;128;30229
2;1;129;32102
2;1;130;4911
2;1;131;8141
2;1;132;25969
2;1;133;7308
2;1;134;122
2;1;135;30152
2;1;136;3003
2;1;137;24120
2;1;138;7211
2;1;139;31898
2;1;140;7953
2;1;141;1732
2;1;142;5017
2;1;143;4978
2;1;144;4763
2;1;145;5004
2;1;146;4875
2;1;147;5018
2;1;148;5224
2;1;149;34910
2;1;150;26079
2;1;151;4958
2;1;152;18
2;1;153;29730
2;1;154;17969
2;1;155;1758
2;1;156;5929
2;1;157;5128
2;1;158;4751
2;1;159;6887
2;1;160;4977
2;1;161;24078
2;1;162;8413
2;1;163;3349
2;1;164;3018
2;1;165;0
1;2;1;5226
1;2;2;8365
1;2;3;24021
1;2;4;6340
1;2;5;7617
1;2;6;4774
1;2;7;4949
1;2;8;4823
1;2;9;5205
1;2;10;4829
1;2;11;28082
1;2;12;32809
1;2;13;892
1;2;14;4524
1;2;15;31485
1;2;16;28546
1;2;17;3115
1;2;18;17439
1;2;19;29973
1;2;20;30758
1;2;21;9016
1;2;22;31047
1;2;23;33740
1;2;24;29911
1;2;25;941
1;2;26;962
1;2;27;18715
1;2;28;696
1;2;29;942
1;2;30;30934
1;2;31;3329
1;2;32;27934
1;2;33;843
1;2;34;1640
1;2;35;945
1;2;36;18716
1;2;37;16472
1;2;38;22341
1;2;39;865
1;2;40;27932
1;2;41;29943
1;2;42;34197
1;2;43;30160
1;2;44;30186
1;2;45;30351
1;2;46;30352
1;2;47;30243
1;2;48;30218
1;2;49;30190
1;2;50;34825
1;2;51;33003
1;2;52;32949
1;2;53;31189
1;2;54;940
1;2;55;964
1;2;56;24119
1;2;57;644
1;2;58;25743
1;2;59;951
1;2;60;23982
1;2;61;1005
1;2;62;7205
1;2;63;4721
1;2;64;952
1;2;65;944
1;2;66;597
1;2;67;30199
1;2;68;32985
1;2;69;33226
1;2;70;33306
1;2;71;29598
1;2;72;9490
1;2;73;8444
1;2;74;32245
1;2;75;33
1;2;76;7184
1;2;77;16062
1;2;78;24229
1;2;79;29399
1;2;80;29398
1;2;81;31750
1;2;82;23590
1;2;83;6321
1;2;84;24330
1;2;85;18963
1;2;86;4318
1;2;87;15958
1;2;88;14927
1;2;89;23160
1;2;90;16661
1;2;91;18720
1;2;92;33070
1;2;93;32711
1;2;94;0
1;2;95;4926
1;2;96;32813
1;2;97;34582
1;2;98;4814
1;2;99;4878
1;2;100;24118
1;2;101;33104
1;2;102;4234
1;2;103;27700
1;2;104;6828
1;2;105;2456
1;2;106;24882
1;2;107;5882
1;2;108;162
1;2;109;31483
1;2;110;30657
1;2;111;7430
1;2;112;4337
1;2;113;23391
1;2;114;141
1;2;115;1000
1;2;116;5229
1;2;117;8234
1;2;118;23155
1;2;119;584
1;2;120;23110
1;2;121;768
1;2;122;7237
1;2;123;622
1;2;124;32735
1;2;125;7011
1;2;126;31188
1;2;127;7315
1;2;128;7730
1;2;129;1517
1;2;130;537
1;2;131;1934
1;2;132;25920
1;2;133;562
1;2;134;2191
1;2;135;2188
1;2;136;0
2;2;1;7772
2;2;2;20512
2;2;3;2680
2;2;4;1903
2;2;5;7161
2;2;6;820
2;2;7;2832
2;2;8;1601
2;2;9;5105
2;2;10;5140
2;2;11;30528
2;2;12;4957
2;2;13;4772
2;2;14;5832
2;2;15;29250
2;2;16;8412
2;2;17;28125
2;2;18;5058
2;2;19;5144
2;2;20;5109
2;2;21;19155
2;2;22;5061
2;2;23;4991
2;2;24;6359
2;2;25;5039
2;2;26;34121
2;2;27;7480
2;2;28;1959
2;2;29;6147
2;2;30;17907
2;2;31;4934
2;2;32;15760
2;2;33;34219
2;2;34;4752
2;2;35;19697
2;2;36;25678
2;2;37;5012
2;2;38;5159
2;2;39;23070
2;2;40;29266
2;2;41;5636
2;2;42;6289
2;2;43;7104
2;2;44;5038
2;2;45;4981
2;2;46;5804
2;2;47;8211
2;2;48;4801
2;2;49;6395
2;2;50;8319
2;2;51;5190
2;2;52;4857
2;2;53;4824
2;2;54;29035
2;2;55;5170
2;2;56;19377
2;2;57;5116
2;2;58;33211
2;2;59;4970
2;2;60;5351
2;2;61;15825
2;2;62;32285
2;2;63;31548
2;2;64;4903
2;2;65;5052
2;2;66;5050
2;2;67;4766
2;2;68;5127
2;2;69;2697
2;2;70;5861
2;2;71;898
2;2;72;6603
2;2;73;7541
2;2;74;1739
2;2;75;4783
2;2;76;32559
2;2;77;5550
2;2;78;8414
2;2;79;1751
2;2;80;34841
2;2;81;8327
2;2;82;16607
2;2;83;338
2;2;84;4816
2;2;85;4895
2;2;86;30238
2;2;87;6272
2;2;88;4755
2;2;89;1826
2;2;90;5011
2;2;91;25100
2;2;92;24125
2;2;93;5146
2;2;94;5178
2;2;95;26064
2;2;96;6136
2;2;97;16697
2;2;98;1875
2;2;99;1876
2;2;100;5564
2;2;101;5142
2;2;102;31913
2;2;103;5082
2;2;104;6144
2;2;105;0
2;2;106;0
1;3;1;3223
1;3;2;8361
1;3;3;4775
1;3;4;32568
1;3;5;22296
1;3;6;4831
1;3;7;5111
1;3;8;325
1;3;9;8030
1;3;10;1181
1;3;11;1663
1;3;12;5787
1;3;13;5219
1;3;14;30370
1;3;15;4796
1;3;16;20010
1;3;17;5093
1;3;18;30875
1;3;19;1995
1;3;20;25860
1;3;21;17262
1;3;22;1888
1;3;23;1760
1;3;24;7300
1;3;25;2698
1;3;26;4896
1;3;27;4797
1;3;28;5049
1;3;29;17095
1;3;30;1772
1;3;31;6865
1;3;32;15426
1;3;33;15940
1;3;34;5339
1;3;35;4350
1;3;36;4879
1;3;37;5015
1;3;38;15458
1;3;39;4753
1;3;40;5005
1;3;41;895
1;3;42;4798
1;3;43;34679
1;3;44;6224
1;3;45;5006
1;3;46;28289
1;3;47;4740
1;3;48;5055
1;3;49;8244
1;3;50;5097
1;3;51;19087
1;3;52;2334
1;3;53;5983
1;3;54;4945
1;3;55;5176
1;3;56;5175
1;3;57;5239
1;3;58;4955
1;3;59;5107
1;3;60;5152
1;3;61;4608
1;3;62;5571
1;3;63;15487
1;3;64;5114
1;3;65;5048
1;3;66;6010
1;3;67;20231
1;3;68;8368
1;3;69;30809
1;3;70;19546
1;3;71;1625
1;3;72;15272
1;3;73;0
1;3;74;358
1;3;75;31661
1;3;76;31663
1;3;77;31658
1;3;78;5063
1;3;79;3140
1;3;80;31267
1;3;81;4746
1;3;82;603
1;3;83;4767
1;3;84;4950
1;3;85;21967
1;3;86;19836
1;3;87;23810
1;3;88;839
1;3;89;1064
1;3;90;1065
1;3;91;881
1;3;92;1015
1;3;93;8363
1;3;94;7747
1;3;95;25745
1;3;96;1040
1;3;97;16132
1;3;98;1303
1;3;99;7610
1;3;100;29647
1;3;101;26243
1;3;102;18835
1;3;103;14930
1;3;104;26414
1;3;105;27465
1;3;106;24047
1;3;107;16093
1;3;108;17665
1;3;109;1731
1;3;110;7070
1;3;111;642
1;3;112;22483
1;3;113;23890
1;3;114;17379
1;3;115;8269
1;3;116;25341
1;3;117;18837
1;3;118;733
1;3;119;23922
1;3;120;7097
1;3;121;930
1;3;122;1223
1;3;123;30382
1;3;124;844
1;3;125;1085
1;3;126;808
1;3;127;850
1;3;128;29626
1;3;129;934
1;3;130;27137
1;3;131;1069
1;3;132;33827
1;3;133;5793
1;3;134;31961
1;3;135;26706
1;3;136;33926
1;3;137;24295
1;3;138;30365
1;3;139;1211
1;3;140;933
1;3;141;851
1;3;142;4618
1;3;143;1506
1;3;144;6654
1;3;145;20419
1;3;146;2714
1;3;147;22147
1;3;148;25465
1;3;149;1269
1;3;150;21300
1;3;151;15168
1;3;152;28517
1;3;153;24449
1;3;154;688
1;3;155;882
1;3;156;1337
1;3;157;17957
1;3;158;31517
1;3;159;26317
1;3;160;32245
1;3;161;6378
1;3;162;8942
1;3;163;2840
1;3;164;6759
1;3;165;8492
1;3;166;33991
1;3;167;21147
1;3;168;6255
1;3;169;932
1;3;170;7867
1;3;171;0
2;3;1;28899
2;3;2;1854
2;3;3;2688
2;3;4;33666
2;3;5;32946
2;3;6;8607
2;3;7;24528
2;3;8;767
2;3;9;32562
2;3;10;8202
2;3;11;24180
2;3;12;30375
2;3;13;5682
2;3;14;449
2;3;15;2259
2;3;16;28061
2;3;17;7040
2;3;18;5303
2;3;19;1720
2;3;20;15631
2;3;21;23795
2;3;22;32127
2;3;23;2212
2;3;24;34593
2;3;25;7437
2;3;26;33976
2;3;27;30411
2;3;28;7072
2;3;29;1324
2;3;30;526
2;3;31;30815
2;3;32;538
2;3;33;25776
2;3;34;7618
2;3;35;30814
2;3;36;2862
2;3;37;34199
2;3;38;33206
2;3;39;32876
2;3;40;27124
2;3;41;8290
2;3;42;552
2;3;43;25248
2;3;44;620
2;3;45;33947
2;3;46;573
2;3;47;7314
2;3;48;2740
2;3;49;25262
2;3;50;6248
2;3;51;4354
2;3;52;6955
2;3;53;7714
2;3;54;6478
2;3;55;574
2;3;56;1174
2;3;57;7694
2;3;58;20328
2;3;59;1522
2;3;60;33996
2;3;61;7720
2;3;62;27692
2;3;63;701
2;3;64;817
2;3;65;8188
2;3;66;31323
2;3;67;880
2;3;68;0
2;3;69;0
1;4;1;363
1;4;2;33236
1;4;3;31461
1;4;4;17201
1;4;5;3205
1;4;6;8410
1;4;7;2353
1;4;8;5729
1;4;9;5010
1;4;10;18
1;4;11;4844
1;4;12;1407
1;4;13;22171
1;4;14;4763
1;4;15;27613
1;4;16;24162
1;4;17;5056
1;4;18;6809
1;4;19;5009
1;4;20;4969
1;4;21;4884
1;4;22;34739
1;4;23;31279
1;4;24;6925
1;4;25;4780
1;4;26;2539
1;4;27;6217
1;4;28;28819
1;4;29;24120
1;4;30;7953
1;4;31;5888
1;4;32;32702
1;4;33;26079
1;4;34;2316
1;4;35;29509
1;4;36;19987
1;4;37;4994
1;4;38;4956
1;4;39;34878
1;4;40;5856
1;4;41;4773
1;4;42;5204
1;4;43;5141
1;4;44;4985
1;4;45;28315
1;4;46;6316
1;4;47;16580
1;4;48;7941
1;4;49;20690
1;4;50;33849
1;4;51;5080
1;4;52;4815
1;4;53;32560
1;4;54;7355
1;4;55;7359
1;4;56;7372
1;4;57;887
1;4;58;969
1;4;59;21179
1;4;60;909
1;4;61;6129
1;4;62;7370
1;4;63;7365
1;4;64;7371
1;4;65;7373
1;4;66;24306
1;4;67;7357
1;4;68;1335
1;4;69;4779
1;4;70;16673
1;4;71;1638
1;4;72;32079
1;4;73;29975
1;4;74;2483
1;4;75;5792
1;4;76;1084
1;4;77;1247
1;4;78;15945
1;4;79;997
1;4;80;34374
1;4;81;31608
1;4;82;557
1;4;83;22825
1;4;84;624
1;4;85;1017
1;4;86;1067
1;4;87;23726
1;4;88;34646
1;4;89;34650
1;4;90;7477
1;4;91;8201
1;4;92;7316
1;4;93;15674
1;4;94;19375
1;4;95;26046
1;4;96;0
1;4;97;25213
1;4;98;21343
1;4;99;114
1;4;100;2500
1;4;101;28784
1;4;102;6771
1;4;103;28516
1;4;104;24043
1;4;105;20215
1;4;106;406
1;4;107;4825
1;4;108;30730
1;4;109;4782
1;4;110;26515
1;4;111;23596
1;4;112;3219
1;4;113;5209
1;4;114;32774
1;4;115;29032
1;4;116;16908
1;4;117;30026
1;4;118;1212
1;4;119;7492
1;4;120;16919
1;4;121;33686
1;4;122;16575
1;4;123;22704
1;4;124;27965
1;4;125;26836
1;4;126;15074
1;4;127;22184
1;4;128;15767
1;4;129;1726
1;4;130;4579
1;4;131;6498
1;4;132;2699
1;4;133;33346
1;4;134;7774
1;4;135;25188
1;4;136;21335
1;4;137;31020
1;4;138;2839
1;4;139;4842
1;4;140;28495
1;4;141;34672
1;4;142;1594
1;4;143;361
1;4;144;27327
1;4;145;5232
1;4;146;6587
1;4;147;5126
1;4;148;33024
1;4;149;4750
1;4;150;6286
1;4;151;4992
1;4;152;4988
1;4;153;5407
1;4;154;5189
1;4;155;5362
1;4;156;1728
1;4;157;5092
1;4;158;1824
1;4;159;22342
1;4;160;32606
1;4;161;30710
1;4;162;2314
1;4;163;25195
1;4;164;21701
1;4;165;3046
1;4;166;5221
1;4;167;31023
1;4;168;33425
1;4;169;20621
1;4;170;4838
1;4;171;7308
1;4;172;2300
1;4;173;4804
1;4;174;5201
1;4;175;30969
1;4;176;31679
1;4;177;1805
1;4;178;1755
1;4;179;7740
1;4;180;1745
1;4;181;2707
1;4;182;2306
1;4;183;5166
1;4;184;0
2;4;1;23728
2;4;2;5215
2;4;3;5037
2;4;4;5139
2;4;5;996
2;4;6;5878
2;4;7;1378
2;4;8;32109
2;4;9;20412
2;4;10;34424
2;4;11;508
2;4;12;7505
2;4;13;4487
2;4;14;7374
2;4;15;835
2;4;16;8033
2;4;17;7137
2;4;18;23037
2;4;19;7979
2;4;20;5970
2;4;21;8497
2;4;22;1272
2;4;23;1332
2;4;24;30825
2;4;25;31156
2;4;26;2516
2;4;27;5036
2;4;28;1268
2;4;29;18006
2;4;30;22771
2;4;31;29839
2;4;32;30383
2;4;33;2094
2;4;34;21297
2;4;35;256
2;4;36;29246
2;4;37;16326
2;4;38;31136
2;4;39;1957
2;4;40;25082
2;4;41;33954
2;4;42;30242
2;4;43;4367
2;4;44;29204
2;4;45;6912
2;4;46;24322
2;4;47;751
2;4;48;1083
2;4;49;30089
2;4;50;1255
2;4;51;32864
2;4;52;1066
2;4;53;3357
2;4;54;15265
2;4;55;804
2;4;56;26070
2;4;57;2741
2;4;58;956
2;4;59;812
2;4;60;7646
2;4;61;29087
2;4;62;34486
2;4;63;8233
2;4;64;1221
2;4;65;30165
2;4;66;32895
2;4;67;1012
2;4;68;8131
2;4;69;27365
2;4;70;3348
2;4;71;3308
2;4;72;30812
2;4;73;31151
2;4;74;15911
2;4;75;972
2;4;76;0
2;4;77;2836
2;4;78;34762
2;4;79;34288
2;4;80;30164
2;4;81;747
2;4;82;811
2;4;83;21094
2;4;84;25908
2;4;85;30157
2;4;86;34544
2;4;87;1518
2;4;88;4319
2;4;89;883
2;4;90;20533
2;4;91;789
2;4;92;23106
2;4;93;1246
2;4;94;836
2;4;95;28007
2;4;96;30149
2;4;97;29885
2;4;98;34366
2;4;99;1273
2;4;100;2939
2;4;101;26862
2;4;102;33162
2;4;103;1312
2;4;104;6360
2;4;105;20255
2;4;106;20457
2;4;107;20453
2;4;108;203
2;4;109;205
2;4;110;204
2;4;111;4357
2;4;112;4328
2;4;113;6527
2;4;114;4333
2;4;115;26373
2;4;116;1189
2;4;117;31833
2;4;118;34611
2;4;119;6428
2;4;120;2346
2;4;121;4576
2;4;122;121
2;4;123;29892
2;4;124;2511
2;4;125;24042
2;4;126;5296
2;4;127;26558
2;4;128;32245
2;4;129;23086
2;4;130;32370
2;4;131;32261
2;4;132;5773
2;4;133;30440
2;4;134;0
1;5;1;33666
1;5;2;31469
1;5;3;2191
1;5;4;2188
1;5;5;32776
1;5;6;19186
1;5;7;7226
1;5;8;28367
1;5;9;21589
1;5;10;18996
1;5;11;651
1;5;12;5927
1;5;13;28985
1;5;14;30075
1;5;15;3197
1;5;16;6274
1;5;17;4359
1;5;18;19168
1;5;19;395
1;5;20;25704
1;5;21;17714
1;5;22;27158
1;5;23;30863
1;5;24;24822
1;5;25;31025
1;5;26;4749
1;5;27;4974
1;5;28;4907
1;5;29;31661
1;5;30;31658
1;5;31;31663
1;5;32;0
1;5;33;4734
1;5;34;661
1;5;35;24389
1;5;36;27100
1;5;37;5473
1;5;38;23880
1;5;39;23990
1;5;40;34306
1;5;41;1013
1;5;42;935
1;5;43;7083
1;5;44;33904
1;5;45;8971
1;5;46;868
1;5;47;22253
1;5;48;1336
1;5;49;32096
1;5;50;6863
1;5;51;2593
1;5;52;6169
1;5;53;766
1;5;54;1241
1;5;55;859
1;5;56;31801
1;5;57;4736
1;5;58;1599
1;5;59;1230
1;5;60;1331
1;5;61;753
1;5;62;18283
1;5;63;1178
1;5;64;28022
1;5;65;34684
1;5;66;32681
1;5;67;8316
1;5;68;34111
1;5;69;5532
1;5;70;8699
1;5;71;6064
1;5;72;32386
1;5;73;577
1;5;74;1228
1;5;75;6895
1;5;76;143
1;5;77;27958
1;5;78;1605
1;5;79;25543
1;5;80;33951
1;5;81;27561
1;5;82;33
1;5;83;32245
1;5;84;33513
1;5;85;15031
1;5;86;8435
1;5;87;31750
1;5;88;5794
1;5;89;34343
1;5;90;19441
1;5;91;6270
1;5;92;3209
1;5;93;20844
1;5;94;6181
1;5;95;17733
1;5;96;16067
1;5;97;14927
1;5;98;5297
1;5;99;3322
1;5;100;28702
1;5;101;5344
1;5;102;885
1;5;103;5553
1;5;104;23456
1;5;105;4153
1;5;106;23621
1;5;107;1179
1;5;108;1018
1;5;109;28198
1;5;110;4454
1;5;111;29744
1;5;112;0
2;5;1;3295
2;5;2;783
2;5;3;7791
2;5;4;1213
2;5;5;1007
2;5;6;31507
2;5;7;4881
2;5;8;1008
2;5;9;658
2;5;10;927
2;5;11;33226
2;5;12;33306
2;5;13;32950
2;5;14;6813
2;5;15;5762
2;5;16;21839
2;5;17;25586
2;5;18;7706
2;5;19;19770
2;5;20;948
2;5;21;950
2;5;22;25505
2;5;23;28546
2;5;24;6094
2;5;25;1139
2;5;26;810
2;5;27;809
2;5;28;21064
2;5;29;3238
2;5;30;4334
2;5;31;1566
2;5;32;27934
2;5;33;24163
2;5;34;8409
2;5;35;24164
2;5;36;34331
2;5;37;1526
2;5;38;5185
2;5;39;26763
2;5;40;846
2;5;41;984
2;5;42;24590
2;5;43;949
2;5;44;23862
2;5;45;5298
2;5;46;31905
2;5;47;1010
2;5;48;1184
2;5;49;31027
2;5;50;27932
2;5;51;33318
2;5;52;25649
2;5;53;33839
2;5;54;946
2;5;55;23988
2;5;56;8369
2;5;57;34389
2;5;58;8669
2;5;59;4340
2;5;60;2340
2;5;61;15093
2;5;62;2524
2;5;63;1200
2;5;64;24257
2;5;65;5576
2;5;66;993
2;5;67;33953
2;5;68;19950
2;5;69;981
2;5;70;4953
2;5;71;32746
2;5;72;5908
2;5;73;943
2;5;74;32952
2;5;75;28987
2;5;76;28043
2;5;77;31051
2;5;78;29931
2;5;79;947
2;5;80;958
2;5;81;23876
2;5;82;890
2;5;83;959
2;5;84;7472
2;5;85;23702
2;5;86;6139
2;5;87;853
2;5;88;4358
2;5;89;2728
2;5;90;5791
2;5;91;1280
2;5;92;8331
2;5;93;1924
2;5;94;1041
2;5;95;1068
2;5;96;6322
2;5;97;8983
2;5;98;33071
2;5;99;778
2;5;100;26265
2;5;101;3141
2;5;102;23852
2;5;103;3045
2;5;104;1590
2;5;105;34504
2;5;106;1603
2;5;107;8333
2;5;108;0
2;5;109;0
