1;1;1;33666
1;1;2;1374
1;1;3;7357
1;1;4;7373
1;1;5;7370
1;1;6;24306
1;1;7;7359
1;1;8;26248
1;1;9;16960
1;1;10;7355
1;1;11;19473
1;1;12;730
1;1;13;7814
1;1;14;32560
1;1;15;18872
1;1;16;2100
1;1;17;1585
1;1;18;4235
1;1;19;7309
1;1;20;2091
1;1;21;4631
1;1;22;5139
1;1;23;18967
1;1;24;23955
1;1;25;21094
1;1;26;1584
1;1;27;3333
1;1;28;7133
1;1;29;20533
1;1;30;1241
1;1;31;6260
1;1;32;3330
1;1;33;32079
1;1;34;33002
1;1;35;24705
1;1;36;28007
1;1;37;26401
1;1;38;2516
1;1;39;31904
1;1;40;31900
1;1;41;24294
1;1;42;1256
1;1;43;5679
1;1;44;24461
1;1;45;20963
1;1;46;18009
1;1;47;30383
1;1;48;22771
1;1;49;29839
1;1;50;205
1;1;51;33840
1;1;52;25584
1;1;53;2652
1;1;54;1063
1;1;55;33781
1;1;56;574
1;1;57;572
1;1;58;15674
1;1;59;32300
1;1;60;1583
1;1;61;23726
1;1;62;34650
1;1;63;34646
1;1;64;7315
1;1;65;26046
1;1;66;0
1;1;67;0
2;1;1;31661
2;1;2;31658
2;1;3;5542
2;1;4;31663
2;1;5;4852
2;1;6;5131
2;1;7;4907
2;1;8;8418
2;1;9;6587
2;1;10;4845
2;1;11;4800
2;1;12;795
2;1;13;5053
2;1;14;317
2;1;15;33203
2;1;16;32538
2;1;17;27189
2;1;18;907
2;1;19;908
2;1;20;30872
2;1;21;875
2;1;22;4986
2;1;23;34762
2;1;24;4878
2;1;25;34909
2;1;26;919
2;1;27;19000
2;1;28;4234
2;1;29;31183
2;1;30;22751
2;1;31;34814
2;1;32;4201
2;1;33;29342
2;1;34;936
2;1;35;30812
2;1;36;34669
2;1;37;16759
2;1;38;30824
2;1;39;7980
2;1;40;15180
2;1;41;34612
2;1;42;31152
2;1;43;32109
2;1;44;31323
2;1;45;8188
2;1;46;1043
2;1;47;7709
2;1;48;8584
2;1;49;8272
2;1;50;32694
2;1;51;2741
2;1;52;7009
2;1;53;7646
2;1;54;32168
2;1;55;697
2;1;56;1272
2;1;57;1278
2;1;58;33985
2;1;59;1334
2;1;60;24044
2;1;61;24046
2;1;62;1264
2;1;63;785
2;1;64;1254
2;1;65;34050
2;1;66;891
2;1;67;3134
2;1;68;32973
2;1;69;17541
2;1;70;1066
2;1;71;24358
2;1;72;30089
2;1;73;1255
2;1;74;32864
2;1;75;1267
2;1;76;29893
2;1;77;5036
2;1;78;1268
2;1;79;31156
2;1;80;30825
2;1;81;26190
2;1;82;30149
2;1;83;1246
2;1;84;1247
2;1;85;32096
2;1;86;0
2;1;87;33236
2;1;88;23728
2;1;89;28825
2;1;90;32889
2;1;91;2627
2;1;92;34458
2;1;93;26241
2;1;94;6315
2;1;95;2682
2;1;96;4935
2;1;97;3292
2;1;98;4910
2;1;99;2949
2;1;100;4987
2;1;101;5202
2;1;102;17201
2;1;103;3205
2;1;104;5219
2;1;105;31679
2;1;106;1764
2;1;107;2306
2;1;108;1755
2;1;109;7740
2;1;110;4896
2;1;111;1895
2;1;112;2698
2;1;113;26054
2;1;114;2621
2;1;115;30968
2;1;116;32778
2;1;117;20793
2;1;118;4904
2;1;119;576
2;1;120;2314
2;1;121;21276
2;1;122;21807
2;1;123;5788
2;1;124;30229
2;1;125;4911
2;1;126;32102
2;1;127;5012
2;1;128;15760
2;1;129;7308
2;1;130;122
2;1;131;8141
2;1;132;3003
2;1;133;24120
2;1;134;7953
2;1;135;4969
2;1;136;6217
2;1;137;7211
2;1;138;6925
2;1;139;31898
2;1;140;1732
2;1;141;4978
2;1;142;6224
2;1;143;4763
2;1;144;27613
2;1;145;5004
2;1;146;22171
2;1;147;5018
2;1;148;5224
2;1;149;34910
2;1;150;26079
2;1;151;4958
2;1;152;18
2;1;153;29730
2;1;154;17969
2;1;155;1758
2;1;156;5128
2;1;157;5929
2;1;158;1663
2;1;159;33024
2;1;160;6289
2;1;161;3349
2;1;162;5804
2;1;163;2184
2;1;164;0
1;2;1;2688
1;2;2;24021
1;2;3;6340
1;2;4;7617
1;2;5;4774
1;2;6;4949
1;2;7;4823
1;2;8;5205
1;2;9;4829
1;2;10;32809
1;2;11;28082
1;2;12;892
1;2;13;4524
1;2;14;31485
1;2;15;28546
1;2;16;3115
1;2;17;33740
1;2;18;30758
1;2;19;29973
1;2;20;17439
1;2;21;31047
1;2;22;9016
1;2;23;29911
1;2;24;962
1;2;25;941
1;2;26;18715
1;2;27;696
1;2;28;942
1;2;29;30934
1;2;30;24163
1;2;31;27934
1;2;32;843
1;2;33;1640
1;2;34;945
1;2;35;18716
1;2;36;16472
1;2;37;865
1;2;38;22341
1;2;39;27932
1;2;40;33318
1;2;41;29943
1;2;42;34197
1;2;43;30351
1;2;44;30186
1;2;45;30160
1;2;46;30352
1;2;47;30243
1;2;48;30218
1;2;49;34825
1;2;50;30190
1;2;51;33003
1;2;52;32949
1;2;53;31189
1;2;54;940
1;2;55;964
1;2;56;24119
1;2;57;644
1;2;58;951
1;2;59;25743
1;2;60;23982
1;2;61;1005
1;2;62;7205
1;2;63;4721
1;2;64;952
1;2;65;944
1;2;66;597
1;2;67;30199
1;2;68;1008
1;2;69;32985
1;2;70;33226
1;2;71;33306
1;2;72;29598
1;2;73;9490
1;2;74;8444
1;2;75;32245
1;2;76;33
1;2;77;7184
1;2;78;16062
1;2;79;24229
1;2;80;29398
1;2;81;29399
1;2;82;31750
1;2;83;5794
1;2;84;24330
1;2;85;6321
1;2;86;18963
1;2;87;4318
1;2;88;14927
1;2;89;23160
1;2;90;16661
1;2;91;18720
1;2;92;33070
1;2;93;32711
1;2;94;0
1;2;95;32813
1;2;96;4926
1;2;97;34582
1;2;98;4814
1;2;99;34288
1;2;100;24118
1;2;101;33104
1;2;102;15911
1;2;103;3308
1;2;104;5882
1;2;105;7097
1;2;106;162
1;2;107;31483
1;2;108;30657
1;2;109;7430
1;2;110;4337
1;2;111;1174
1;2;112;571
1;2;113;5229
1;2;114;8234
1;2;115;550
1;2;116;23155
1;2;117;584
1;2;118;4354
1;2;119;25262
1;2;120;6248
1;2;121;7237
1;2;122;622
1;2;123;23110
1;2;124;768
1;2;125;573
1;2;126;33947
1;2;127;7011
1;2;128;31188
1;2;129;7730
1;2;130;5264
1;2;131;1155
1;2;132;32735
1;2;133;1934
1;2;134;25920
1;2;135;562
1;2;136;2191
1;2;137;2188
1;2;138;0
2;2;1;358
2;2;2;1854
2;2;3;4974
2;2;4;8361
2;2;5;2680
2;2;6;20512
2;2;7;1903
2;2;8;7161
2;2;9;820
2;2;10;5048
2;2;11;2832
2;2;12;1601
2;2;13;8319
2;2;14;5105
2;2;15;5170
2;2;16;5140
2;2;17;4957
2;2;18;4772
2;2;19;5832
2;2;20;29250
2;2;21;8412
2;2;22;28125
2;2;23;5058
2;2;24;5144
2;2;25;5109
2;2;26;19155
2;2;27;5061
2;2;28;6359
2;2;29;4991
2;2;30;5039
2;2;31;34121
2;2;32;7480
2;2;33;1959
2;2;34;6147
2;2;35;17907
2;2;36;4934
2;2;37;34219
2;2;38;4752
2;2;39;19697
2;2;40;25678
2;2;41;25969
2;2;42;30152
2;2;43;5159
2;2;44;1771
2;2;45;5166
2;2;46;23070
2;2;47;4956
2;2;48;4751
2;2;49;34878
2;2;50;325
2;2;51;8413
2;2;52;7104
2;2;53;3018
2;2;54;4981
2;2;55;5038
2;2;56;4801
2;2;57;6395
2;2;58;15487
2;2;59;5190
2;2;60;4857
2;2;61;4824
2;2;62;29035
2;2;63;30528
2;2;64;19377
2;2;65;5116
2;2;66;33211
2;2;67;4970
2;2;68;5351
2;2;69;15825
2;2;70;32285
2;2;71;31548
2;2;72;4903
2;2;73;5052
2;2;74;5050
2;2;75;4766
2;2;76;2697
2;2;77;5861
2;2;78;898
2;2;79;5127
2;2;80;7541
2;2;81;6603
2;2;82;1739
2;2;83;4783
2;2;84;32559
2;2;85;8414
2;2;86;5550
2;2;87;1751
2;2;88;1826
2;2;89;8327
2;2;90;338
2;2;91;4816
2;2;92;4895
2;2;93;30238
2;2;94;6272
2;2;95;16607
2;2;96;4755
2;2;97;34841
2;2;98;5011
2;2;99;25100
2;2;100;24125
2;2;101;5146
2;2;102;5178
2;2;103;26064
2;2;104;6136
2;2;105;16697
2;2;106;1875
2;2;107;1876
2;2;108;5564
2;2;109;5142
2;2;110;31913
2;2;111;6144
2;2;112;5082
2;2;113;0
2;2;114;0
1;3;1;28899
1;3;2;31020
1;3;3;8365
1;3;4;23810
1;3;5;5232
1;3;6;32568
1;3;7;22296
1;3;8;4775
1;3;9;4831
1;3;10;5111
1;3;11;8030
1;3;12;1181
1;3;13;6887
1;3;14;29266
1;3;15;5787
1;3;16;30969
1;3;17;30370
1;3;18;4796
1;3;19;20010
1;3;20;1888
1;3;21;25860
1;3;22;1995
1;3;23;17262
1;3;24;30875
1;3;25;5093
1;3;26;1760
1;3;27;7300
1;3;28;4797
1;3;29;32601
1;3;30;5049
1;3;31;17095
1;3;32;1824
1;3;33;15426
1;3;34;15940
1;3;35;5339
1;3;36;895
1;3;37;5015
1;3;38;4753
1;3;39;5005
1;3;40;4350
1;3;41;4879
1;3;42;15458
1;3;43;4798
1;3;44;34679
1;3;45;5017
1;3;46;28289
1;3;47;4740
1;3;48;5055
1;3;49;8244
1;3;50;5097
1;3;51;19087
1;3;52;2334
1;3;53;5983
1;3;54;5176
1;3;55;5175
1;3;56;5239
1;3;57;4945
1;3;58;4955
1;3;59;5107
1;3;60;4608
1;3;61;5152
1;3;62;5571
1;3;63;5114
1;3;64;6010
1;3;65;19546
1;3;66;1625
1;3;67;15272
1;3;68;0
1;3;69;31663
1;3;70;31658
1;3;71;32823
1;3;72;6503
1;3;73;31661
1;3;74;5063
1;3;75;4767
1;3;76;31267
1;3;77;4746
1;3;78;4950
1;3;79;19836
1;3;80;603
1;3;81;3140
1;3;82;21967
1;3;83;6168
1;3;84;27700
1;3;85;7747
1;3;86;8363
1;3;87;1064
1;3;88;1015
1;3;89;1065
1;3;90;881
1;3;91;1602
1;3;92;25745
1;3;93;1040
1;3;94;16132
1;3;95;30164
1;3;96;29647
1;3;97;7610
1;3;98;26243
1;3;99;18835
1;3;100;14930
1;3;101;26414
1;3;102;27465
1;3;103;24047
1;3;104;16093
1;3;105;17665
1;3;106;1731
1;3;107;7070
1;3;108;27100
1;3;109;24389
1;3;110;34424
1;3;111;7374
1;3;112;17379
1;3;113;8269
1;3;114;25341
1;3;115;18837
1;3;116;733
1;3;117;23922
1;3;118;930
1;3;119;1223
1;3;120;30382
1;3;121;844
1;3;122;1069
1;3;123;27137
1;3;124;808
1;3;125;850
1;3;126;934
1;3;127;29626
1;3;128;1085
1;3;129;5793
1;3;130;31961
1;3;131;33926
1;3;132;30365
1;3;133;1211
1;3;134;933
1;3;135;4618
1;3;136;851
1;3;137;6654
1;3;138;20419
1;3;139;2714
1;3;140;8331
1;3;141;15168
1;3;142;1924
1;3;143;28517
1;3;144;1041
1;3;145;1068
1;3;146;1337
1;3;147;17957
1;3;148;31517
1;3;149;26317
1;3;150;32245
1;3;151;6378
1;3;152;8942
1;3;153;2840
1;3;154;6759
1;3;155;8492
1;3;156;33991
1;3;157;21147
1;3;158;6255
1;3;159;932
1;3;160;7867
1;3;161;0
2;3;1;33346
2;3;2;33666
2;3;3;32946
2;3;4;8607
2;3;5;24528
2;3;6;767
2;3;7;32562
2;3;8;8202
2;3;9;24180
2;3;10;30375
2;3;11;5682
2;3;12;449
2;3;13;28061
2;3;14;2259
2;3;15;7040
2;3;16;2212
2;3;17;5303
2;3;18;23795
2;3;19;1720
2;3;20;34593
2;3;21;15631
2;3;22;32127
2;3;23;7437
2;3;24;33976
2;3;25;30411
2;3;26;25776
2;3;27;30814
2;3;28;7072
2;3;29;2862
2;3;30;8290
2;3;31;30815
2;3;32;1324
2;3;33;7618
2;3;34;526
2;3;35;27124
2;3;36;32876
2;3;37;33206
2;3;38;538
2;3;39;34199
2;3;40;25248
2;3;41;552
2;3;42;620
2;3;43;7314
2;3;44;537
2;3;45;1517
2;3;46;2740
2;3;47;6955
2;3;48;7714
2;3;49;6478
2;3;50;1000
2;3;51;141
2;3;52;23391
2;3;53;3295
2;3;54;20328
2;3;55;7694
2;3;56;33996
2;3;57;812
2;3;58;956
2;3;59;7720
2;3;60;27692
2;3;61;701
2;3;62;817
2;3;63;642
2;3;64;960
2;3;65;7424
2;3;66;0
2;3;67;0
1;4;1;31461
1;4;2;29921
1;4;3;19987
1;4;4;8410
1;4;5;5010
1;4;6;18
1;4;7;4844
1;4;8;5056
1;4;9;4875
1;4;10;4763
1;4;11;5006
1;4;12;24162
1;4;13;1407
1;4;14;6809
1;4;15;4884
1;4;16;5009
1;4;17;31279
1;4;18;34739
1;4;19;5888
1;4;20;32702
1;4;21;28819
1;4;22;24120
1;4;23;2539
1;4;24;7953
1;4;25;4780
1;4;26;26079
1;4;27;29509
1;4;28;2316
1;4;29;2353
1;4;30;5729
1;4;31;4994
1;4;32;24078
1;4;33;5856
1;4;34;4773
1;4;35;5141
1;4;36;4985
1;4;37;28315
1;4;38;6316
1;4;39;5204
1;4;40;30809
1;4;41;20231
1;4;42;8368
1;4;43;33849
1;4;44;20690
1;4;45;16580
1;4;46;7941
1;4;47;5080
1;4;48;4815
1;4;49;1774
1;4;50;7355
1;4;51;6129
1;4;52;969
1;4;53;21179
1;4;54;909
1;4;55;887
1;4;56;7357
1;4;57;24306
1;4;58;7359
1;4;59;7372
1;4;60;7371
1;4;61;7365
1;4;62;33827
1;4;63;1335
1;4;64;1246
1;4;65;1084
1;4;66;5792
1;4;67;32079
1;4;68;2241
1;4;69;1638
1;4;70;2483
1;4;71;29975
1;4;72;16673
1;4;73;4779
1;4;74;18887
1;4;75;997
1;4;76;34374
1;4;77;31608
1;4;78;557
1;4;79;22825
1;4;80;624
1;4;81;1017
1;4;82;1067
1;4;83;23726
1;4;84;34650
1;4;85;34646
1;4;86;7477
1;4;87;7316
1;4;88;8201
1;4;89;19375
1;4;90;15674
1;4;91;26046
1;4;92;0
1;4;93;21335
1;4;94;33686
1;4;95;26836
1;4;96;30026
1;4;97;20215
1;4;98;16919
1;4;99;22704
1;4;100;3219
1;4;101;5209
1;4;102;2500
1;4;103;32774
1;4;104;21343
1;4;105;30730
1;4;106;15074
1;4;107;4782
1;4;108;6771
1;4;109;29032
1;4;110;406
1;4;111;24043
1;4;112;1212
1;4;113;7492
1;4;114;28516
1;4;115;25213
1;4;116;16575
1;4;117;114
1;4;118;28784
1;4;119;4825
1;4;120;23596
1;4;121;26515
1;4;122;16908
1;4;123;27965
1;4;124;22184
1;4;125;15767
1;4;126;1726
1;4;127;4579
1;4;128;6498
1;4;129;2699
1;4;130;3223
1;4;131;361
1;4;132;2836
1;4;133;33236
1;4;134;25188
1;4;135;4734
1;4;136;28495
1;4;137;4842
1;4;138;1594
1;4;139;34672
1;4;140;2839
1;4;141;7772
1;4;142;5226
1;4;143;27327
1;4;144;33532
1;4;145;6587
1;4;146;8211
1;4;147;5126
1;4;148;5636
1;4;149;4977
1;4;150;4750
1;4;151;6286
1;4;152;4992
1;4;153;4988
1;4;154;5407
1;4;155;5189
1;4;156;5092
1;4;157;5362
1;4;158;1728
1;4;159;6865
1;4;160;1772
1;4;161;22342
1;4;162;6249
1;4;163;32606
1;4;164;30710
1;4;165;29895
1;4;166;25195
1;4;167;21701
1;4;168;3046
1;4;169;5221
1;4;170;31023
1;4;171;33425
1;4;172;20621
1;4;173;4838
1;4;174;7308
1;4;175;2300
1;4;176;4804
1;4;177;5201
1;4;178;7740
1;4;179;1745
1;4;180;2707
1;4;181;1805
1;4;182;1727
1;4;183;2306
1;4;184;6888
1;4;185;5555
1;4;186;2757
1;4;187;1734
1;4;188;15142
1;4;189;4748
1;4;190;0
2;4;1;23728
2;4;2;5215
2;4;3;4858
2;4;4;29175
2;4;5;996
2;4;6;5878
2;4;7;1378
2;4;8;1669
2;4;9;32109
2;4;10;880
2;4;11;20412
2;4;12;508
2;4;13;7505
2;4;14;4487
2;4;15;22483
2;4;16;23890
2;4;17;8233
2;4;18;8033
2;4;19;5970
2;4;20;7137
2;4;21;23037
2;4;22;7979
2;4;23;31441
2;4;24;8497
2;4;25;1332
2;4;26;31156
2;4;27;5036
2;4;28;1268
2;4;29;25465
2;4;30;21300
2;4;31;22147
2;4;32;1280
2;4;33;1269
2;4;34;18006
2;4;35;29839
2;4;36;2094
2;4;37;21297
2;4;38;256
2;4;39;29246
2;4;40;16326
2;4;41;31136
2;4;42;25082
2;4;43;1957
2;4;44;6912
2;4;45;4367
2;4;46;33954
2;4;47;30242
2;4;48;29204
2;4;49;24322
2;4;50;751
2;4;51;1083
2;4;52;1255
2;4;53;3357
2;4;54;15265
2;4;55;804
2;4;56;26070
2;4;57;2741
2;4;58;1522
2;4;59;7646
2;4;60;29087
2;4;61;34486
2;4;62;835
2;4;63;1221
2;4;64;1012
2;4;65;8131
2;4;66;30165
2;4;67;32895
2;4;68;27365
2;4;69;3348
2;4;70;24882
2;4;71;6828
2;4;72;2456
2;4;73;839
2;4;74;31151
2;4;75;7753
2;4;76;661
2;4;77;0
2;4;78;7774
2;4;79;34762
2;4;80;5037
2;4;81;1303
2;4;82;747
2;4;83;811
2;4;84;21094
2;4;85;25908
2;4;86;30157
2;4;87;34544
2;4;88;1518
2;4;89;4319
2;4;90;883
2;4;91;789
2;4;92;23106
2;4;93;15945
2;4;94;1247
2;4;95;836
2;4;96;28007
2;4;97;29885
2;4;98;1506
2;4;99;34366
2;4;100;1273
2;4;101;2939
2;4;102;26706
2;4;103;24295
2;4;104;26862
2;4;105;33162
2;4;106;1312
2;4;107;6360
2;4;108;20255
2;4;109;20453
2;4;110;20457
2;4;111;203
2;4;112;204
2;4;113;205
2;4;114;4357
2;4;115;4328
2;4;116;6527
2;4;117;4333
2;4;118;26373
2;4;119;1189
2;4;120;31833
2;4;121;6428
2;4;122;34611
2;4;123;2346
2;4;124;121
2;4;125;2511
2;4;126;5296
2;4;127;24042
2;4;128;26558
2;4;129;32245
2;4;130;23086
2;4;131;32370
2;4;132;32261
2;4;133;5773
2;4;134;34343
2;4;135;0
1;5;1;363
1;5;2;33666
1;5;3;31469
1;5;4;2188
1;5;5;2191
1;5;6;32776
1;5;7;19186
1;5;8;7226
1;5;9;28367
1;5;10;21589
1;5;11;18996
1;5;12;651
1;5;13;5927
1;5;14;28985
1;5;15;30075
1;5;16;3197
1;5;17;19168
1;5;18;4359
1;5;19;6274
1;5;20;395
1;5;21;25704
1;5;22;17714
1;5;23;27158
1;5;24;30863
1;5;25;24822
1;5;26;31025
1;5;27;4749
1;5;28;4851
1;5;29;31658
1;5;30;31661
1;5;31;31663
1;5;32;0
1;5;33;972
1;5;34;1188
1;5;35;5473
1;5;36;23880
1;5;37;23990
1;5;38;1013
1;5;39;34306
1;5;40;935
1;5;41;7083
1;5;42;4088
1;5;43;33904
1;5;44;8971
1;5;45;868
1;5;46;22253
1;5;47;1336
1;5;48;31588
1;5;49;6169
1;5;50;2593
1;5;51;6863
1;5;52;766
1;5;53;31801
1;5;54;859
1;5;55;4736
1;5;56;1230
1;5;57;1599
1;5;58;1331
1;5;59;753
1;5;60;18283
1;5;61;1178
1;5;62;28022
1;5;63;34684
1;5;64;32681
1;5;65;8316
1;5;66;34111
1;5;67;5532
1;5;68;8699
1;5;69;32386
1;5;70;6064
1;5;71;577
1;5;72;1228
1;5;73;6895
1;5;74;143
1;5;75;27958
1;5;76;1605
1;5;77;25543
1;5;78;33951
1;5;79;27561
1;5;80;33
1;5;81;32245
1;5;82;33513
1;5;83;15031
1;5;84;8435
1;5;85;31750
1;5;86;23590
1;5;87;30440
1;5;88;19441
1;5;89;3209
1;5;90;20844
1;5;91;6270
1;5;92;6181
1;5;93;17733
1;5;94;16067
1;5;95;15958
1;5;96;14927
1;5;97;5297
1;5;98;3322
1;5;99;28702
1;5;100;5344
1;5;101;885
1;5;102;5553
1;5;103;23456
1;5;104;4153
1;5;105;1179
1;5;106;23621
1;5;107;1018
1;5;108;28198
1;5;109;4454
1;5;110;29744
1;5;111;0
2;5;1;7791
2;5;2;783
2;5;3;1213
2;5;4;1007
2;5;5;31507
2;5;6;4881
2;5;7;658
2;5;8;927
2;5;9;33226
2;5;10;33306
2;5;11;32950
2;5;12;23862
2;5;13;5762
2;5;14;21839
2;5;15;25586
2;5;16;7706
2;5;17;19770
2;5;18;950
2;5;19;948
2;5;20;25505
2;5;21;28546
2;5;22;6094
2;5;23;1139
2;5;24;810
2;5;25;809
2;5;26;21064
2;5;27;3238
2;5;28;4334
2;5;29;1566
2;5;30;27934
2;5;31;3329
2;5;32;8409
2;5;33;24164
2;5;34;34331
2;5;35;1526
2;5;36;5185
2;5;37;984
2;5;38;26763
2;5;39;846
2;5;40;24590
2;5;41;949
2;5;42;6813
2;5;43;5298
2;5;44;31905
2;5;45;1010
2;5;46;1184
2;5;47;31027
2;5;48;27932
2;5;49;25649
2;5;50;946
2;5;51;33839
2;5;52;23988
2;5;53;8369
2;5;54;34389
2;5;55;28043
2;5;56;28987
2;5;57;32952
2;5;58;4340
2;5;59;2340
2;5;60;15093
2;5;61;2524
2;5;62;24257
2;5;63;1200
2;5;64;993
2;5;65;5576
2;5;66;981
2;5;67;33953
2;5;68;19950
2;5;69;4953
2;5;70;32746
2;5;71;943
2;5;72;5908
2;5;73;8669
2;5;74;31051
2;5;75;29931
2;5;76;947
2;5;77;959
2;5;78;890
2;5;79;958
2;5;80;23876
2;5;81;7472
2;5;82;23702
2;5;83;6139
2;5;84;4358
2;5;85;853
2;5;86;2728
2;5;87;5791
2;5;88;24449
2;5;89;688
2;5;90;882
2;5;91;8983
2;5;92;6322
2;5;93;33071
2;5;94;29892
2;5;95;4576
2;5;96;778
2;5;97;26265
2;5;98;3141
2;5;99;23852
2;5;100;3045
2;5;101;1590
2;5;102;34504
2;5;103;1603
2;5;104;8333
2;5;105;0
2;5;106;0
