1;1;1;33666
1;1;2;1374
1;1;3;7355
1;1;4;24306
1;1;5;7371
1;1;6;26248
1;1;7;7359
1;1;8;7370
1;1;9;7357
1;1;10;19473
1;1;11;730
1;1;12;7814
1;1;13;32560
1;1;14;18872
1;1;15;2100
1;1;16;4235
1;1;17;1585
1;1;18;7309
1;1;19;6587
1;1;20;4631
1;1;21;5139
1;1;22;1188
1;1;23;18967
1;1;24;23955
1;1;25;21094
1;1;26;4088
1;1;27;1584
1;1;28;3333
1;1;29;7133
1;1;30;6260
1;1;31;31588
1;1;32;2241
1;1;33;32079
1;1;34;33002
1;1;35;1084
1;1;36;18887
1;1;37;28007
1;1;38;26401
1;1;39;20963
1;1;40;31900
1;1;41;5679
1;1;42;1256
1;1;43;24294
1;1;44;24461
1;1;45;31904
1;1;46;18009
1;1;47;29839
1;1;48;22771
1;1;49;205
1;1;50;33840
1;1;51;33781
1;1;52;2652
1;1;53;1063
1;1;54;25584
1;1;55;574
1;1;56;572
1;1;57;15674
1;1;58;32300
1;1;59;1583
1;1;60;23726
1;1;61;34646
1;1;62;34650
1;1;63;1155
1;1;64;7730
1;1;65;32735
1;1;66;26046
1;1;67;0
1;1;68;0
2;1;1;31661
2;1;2;31658
2;1;3;31663
2;1;4;5131
2;1;5;4851
2;1;6;4907
2;1;7;2091
2;1;8;4845
2;1;9;8418
2;1;10;33532
2;1;11;27327
2;1;12;5053
2;1;13;317
2;1;14;33203
2;1;15;32538
2;1;16;908
2;1;17;907
2;1;18;27189
2;1;19;30872
2;1;20;875
2;1;21;4986
2;1;22;34762
2;1;23;4858
2;1;24;919
2;1;25;34909
2;1;26;972
2;1;27;4234
2;1;28;15911
2;1;29;31183
2;1;30;22751
2;1;31;29342
2;1;32;4201
2;1;33;936
2;1;34;34814
2;1;35;30812
2;1;36;34669
2;1;37;30824
2;1;38;16759
2;1;39;7980
2;1;40;15180
2;1;41;34612
2;1;42;31152
2;1;43;32109
2;1;44;31323
2;1;45;8188
2;1;46;7709
2;1;47;1043
2;1;48;8584
2;1;49;2741
2;1;50;7009
2;1;51;7646
2;1;52;32168
2;1;53;697
2;1;54;1272
2;1;55;1278
2;1;56;33985
2;1;57;891
2;1;58;1334
2;1;59;32973
2;1;60;34050
2;1;61;24044
2;1;62;24046
2;1;63;1264
2;1;64;785
2;1;65;17541
2;1;66;3134
2;1;67;1254
2;1;68;1066
2;1;69;32864
2;1;70;1255
2;1;71;1267
2;1;72;29893
2;1;73;5036
2;1;74;1268
2;1;75;30825
2;1;76;31156
2;1;77;26190
2;1;78;30149
2;1;79;1246
2;1;80;1247
2;1;81;32096
2;1;82;0
2;1;83;33236
2;1;84;23728
2;1;85;28825
2;1;86;32889
2;1;87;2627
2;1;88;26241
2;1;89;34458
2;1;90;6315
2;1;91;2682
2;1;92;4935
2;1;93;3292
2;1;94;4910
2;1;95;2949
2;1;96;4987
2;1;97;5202
2;1;98;17201
2;1;99;30969
2;1;100;2306
2;1;101;1745
2;1;102;7740
2;1;103;2707
2;1;104;1755
2;1;105;6888
2;1;106;4896
2;1;107;4797
2;1;108;1895
2;1;109;2698
2;1;110;5049
2;1;111;30710
2;1;112;29895
2;1;113;576
2;1;114;30968
2;1;115;32778
2;1;116;20793
2;1;117;4904
2;1;118;21276
2;1;119;21807
2;1;120;2314
2;1;121;5788
2;1;122;30229
2;1;123;4911
2;1;124;32102
2;1;125;8141
2;1;126;25969
2;1;127;7308
2;1;128;122
2;1;129;30152
2;1;130;3003
2;1;131;24120
2;1;132;2539
2;1;133;31898
2;1;134;7953
2;1;135;31279
2;1;136;6217
2;1;137;7211
2;1;138;1732
2;1;139;5017
2;1;140;6224
2;1;141;4763
2;1;142;27613
2;1;143;24162
2;1;144;1407
2;1;145;22171
2;1;146;5018
2;1;147;5224
2;1;148;34910
2;1;149;26079
2;1;150;4958
2;1;151;18
2;1;152;4844
2;1;153;17969
2;1;154;1758
2;1;155;5929
2;1;156;5128
2;1;157;1663
2;1;158;29266
2;1;159;5636
2;1;160;325
2;1;161;3349
2;1;162;5804
2;1;163;2184
2;1;164;0
1;2;1;24021
1;2;2;6340
1;2;3;7617
1;2;4;4774
1;2;5;4949
1;2;6;4823
1;2;7;5205
1;2;8;4829
1;2;9;28082
1;2;10;32809
1;2;11;892
1;2;12;8361
1;2;13;4524
1;2;14;31485
1;2;15;3115
1;2;16;28546
1;2;17;30758
1;2;18;9016
1;2;19;29973
1;2;20;31047
1;2;21;17439
1;2;22;33740
1;2;23;29911
1;2;24;962
1;2;25;941
1;2;26;18715
1;2;27;696
1;2;28;942
1;2;29;30934
1;2;30;24163
1;2;31;27934
1;2;32;843
1;2;33;1640
1;2;34;945
1;2;35;18716
1;2;36;16472
1;2;37;865
1;2;38;22341
1;2;39;27932
1;2;40;29943
1;2;41;30352
1;2;42;34197
1;2;43;30351
1;2;44;30186
1;2;45;30160
1;2;46;30243
1;2;47;30218
1;2;48;34825
1;2;49;30190
1;2;50;33003
1;2;51;32949
1;2;52;31189
1;2;53;940
1;2;54;964
1;2;55;644
1;2;56;24119
1;2;57;951
1;2;58;25743
1;2;59;1005
1;2;60;7205
1;2;61;23982
1;2;62;4721
1;2;63;952
1;2;64;944
1;2;65;597
1;2;66;30199
1;2;67;927
1;2;68;33226
1;2;69;33306
1;2;70;29598
1;2;71;9490
1;2;72;8444
1;2;73;32245
1;2;74;33
1;2;75;7184
1;2;76;16062
1;2;77;24229
1;2;78;29399
1;2;79;29398
1;2;80;31750
1;2;81;23590
1;2;82;24330
1;2;83;6321
1;2;84;18963
1;2;85;4318
1;2;86;15958
1;2;87;14927
1;2;88;23160
1;2;89;16661
1;2;90;18720
1;2;91;33070
1;2;92;32711
1;2;93;0
1;2;94;7774
1;2;95;32813
1;2;96;4926
1;2;97;34582
1;2;98;4814
1;2;99;4878
1;2;100;24118
1;2;101;33104
1;2;102;3308
1;2;103;5882
1;2;104;7097
1;2;105;162
1;2;106;31483
1;2;107;30657
1;2;108;7430
1;2;109;4337
1;2;110;1174
1;2;111;571
1;2;112;5229
1;2;113;8234
1;2;114;550
1;2;115;23155
1;2;116;25262
1;2;117;6248
1;2;118;4354
1;2;119;622
1;2;120;7237
1;2;121;584
1;2;122;23110
1;2;123;768
1;2;124;537
1;2;125;7011
1;2;126;31188
1;2;127;7315
1;2;128;5264
1;2;129;573
1;2;130;5682
1;2;131;562
1;2;132;2188
1;2;133;2191
1;2;134;0
2;2;1;31020
2;2;2;21335
2;2;3;1903
2;2;4;2680
2;2;5;20512
2;2;6;7161
2;2;7;820
2;2;8;2832
2;2;9;5048
2;2;10;1601
2;2;11;5105
2;2;12;30528
2;2;13;5140
2;2;14;4957
2;2;15;29250
2;2;16;4772
2;2;17;5832
2;2;18;8412
2;2;19;28125
2;2;20;5058
2;2;21;5144
2;2;22;5109
2;2;23;19155
2;2;24;5061
2;2;25;6359
2;2;26;4991
2;2;27;34121
2;2;28;5039
2;2;29;7480
2;2;30;1959
2;2;31;6147
2;2;32;17907
2;2;33;4934
2;2;34;4752
2;2;35;34219
2;2;36;19697
2;2;37;25678
2;2;38;15760
2;2;39;5012
2;2;40;5159
2;2;41;1771
2;2;42;4748
2;2;43;5787
2;2;44;34878
2;2;45;6289
2;2;46;8413
2;2;47;7104
2;2;48;5038
2;2;49;4981
2;2;50;3018
2;2;51;4801
2;2;52;6395
2;2;53;15487
2;2;54;5190
2;2;55;4857
2;2;56;4824
2;2;57;29035
2;2;58;19377
2;2;59;5116
2;2;60;33211
2;2;61;4970
2;2;62;5351
2;2;63;15825
2;2;64;32285
2;2;65;31548
2;2;66;4903
2;2;67;5052
2;2;68;5050
2;2;69;2697
2;2;70;5861
2;2;71;898
2;2;72;4766
2;2;73;5127
2;2;74;7541
2;2;75;6603
2;2;76;4783
2;2;77;1739
2;2;78;32559
2;2;79;8414
2;2;80;5550
2;2;81;1751
2;2;82;1826
2;2;83;8327
2;2;84;4755
2;2;85;338
2;2;86;4816
2;2;87;4895
2;2;88;30238
2;2;89;6272
2;2;90;16607
2;2;91;34841
2;2;92;5011
2;2;93;5146
2;2;94;25100
2;2;95;24125
2;2;96;5178
2;2;97;26064
2;2;98;6136
2;2;99;16697
2;2;100;1875
2;2;101;1876
2;2;102;5564
2;2;103;5142
2;2;104;31913
2;2;105;5082
2;2;106;6144
2;2;107;0
2;2;108;0
1;3;1;8365
1;3;2;23810
1;3;3;795
1;3;4;4974
1;3;5;4775
1;3;6;22296
1;3;7;32568
1;3;8;4831
1;3;9;5111
1;3;10;8030
1;3;11;1181
1;3;12;6887
1;3;13;4751
1;3;14;4956
1;3;15;5219
1;3;16;23070
1;3;17;31679
1;3;18;30370
1;3;19;4796
1;3;20;20010
1;3;21;30875
1;3;22;25860
1;3;23;1995
1;3;24;5093
1;3;25;17262
1;3;26;1888
1;3;27;1760
1;3;28;7300
1;3;29;32601
1;3;30;26054
1;3;31;6865
1;3;32;1772
1;3;33;17095
1;3;34;15426
1;3;35;15940
1;3;36;5339
1;3;37;895
1;3;38;4350
1;3;39;4753
1;3;40;4879
1;3;41;15458
1;3;42;5015
1;3;43;5005
1;3;44;4798
1;3;45;34679
1;3;46;4978
1;3;47;5006
1;3;48;28289
1;3;49;4740
1;3;50;5055
1;3;51;5097
1;3;52;8244
1;3;53;19087
1;3;54;2334
1;3;55;5983
1;3;56;5239
1;3;57;5175
1;3;58;5176
1;3;59;4945
1;3;60;4955
1;3;61;5107
1;3;62;5571
1;3;63;4608
1;3;64;5152
1;3;65;5170
1;3;66;8319
1;3;67;5114
1;3;68;6010
1;3;69;19546
1;3;70;1625
1;3;71;20231
1;3;72;0
1;3;73;31661
1;3;74;31658
1;3;75;31663
1;3;76;6503
1;3;77;5542
1;3;78;4767
1;3;79;19836
1;3;80;3140
1;3;81;5063
1;3;82;603
1;3;83;31267
1;3;84;4746
1;3;85;4950
1;3;86;21967
1;3;87;6168
1;3;88;27700
1;3;89;1602
1;3;90;8363
1;3;91;1015
1;3;92;1065
1;3;93;881
1;3;94;1064
1;3;95;7747
1;3;96;839
1;3;97;1040
1;3;98;25745
1;3;99;16132
1;3;100;1303
1;3;101;29647
1;3;102;7610
1;3;103;26243
1;3;104;18835
1;3;105;14930
1;3;106;26414
1;3;107;27465
1;3;108;24047
1;3;109;16093
1;3;110;17665
1;3;111;1731
1;3;112;7070
1;3;113;24389
1;3;114;880
1;3;115;27100
1;3;116;34424
1;3;117;701
1;3;118;22483
1;3;119;7374
1;3;120;34486
1;3;121;8269
1;3;122;25341
1;3;123;18837
1;3;124;733
1;3;125;23922
1;3;126;930
1;3;127;1223
1;3;128;30382
1;3;129;844
1;3;130;1069
1;3;131;1085
1;3;132;808
1;3;133;850
1;3;134;27137
1;3;135;934
1;3;136;29626
1;3;137;33827
1;3;138;5793
1;3;139;31961
1;3;140;26706
1;3;141;24295
1;3;142;30365
1;3;143;1211
1;3;144;933
1;3;145;4618
1;3;146;6654
1;3;147;20419
1;3;148;2714
1;3;149;25465
1;3;150;15168
1;3;151;1924
1;3;152;28517
1;3;153;1041
1;3;154;1068
1;3;155;1337
1;3;156;17957
1;3;157;31517
1;3;158;26317
1;3;159;32245
1;3;160;28985
1;3;161;8942
1;3;162;2840
1;3;163;6759
1;3;164;8492
1;3;165;33991
1;3;166;21147
1;3;167;6255
1;3;168;932
1;3;169;7867
1;3;170;0
2;3;1;361
2;3;2;358
2;3;3;2688
2;3;4;4734
2;3;5;28899
2;3;6;33666
2;3;7;32946
2;3;8;8607
2;3;9;31469
2;3;10;767
2;3;11;32562
2;3;12;8202
2;3;13;24180
2;3;14;25920
2;3;15;30375
2;3;16;1934
2;3;17;449
2;3;18;2259
2;3;19;7040
2;3;20;28061
2;3;21;23795
2;3;22;34593
2;3;23;5303
2;3;24;2212
2;3;25;32127
2;3;26;15631
2;3;27;1720
2;3;28;7437
2;3;29;33976
2;3;30;30411
2;3;31;8290
2;3;32;7072
2;3;33;30814
2;3;34;30815
2;3;35;526
2;3;36;7618
2;3;37;2862
2;3;38;25776
2;3;39;34199
2;3;40;538
2;3;41;27124
2;3;42;1324
2;3;43;32876
2;3;44;33206
2;3;45;552
2;3;46;25248
2;3;47;620
2;3;48;7314
2;3;49;33947
2;3;50;1517
2;3;51;2740
2;3;52;6955
2;3;53;7714
2;3;54;6478
2;3;55;1000
2;3;56;141
2;3;57;23391
2;3;58;997
2;3;59;7694
2;3;60;8272
2;3;61;32694
2;3;62;20328
2;3;63;1522
2;3;64;33996
2;3;65;812
2;3;66;7720
2;3;67;27692
2;3;68;20412
2;3;69;960
2;3;70;7424
2;3;71;0
2;3;72;0
1;4;1;1854
1;4;2;31461
1;4;3;3205
1;4;4;29921
1;4;5;4994
1;4;6;19987
1;4;7;5010
1;4;8;18
1;4;9;29730
1;4;10;5056
1;4;11;6809
1;4;12;4763
1;4;13;5004
1;4;14;4875
1;4;15;6925
1;4;16;4780
1;4;17;34739
1;4;18;4969
1;4;19;5888
1;4;20;4884
1;4;21;28819
1;4;22;24120
1;4;23;5009
1;4;24;32702
1;4;25;7953
1;4;26;26079
1;4;27;29509
1;4;28;2316
1;4;29;2353
1;4;30;5729
1;4;31;8410
1;4;32;24078
1;4;33;5856
1;4;34;4773
1;4;35;5141
1;4;36;28315
1;4;37;4985
1;4;38;6316
1;4;39;5204
1;4;40;8368
1;4;41;15272
1;4;42;30809
1;4;43;33849
1;4;44;7941
1;4;45;16580
1;4;46;20690
1;4;47;5080
1;4;48;4815
1;4;49;1774
1;4;50;7355
1;4;51;7373
1;4;52;887
1;4;53;21179
1;4;54;909
1;4;55;969
1;4;56;6129
1;4;57;7365
1;4;58;7372
1;4;59;16960
1;4;60;7357
1;4;61;7359
1;4;62;24306
1;4;63;1335
1;4;64;15945
1;4;65;16673
1;4;66;5792
1;4;67;1638
1;4;68;3330
1;4;69;32079
1;4;70;2483
1;4;71;29975
1;4;72;1247
1;4;73;24705
1;4;74;3295
1;4;75;34374
1;4;76;31608
1;4;77;557
1;4;78;22825
1;4;79;624
1;4;80;1017
1;4;81;1067
1;4;82;23726
1;4;83;34650
1;4;84;34646
1;4;85;7477
1;4;86;7316
1;4;87;8201
1;4;88;19375
1;4;89;15674
1;4;90;26046
1;4;91;0
1;4;92;3223
1;4;93;16908
1;4;94;16919
1;4;95;24043
1;4;96;16575
1;4;97;30026
1;4;98;1212
1;4;99;2500
1;4;100;6771
1;4;101;21343
1;4;102;26515
1;4;103;114
1;4;104;23596
1;4;105;32774
1;4;106;25213
1;4;107;27965
1;4;108;28784
1;4;109;28516
1;4;110;15074
1;4;111;22704
1;4;112;30730
1;4;113;3219
1;4;114;5209
1;4;115;33686
1;4;116;7492
1;4;117;4782
1;4;118;26836
1;4;119;29032
1;4;120;4825
1;4;121;406
1;4;122;20215
1;4;123;22184
1;4;124;15767
1;4;125;1726
1;4;126;4579
1;4;127;6498
1;4;128;2699
1;4;129;7772
1;4;130;33346
1;4;131;363
1;4;132;1594
1;4;133;34672
1;4;134;28495
1;4;135;2839
1;4;136;4842
1;4;137;33236
1;4;138;2836
1;4;139;5226
1;4;140;4800
1;4;141;5232
1;4;142;6587
1;4;143;8211
1;4;144;5126
1;4;145;33024
1;4;146;4977
1;4;147;4750
1;4;148;6286
1;4;149;4992
1;4;150;4988
1;4;151;5407
1;4;152;5189
1;4;153;5362
1;4;154;1728
1;4;155;5092
1;4;156;1824
1;4;157;22342
1;4;158;2621
1;4;159;6249
1;4;160;32606
1;4;161;25195
1;4;162;21701
1;4;163;3046
1;4;164;5221
1;4;165;31023
1;4;166;33425
1;4;167;20621
1;4;168;4838
1;4;169;7308
1;4;170;2300
1;4;171;5201
1;4;172;4804
1;4;173;7740
1;4;174;1727
1;4;175;1805
1;4;176;15142
1;4;177;1734
1;4;178;2306
1;4;179;5555
1;4;180;1764
1;4;181;2757
1;4;182;5166
1;4;183;0
2;4;1;23728
2;4;2;5215
2;4;3;34288
2;4;4;19000
2;4;5;996
2;4;6;5878
2;4;7;1378
2;4;8;1669
2;4;9;32109
2;4;10;642
2;4;11;817
2;4;12;508
2;4;13;7505
2;4;14;4487
2;4;15;7646
2;4;16;8233
2;4;17;8033
2;4;18;7137
2;4;19;23037
2;4;20;5970
2;4;21;7979
2;4;22;31441
2;4;23;8497
2;4;24;1332
2;4;25;31156
2;4;26;2516
2;4;27;5036
2;4;28;1268
2;4;29;1280
2;4;30;1269
2;4;31;22147
2;4;32;8331
2;4;33;21300
2;4;34;18006
2;4;35;29839
2;4;36;30383
2;4;37;2094
2;4;38;21297
2;4;39;256
2;4;40;29246
2;4;41;31136
2;4;42;16326
2;4;43;25082
2;4;44;1957
2;4;45;6912
2;4;46;29204
2;4;47;4367
2;4;48;30242
2;4;49;33954
2;4;50;24322
2;4;51;751
2;4;52;1083
2;4;53;24358
2;4;54;30089
2;4;55;1255
2;4;56;3357
2;4;57;15265
2;4;58;804
2;4;59;26070
2;4;60;2741
2;4;61;956
2;4;62;23890
2;4;63;29087
2;4;64;17379
2;4;65;835
2;4;66;1012
2;4;67;1221
2;4;68;8131
2;4;69;32895
2;4;70;30165
2;4;71;27365
2;4;72;3348
2;4;73;24882
2;4;74;2456
2;4;75;6828
2;4;76;31151
2;4;77;7753
2;4;78;29175
2;4;79;0
2;4;80;34762
2;4;81;5037
2;4;82;30164
2;4;83;747
2;4;84;811
2;4;85;21094
2;4;86;25908
2;4;87;30157
2;4;88;34544
2;4;89;1518
2;4;90;4319
2;4;91;883
2;4;92;20533
2;4;93;789
2;4;94;1241
2;4;95;23106
2;4;96;1246
2;4;97;4779
2;4;98;836
2;4;99;28007
2;4;100;29885
2;4;101;851
2;4;102;1506
2;4;103;34366
2;4;104;1273
2;4;105;2939
2;4;106;33926
2;4;107;26862
2;4;108;33162
2;4;109;1312
2;4;110;6360
2;4;111;20255
2;4;112;20453
2;4;113;20457
2;4;114;203
2;4;115;204
2;4;116;205
2;4;117;688
2;4;118;4357
2;4;119;4328
2;4;120;6527
2;4;121;4333
2;4;122;26373
2;4;123;1189
2;4;124;31833
2;4;125;2346
2;4;126;34611
2;4;127;6428
2;4;128;29892
2;4;129;121
2;4;130;33071
2;4;131;5296
2;4;132;24042
2;4;133;26558
2;4;134;2511
2;4;135;32245
2;4;136;23086
2;4;137;32370
2;4;138;32261
2;4;139;5773
2;4;140;34343
2;4;141;30440
2;4;142;0
1;5;1;33666
1;5;2;24528
1;5;3;2188
1;5;4;2191
1;5;5;32776
1;5;6;19186
1;5;7;7226
1;5;8;28367
1;5;9;21589
1;5;10;18996
1;5;11;651
1;5;12;5927
1;5;13;6378
1;5;14;30075
1;5;15;3197
1;5;16;19168
1;5;17;6274
1;5;18;4359
1;5;19;395
1;5;20;25704
1;5;21;17714
1;5;22;27158
1;5;23;30863
1;5;24;24822
1;5;25;31025
1;5;26;4749
1;5;27;4852
1;5;28;31658
1;5;29;32823
1;5;30;31663
1;5;31;31661
1;5;32;0
1;5;33;661
1;5;34;5473
1;5;35;23880
1;5;36;23990
1;5;37;1013
1;5;38;34306
1;5;39;935
1;5;40;7083
1;5;41;33904
1;5;42;8971
1;5;43;868
1;5;44;22253
1;5;45;1336
1;5;46;6863
1;5;47;2593
1;5;48;6169
1;5;49;766
1;5;50;31801
1;5;51;859
1;5;52;4736
1;5;53;1599
1;5;54;1230
1;5;55;1331
1;5;56;753
1;5;57;18283
1;5;58;1178
1;5;59;28022
1;5;60;34684
1;5;61;32681
1;5;62;8316
1;5;63;34111
1;5;64;5532
1;5;65;8699
1;5;66;32386
1;5;67;577
1;5;68;6064
1;5;69;1228
1;5;70;143
1;5;71;6895
1;5;72;27958
1;5;73;1605
1;5;74;25543
1;5;75;33951
1;5;76;27561
1;5;77;33
1;5;78;32245
1;5;79;33513
1;5;80;15031
1;5;81;8435
1;5;82;31750
1;5;83;5794
1;5;84;19441
1;5;85;20844
1;5;86;3209
1;5;87;6270
1;5;88;6181
1;5;89;17733
1;5;90;16067
1;5;91;14927
1;5;92;5297
1;5;93;3322
1;5;94;5344
1;5;95;28702
1;5;96;885
1;5;97;23456
1;5;98;5553
1;5;99;4153
1;5;100;23621
1;5;101;1179
1;5;102;1018
1;5;103;4454
1;5;104;28198
1;5;105;29744
1;5;106;0
2;5;1;25188
2;5;2;783
2;5;3;7791
2;5;4;1213
2;5;5;1007
2;5;6;31507
2;5;7;4881
2;5;8;1008
2;5;9;32985
2;5;10;658
2;5;11;33226
2;5;12;33306
2;5;13;32950
2;5;14;23862
2;5;15;5762
2;5;16;6813
2;5;17;21839
2;5;18;25586
2;5;19;19770
2;5;20;7706
2;5;21;948
2;5;22;950
2;5;23;25505
2;5;24;28546
2;5;25;6094
2;5;26;1139
2;5;27;810
2;5;28;809
2;5;29;21064
2;5;30;3238
2;5;31;4334
2;5;32;1566
2;5;33;27934
2;5;34;3329
2;5;35;8409
2;5;36;24164
2;5;37;34331
2;5;38;1526
2;5;39;5185
2;5;40;26763
2;5;41;984
2;5;42;24590
2;5;43;846
2;5;44;949
2;5;45;5298
2;5;46;31905
2;5;47;1010
2;5;48;1184
2;5;49;31027
2;5;50;27932
2;5;51;33318
2;5;52;25649
2;5;53;33839
2;5;54;946
2;5;55;23988
2;5;56;8369
2;5;57;34389
2;5;58;28043
2;5;59;8669
2;5;60;28987
2;5;61;4340
2;5;62;2340
2;5;63;15093
2;5;64;2524
2;5;65;1200
2;5;66;24257
2;5;67;993
2;5;68;5576
2;5;69;33953
2;5;70;19950
2;5;71;981
2;5;72;4953
2;5;73;32746
2;5;74;943
2;5;75;5908
2;5;76;32952
2;5;77;31051
2;5;78;29931
2;5;79;947
2;5;80;23876
2;5;81;959
2;5;82;890
2;5;83;958
2;5;84;7472
2;5;85;23702
2;5;86;853
2;5;87;4358
2;5;88;6139
2;5;89;2728
2;5;90;5791
2;5;91;24449
2;5;92;882
2;5;93;8983
2;5;94;6322
2;5;95;4576
2;5;96;778
2;5;97;26265
2;5;98;3141
2;5;99;23852
2;5;100;3045
2;5;101;1590
2;5;102;34504
2;5;103;1603
2;5;104;8333
2;5;105;0
2;5;106;0
