1;1;1;33666
1;1;2;1374
1;1;3;7355
1;1;4;24306
1;1;5;7371
1;1;6;26248
1;1;7;7359
1;1;8;7370
1;1;9;7357
1;1;10;19473
1;1;11;730
1;1;12;7814
1;1;13;32560
1;1;14;18872
1;1;15;2100
1;1;16;4235
1;1;17;1585
1;1;18;7309
1;1;19;6587
1;1;20;4631
1;1;21;5139
1;1;22;1188
1;1;23;18967
1;1;24;23955
1;1;25;21094
1;1;26;4088
1;1;27;1584
1;1;28;3333
1;1;29;7133
1;1;30;6260
1;1;31;31588
1;1;32;2241
1;1;33;32079
1;1;34;33002
1;1;35;1084
1;1;36;18887
1;1;37;28007
1;1;38;26401
1;1;39;31900
1;1;40;5679
1;1;41;1256
1;1;42;24294
1;1;43;24461
1;1;44;31904
1;1;45;20963
1;1;46;18009
1;1;47;29839
1;1;48;22771
1;1;49;205
1;1;50;33840
1;1;51;33781
1;1;52;2652
1;1;53;1063
1;1;54;25584
1;1;55;574
1;1;56;572
1;1;57;15674
1;1;58;32300
1;1;59;1583
1;1;60;23726
1;1;61;34646
1;1;62;34650
1;1;63;5264
1;1;64;7730
1;1;65;1155
1;1;66;26046
1;1;67;0
1;1;68;0
2;1;1;31661
2;1;2;31658
2;1;3;31663
2;1;4;5131
2;1;5;4851
2;1;6;4907
2;1;7;2091
2;1;8;4800
2;1;9;8418
2;1;10;33532
2;1;11;27327
2;1;12;5053
2;1;13;317
2;1;14;33203
2;1;15;32538
2;1;16;908
2;1;17;907
2;1;18;27189
2;1;19;30872
2;1;20;875
2;1;21;4986
2;1;22;34762
2;1;23;4858
2;1;24;919
2;1;25;34909
2;1;26;972
2;1;27;4234
2;1;28;31183
2;1;29;22751
2;1;30;29342
2;1;31;4201
2;1;32;936
2;1;33;34814
2;1;34;30812
2;1;35;34669
2;1;36;30824
2;1;37;16759
2;1;38;7980
2;1;39;15180
2;1;40;34612
2;1;41;31152
2;1;42;32109
2;1;43;31323
2;1;44;8188
2;1;45;7709
2;1;46;1043
2;1;47;8584
2;1;48;2741
2;1;49;1522
2;1;50;7646
2;1;51;32168
2;1;52;697
2;1;53;1272
2;1;54;1278
2;1;55;33985
2;1;56;891
2;1;57;1334
2;1;58;32973
2;1;59;34050
2;1;60;24046
2;1;61;24044
2;1;62;1264
2;1;63;785
2;1;64;17541
2;1;65;3134
2;1;66;1254
2;1;67;1066
2;1;68;32864
2;1;69;1255
2;1;70;1267
2;1;71;29893
2;1;72;5036
2;1;73;1268
2;1;74;30825
2;1;75;31156
2;1;76;26190
2;1;77;30149
2;1;78;1246
2;1;79;1247
2;1;80;32096
2;1;81;0
2;1;82;33236
2;1;83;23728
2;1;84;28825
2;1;85;32889
2;1;86;2627
2;1;87;26241
2;1;88;34458
2;1;89;6315
2;1;90;2682
2;1;91;4935
2;1;92;3292
2;1;93;4910
2;1;94;2949
2;1;95;4987
2;1;96;5202
2;1;97;3205
2;1;98;23070
2;1;99;31679
2;1;100;2306
2;1;101;1745
2;1;102;1755
2;1;103;7740
2;1;104;6888
2;1;105;4896
2;1;106;1895
2;1;107;2698
2;1;108;5049
2;1;109;30710
2;1;110;29895
2;1;111;576
2;1;112;30968
2;1;113;32778
2;1;114;20793
2;1;115;4904
2;1;116;21276
2;1;117;21807
2;1;118;2314
2;1;119;5788
2;1;120;30229
2;1;121;4911
2;1;122;32102
2;1;123;8141
2;1;124;25969
2;1;125;7308
2;1;126;122
2;1;127;30152
2;1;128;3003
2;1;129;24120
2;1;130;2539
2;1;131;31898
2;1;132;6925
2;1;133;5888
2;1;134;7953
2;1;135;7211
2;1;136;1732
2;1;137;5017
2;1;138;6224
2;1;139;4763
2;1;140;27613
2;1;141;24162
2;1;142;1407
2;1;143;22171
2;1;144;5018
2;1;145;5224
2;1;146;34910
2;1;147;26079
2;1;148;4958
2;1;149;18
2;1;150;4844
2;1;151;17969
2;1;152;1758
2;1;153;5929
2;1;154;5128
2;1;155;1663
2;1;156;29266
2;1;157;1181
2;1;158;325
2;1;159;3349
2;1;160;5804
2;1;161;2184
2;1;162;0
1;2;1;24021
1;2;2;6340
1;2;3;7617
1;2;4;4774
1;2;5;4949
1;2;6;4823
1;2;7;5205
1;2;8;4829
1;2;9;32809
1;2;10;28082
1;2;11;892
1;2;12;8361
1;2;13;4524
1;2;14;31485
1;2;15;28546
1;2;16;3115
1;2;17;30758
1;2;18;9016
1;2;19;29973
1;2;20;31047
1;2;21;17439
1;2;22;33740
1;2;23;29911
1;2;24;962
1;2;25;941
1;2;26;18715
1;2;27;696
1;2;28;942
1;2;29;30934
1;2;30;24163
1;2;31;27934
1;2;32;843
1;2;33;1640
1;2;34;945
1;2;35;18716
1;2;36;16472
1;2;37;865
1;2;38;22341
1;2;39;27932
1;2;40;29943
1;2;41;30352
1;2;42;34197
1;2;43;30351
1;2;44;30186
1;2;45;30160
1;2;46;30243
1;2;47;30218
1;2;48;34825
1;2;49;30190
1;2;50;33003
1;2;51;32949
1;2;52;31189
1;2;53;940
1;2;54;964
1;2;55;644
1;2;56;24119
1;2;57;951
1;2;58;25743
1;2;59;1005
1;2;60;7205
1;2;61;23982
1;2;62;4721
1;2;63;952
1;2;64;944
1;2;65;597
1;2;66;30199
1;2;67;927
1;2;68;33226
1;2;69;33306
1;2;70;29598
1;2;71;9490
1;2;72;8444
1;2;73;32245
1;2;74;33
1;2;75;7184
1;2;76;16062
1;2;77;24229
1;2;78;29399
1;2;79;29398
1;2;80;31750
1;2;81;23590
1;2;82;24330
1;2;83;6321
1;2;84;18963
1;2;85;4318
1;2;86;14927
1;2;87;23160
1;2;88;16661
1;2;89;18720
1;2;90;33070
1;2;91;32711
1;2;92;0
1;2;93;7774
1;2;94;32813
1;2;95;4926
1;2;96;34582
1;2;97;4814
1;2;98;4878
1;2;99;24118
1;2;100;33104
1;2;101;15911
1;2;102;3308
1;2;103;3348
1;2;104;7097
1;2;105;162
1;2;106;31483
1;2;107;30657
1;2;108;7430
1;2;109;4337
1;2;110;1174
1;2;111;571
1;2;112;5229
1;2;113;8234
1;2;114;550
1;2;115;23155
1;2;116;25262
1;2;117;4354
1;2;118;6248
1;2;119;622
1;2;120;7237
1;2;121;584
1;2;122;23110
1;2;123;768
1;2;124;32735
1;2;125;7011
1;2;126;31188
1;2;127;7315
1;2;128;537
1;2;129;33947
1;2;130;5682
1;2;131;562
1;2;132;2188
1;2;133;2191
1;2;134;0
2;2;1;3223
2;2;2;31020
2;2;3;1903
2;2;4;2680
2;2;5;20512
2;2;6;7161
2;2;7;820
2;2;8;2832
2;2;9;5048
2;2;10;15487
2;2;11;5105
2;2;12;30528
2;2;13;5140
2;2;14;4957
2;2;15;29250
2;2;16;4772
2;2;17;5832
2;2;18;8412
2;2;19;28125
2;2;20;5058
2;2;21;5144
2;2;22;5109
2;2;23;19155
2;2;24;5061
2;2;25;6359
2;2;26;4991
2;2;27;34121
2;2;28;5039
2;2;29;7480
2;2;30;1959
2;2;31;6147
2;2;32;17907
2;2;33;4934
2;2;34;15760
2;2;35;4752
2;2;36;34219
2;2;37;19697
2;2;38;25678
2;2;39;5012
2;2;40;5159
2;2;41;1771
2;2;42;4748
2;2;43;5787
2;2;44;34878
2;2;45;8030
2;2;46;7104
2;2;47;5038
2;2;48;4981
2;2;49;3018
2;2;50;4801
2;2;51;6395
2;2;52;1601
2;2;53;5190
2;2;54;4857
2;2;55;4824
2;2;56;29035
2;2;57;19377
2;2;58;5116
2;2;59;33211
2;2;60;4970
2;2;61;5351
2;2;62;15825
2;2;63;32285
2;2;64;31548
2;2;65;4903
2;2;66;5052
2;2;67;5050
2;2;68;2697
2;2;69;5861
2;2;70;898
2;2;71;4766
2;2;72;5127
2;2;73;7541
2;2;74;6603
2;2;75;4783
2;2;76;1739
2;2;77;32559
2;2;78;8414
2;2;79;5550
2;2;80;1751
2;2;81;1826
2;2;82;8327
2;2;83;4755
2;2;84;338
2;2;85;4816
2;2;86;4895
2;2;87;30238
2;2;88;6272
2;2;89;16607
2;2;90;34841
2;2;91;5011
2;2;92;25100
2;2;93;5146
2;2;94;24125
2;2;95;5178
2;2;96;26064
2;2;97;6136
2;2;98;16697
2;2;99;1876
2;2;100;1875
2;2;101;5564
2;2;102;5142
2;2;103;31913
2;2;104;5082
2;2;105;6144
2;2;106;0
2;2;107;0
1;3;1;8365
1;3;2;6168
1;3;3;795
1;3;4;4974
1;3;5;4775
1;3;6;32568
1;3;7;22296
1;3;8;4831
1;3;9;5111
1;3;10;6289
1;3;11;33024
1;3;12;6887
1;3;13;4751
1;3;14;4956
1;3;15;5219
1;3;16;30969
1;3;17;30370
1;3;18;4796
1;3;19;20010
1;3;20;30875
1;3;21;5093
1;3;22;1995
1;3;23;25860
1;3;24;17262
1;3;25;1888
1;3;26;1760
1;3;27;7300
1;3;28;4797
1;3;29;32601
1;3;30;26054
1;3;31;17095
1;3;32;6865
1;3;33;1772
1;3;34;15426
1;3;35;15940
1;3;36;5339
1;3;37;895
1;3;38;4879
1;3;39;4753
1;3;40;4350
1;3;41;15458
1;3;42;5015
1;3;43;5005
1;3;44;4798
1;3;45;34679
1;3;46;4978
1;3;47;5006
1;3;48;28289
1;3;49;4740
1;3;50;5055
1;3;51;5097
1;3;52;8244
1;3;53;19087
1;3;54;2334
1;3;55;5983
1;3;56;5239
1;3;57;5176
1;3;58;5175
1;3;59;4945
1;3;60;4955
1;3;61;5107
1;3;62;5571
1;3;63;4608
1;3;64;5152
1;3;65;5170
1;3;66;8319
1;3;67;5114
1;3;68;6010
1;3;69;19546
1;3;70;1625
1;3;71;20231
1;3;72;0
1;3;73;31661
1;3;74;31658
1;3;75;31663
1;3;76;6503
1;3;77;5542
1;3;78;4767
1;3;79;21967
1;3;80;4746
1;3;81;3140
1;3;82;31267
1;3;83;5063
1;3;84;603
1;3;85;19836
1;3;86;4950
1;3;87;23810
1;3;88;27700
1;3;89;1602
1;3;90;8363
1;3;91;1015
1;3;92;1065
1;3;93;881
1;3;94;1064
1;3;95;7747
1;3;96;839
1;3;97;31151
1;3;98;1040
1;3;99;25745
1;3;100;16132
1;3;101;1303
1;3;102;29647
1;3;103;7610
1;3;104;26243
1;3;105;18835
1;3;106;14930
1;3;107;26414
1;3;108;27465
1;3;109;24047
1;3;110;16093
1;3;111;17665
1;3;112;1731
1;3;113;7070
1;3;114;24389
1;3;115;880
1;3;116;27100
1;3;117;34424
1;3;118;701
1;3;119;22483
1;3;120;7374
1;3;121;34486
1;3;122;8269
1;3;123;25341
1;3;124;18837
1;3;125;733
1;3;126;23922
1;3;127;930
1;3;128;1223
1;3;129;30382
1;3;130;844
1;3;131;1069
1;3;132;1085
1;3;133;808
1;3;134;850
1;3;135;934
1;3;136;27137
1;3;137;29626
1;3;138;33827
1;3;139;5793
1;3;140;31961
1;3;141;26706
1;3;142;24295
1;3;143;30365
1;3;144;1211
1;3;145;933
1;3;146;4618
1;3;147;6654
1;3;148;20419
1;3;149;2714
1;3;150;25465
1;3;151;15168
1;3;152;1924
1;3;153;28517
1;3;154;1041
1;3;155;1068
1;3;156;1337
1;3;157;17957
1;3;158;31517
1;3;159;26317
1;3;160;32245
1;3;161;28985
1;3;162;8942
1;3;163;2840
1;3;164;6759
1;3;165;8492
1;3;166;33991
1;3;167;21147
1;3;168;6255
1;3;169;932
1;3;170;7867
1;3;171;0
2;3;1;1854
2;3;2;361
2;3;3;33346
2;3;4;2688
2;3;5;28899
2;3;6;33666
2;3;7;32946
2;3;8;8607
2;3;9;31469
2;3;10;767
2;3;11;32562
2;3;12;8202
2;3;13;24180
2;3;14;25920
2;3;15;30375
2;3;16;1934
2;3;17;449
2;3;18;2259
2;3;19;7040
2;3;20;28061
2;3;21;23795
2;3;22;15631
2;3;23;34593
2;3;24;5303
2;3;25;2212
2;3;26;32127
2;3;27;1720
2;3;28;7437
2;3;29;33976
2;3;30;30411
2;3;31;30814
2;3;32;30815
2;3;33;8290
2;3;34;526
2;3;35;7072
2;3;36;2862
2;3;37;7618
2;3;38;25776
2;3;39;34199
2;3;40;538
2;3;41;1324
2;3;42;27124
2;3;43;32876
2;3;44;33206
2;3;45;552
2;3;46;25248
2;3;47;620
2;3;48;7314
2;3;49;573
2;3;50;1517
2;3;51;2740
2;3;52;6955
2;3;53;7714
2;3;54;6478
2;3;55;1000
2;3;56;141
2;3;57;23391
2;3;58;997
2;3;59;20328
2;3;60;8272
2;3;61;32694
2;3;62;7694
2;3;63;7009
2;3;64;812
2;3;65;7720
2;3;66;27692
2;3;67;20412
2;3;68;960
2;3;69;7424
2;3;70;0
2;3;71;0
1;4;1;31461
1;4;2;17201
1;4;3;29921
1;4;4;4994
1;4;5;5010
1;4;6;18
1;4;7;29730
1;4;8;5056
1;4;9;6809
1;4;10;4763
1;4;11;5004
1;4;12;4875
1;4;13;32702
1;4;14;4780
1;4;15;4969
1;4;16;31279
1;4;17;4884
1;4;18;28819
1;4;19;24120
1;4;20;5009
1;4;21;34739
1;4;22;6217
1;4;23;7953
1;4;24;26079
1;4;25;29509
1;4;26;2316
1;4;27;2353
1;4;28;5729
1;4;29;8410
1;4;30;19987
1;4;31;24078
1;4;32;5856
1;4;33;4773
1;4;34;5141
1;4;35;28315
1;4;36;5204
1;4;37;6316
1;4;38;4985
1;4;39;8368
1;4;40;15272
1;4;41;30809
1;4;42;33849
1;4;43;7941
1;4;44;16580
1;4;45;20690
1;4;46;5080
1;4;47;4815
1;4;48;1774
1;4;49;7355
1;4;50;887
1;4;51;21179
1;4;52;909
1;4;53;969
1;4;54;6129
1;4;55;7372
1;4;56;16960
1;4;57;7373
1;4;58;7365
1;4;59;7357
1;4;60;7359
1;4;61;24306
1;4;62;1335
1;4;63;15945
1;4;64;16673
1;4;65;5792
1;4;66;1638
1;4;67;3330
1;4;68;32079
1;4;69;2483
1;4;70;29975
1;4;71;1247
1;4;72;24705
1;4;73;3295
1;4;74;34374
1;4;75;31608
1;4;76;557
1;4;77;22825
1;4;78;624
1;4;79;1017
1;4;80;1067
1;4;81;23726
1;4;82;34650
1;4;83;34646
1;4;84;7477
1;4;85;7316
1;4;86;8201
1;4;87;15674
1;4;88;19375
1;4;89;26046
1;4;90;0
1;4;91;358
1;4;92;2836
1;4;93;33236
1;4;94;25213
1;4;95;33686
1;4;96;27965
1;4;97;26836
1;4;98;16919
1;4;99;406
1;4;100;21343
1;4;101;20215
1;4;102;29032
1;4;103;16575
1;4;104;4782
1;4;105;7492
1;4;106;15074
1;4;107;26515
1;4;108;23596
1;4;109;32774
1;4;110;114
1;4;111;4825
1;4;112;2500
1;4;113;24043
1;4;114;28516
1;4;115;1212
1;4;116;30026
1;4;117;22704
1;4;118;3219
1;4;119;28784
1;4;120;30730
1;4;121;6771
1;4;122;5209
1;4;123;16908
1;4;124;22184
1;4;125;15767
1;4;126;1726
1;4;127;4579
1;4;128;6498
1;4;129;2699
1;4;130;363
1;4;131;21335
1;4;132;7772
1;4;133;34672
1;4;134;28495
1;4;135;2839
1;4;136;1594
1;4;137;4842
1;4;138;4734
1;4;139;5226
1;4;140;4845
1;4;141;6587
1;4;142;5232
1;4;143;8211
1;4;144;8413
1;4;145;5126
1;4;146;5636
1;4;147;4977
1;4;148;4750
1;4;149;6286
1;4;150;4992
1;4;151;4988
1;4;152;5407
1;4;153;5189
1;4;154;5362
1;4;155;1728
1;4;156;5092
1;4;157;1824
1;4;158;22342
1;4;159;2621
1;4;160;6249
1;4;161;32606
1;4;162;25195
1;4;163;21701
1;4;164;3046
1;4;165;5221
1;4;166;31023
1;4;167;33425
1;4;168;20621
1;4;169;4838
1;4;170;7308
1;4;171;2300
1;4;172;5201
1;4;173;4804
1;4;174;7740
1;4;175;1727
1;4;176;2757
1;4;177;15142
1;4;178;1764
1;4;179;1734
1;4;180;2306
1;4;181;5555
1;4;182;2707
1;4;183;1805
1;4;184;5166
1;4;185;0
2;4;1;23728
2;4;2;5215
2;4;3;34288
2;4;4;29175
2;4;5;996
2;4;6;5878
2;4;7;1378
2;4;8;1669
2;4;9;32109
2;4;10;642
2;4;11;817
2;4;12;508
2;4;13;7505
2;4;14;4487
2;4;15;7646
2;4;16;8233
2;4;17;8033
2;4;18;5970
2;4;19;23037
2;4;20;7137
2;4;21;31441
2;4;22;7979
2;4;23;8497
2;4;24;1332
2;4;25;31156
2;4;26;2516
2;4;27;5036
2;4;28;1268
2;4;29;1280
2;4;30;1269
2;4;31;22147
2;4;32;8331
2;4;33;21300
2;4;34;18006
2;4;35;29839
2;4;36;30383
2;4;37;2094
2;4;38;21297
2;4;39;256
2;4;40;29246
2;4;41;31136
2;4;42;16326
2;4;43;25082
2;4;44;1957
2;4;45;6912
2;4;46;29204
2;4;47;4367
2;4;48;30242
2;4;49;33954
2;4;50;24322
2;4;51;751
2;4;52;1083
2;4;53;24358
2;4;54;30089
2;4;55;1255
2;4;56;3357
2;4;57;15265
2;4;58;804
2;4;59;26070
2;4;60;2741
2;4;61;956
2;4;62;33996
2;4;63;23890
2;4;64;29087
2;4;65;17379
2;4;66;835
2;4;67;1012
2;4;68;1221
2;4;69;8131
2;4;70;32895
2;4;71;30165
2;4;72;27365
2;4;73;5882
2;4;74;24882
2;4;75;2456
2;4;76;6828
2;4;77;7753
2;4;78;19000
2;4;79;0
2;4;80;34762
2;4;81;5037
2;4;82;30164
2;4;83;747
2;4;84;811
2;4;85;21094
2;4;86;25908
2;4;87;30157
2;4;88;34544
2;4;89;1518
2;4;90;4319
2;4;91;883
2;4;92;20533
2;4;93;789
2;4;94;1241
2;4;95;23106
2;4;96;1246
2;4;97;4779
2;4;98;836
2;4;99;28007
2;4;100;29885
2;4;101;851
2;4;102;1506
2;4;103;34366
2;4;104;1273
2;4;105;2939
2;4;106;33926
2;4;107;26862
2;4;108;33162
2;4;109;1312
2;4;110;6360
2;4;111;20255
2;4;112;20453
2;4;113;20457
2;4;114;203
2;4;115;204
2;4;116;205
2;4;117;688
2;4;118;4357
2;4;119;4328
2;4;120;6527
2;4;121;4333
2;4;122;26373
2;4;123;1189
2;4;124;31833
2;4;125;34611
2;4;126;2346
2;4;127;6428
2;4;128;29892
2;4;129;121
2;4;130;33071
2;4;131;5296
2;4;132;24042
2;4;133;26558
2;4;134;2511
2;4;135;32245
2;4;136;23086
2;4;137;32370
2;4;138;32261
2;4;139;5773
2;4;140;34343
2;4;141;30440
2;4;142;0
1;5;1;33666
1;5;2;24528
1;5;3;2188
1;5;4;2191
1;5;5;32776
1;5;6;19186
1;5;7;7226
1;5;8;28367
1;5;9;21589
1;5;10;18996
1;5;11;651
1;5;12;5927
1;5;13;6378
1;5;14;30075
1;5;15;3197
1;5;16;19168
1;5;17;6274
1;5;18;4359
1;5;19;395
1;5;20;25704
1;5;21;17714
1;5;22;27158
1;5;23;30863
1;5;24;24822
1;5;25;31025
1;5;26;4749
1;5;27;4852
1;5;28;31658
1;5;29;32823
1;5;30;31663
1;5;31;31661
1;5;32;0
1;5;33;661
1;5;34;5473
1;5;35;23880
1;5;36;23990
1;5;37;1013
1;5;38;34306
1;5;39;935
1;5;40;7083
1;5;41;33904
1;5;42;8971
1;5;43;868
1;5;44;22253
1;5;45;1336
1;5;46;6863
1;5;47;2593
1;5;48;6169
1;5;49;766
1;5;50;31801
1;5;51;859
1;5;52;4736
1;5;53;1599
1;5;54;1230
1;5;55;1331
1;5;56;753
1;5;57;18283
1;5;58;1178
1;5;59;28022
1;5;60;34684
1;5;61;32681
1;5;62;8316
1;5;63;34111
1;5;64;5532
1;5;65;8699
1;5;66;32386
1;5;67;577
1;5;68;6064
1;5;69;1228
1;5;70;143
1;5;71;6895
1;5;72;27958
1;5;73;15958
1;5;74;1605
1;5;75;25543
1;5;76;33951
1;5;77;27561
1;5;78;33
1;5;79;32245
1;5;80;33513
1;5;81;15031
1;5;82;8435
1;5;83;31750
1;5;84;5794
1;5;85;19441
1;5;86;20844
1;5;87;3209
1;5;88;6270
1;5;89;6181
1;5;90;17733
1;5;91;16067
1;5;92;14927
1;5;93;5297
1;5;94;3322
1;5;95;5344
1;5;96;28702
1;5;97;885
1;5;98;5553
1;5;99;23456
1;5;100;4153
1;5;101;23621
1;5;102;1179
1;5;103;1018
1;5;104;4454
1;5;105;28198
1;5;106;29744
1;5;107;0
2;5;1;25188
2;5;2;783
2;5;3;7791
2;5;4;1213
2;5;5;1007
2;5;6;31507
2;5;7;4881
2;5;8;1008
2;5;9;32985
2;5;10;658
2;5;11;33226
2;5;12;33306
2;5;13;32950
2;5;14;5762
2;5;15;23862
2;5;16;6813
2;5;17;21839
2;5;18;948
2;5;19;7706
2;5;20;950
2;5;21;19770
2;5;22;25505
2;5;23;28546
2;5;24;6094
2;5;25;1139
2;5;26;810
2;5;27;809
2;5;28;21064
2;5;29;3238
2;5;30;4334
2;5;31;1566
2;5;32;27934
2;5;33;3329
2;5;34;8409
2;5;35;24164
2;5;36;34331
2;5;37;1526
2;5;38;5185
2;5;39;26763
2;5;40;24590
2;5;41;846
2;5;42;984
2;5;43;949
2;5;44;25586
2;5;45;5298
2;5;46;31905
2;5;47;1010
2;5;48;1184
2;5;49;31027
2;5;50;27932
2;5;51;33318
2;5;52;25649
2;5;53;33839
2;5;54;946
2;5;55;23988
2;5;56;8369
2;5;57;34389
2;5;58;8669
2;5;59;28987
2;5;60;4340
2;5;61;2340
2;5;62;15093
2;5;63;2524
2;5;64;1200
2;5;65;24257
2;5;66;993
2;5;67;5576
2;5;68;33953
2;5;69;19950
2;5;70;981
2;5;71;4953
2;5;72;32746
2;5;73;943
2;5;74;5908
2;5;75;32952
2;5;76;28043
2;5;77;31051
2;5;78;29931
2;5;79;947
2;5;80;958
2;5;81;959
2;5;82;890
2;5;83;23876
2;5;84;7472
2;5;85;23702
2;5;86;853
2;5;87;4358
2;5;88;6139
2;5;89;2728
2;5;90;5791
2;5;91;24449
2;5;92;882
2;5;93;6322
2;5;94;8983
2;5;95;4576
2;5;96;778
2;5;97;26265
2;5;98;3141
2;5;99;23852
2;5;100;3045
2;5;101;1590
2;5;102;34504
2;5;103;1603
2;5;104;8333
2;5;105;0
2;5;106;0
