1;1;1;33666
1;1;2;1374
1;1;3;7359
1;1;4;7355
1;1;5;24306
1;1;6;26248
1;1;7;7373
1;1;8;7372
1;1;9;7357
1;1;10;19473
1;1;11;730
1;1;12;32560
1;1;13;18872
1;1;14;2100
1;1;15;1585
1;1;16;4235
1;1;17;7309
1;1;18;4800
1;1;19;6587
1;1;20;5139
1;1;21;1188
1;1;22;18967
1;1;23;23955
1;1;24;21094
1;1;25;4088
1;1;26;1584
1;1;27;3333
1;1;28;7133
1;1;29;31588
1;1;30;32096
1;1;31;32079
1;1;32;1638
1;1;33;1084
1;1;34;18887
1;1;35;28007
1;1;36;26401
1;1;37;31900
1;1;38;1256
1;1;39;5679
1;1;40;24294
1;1;41;24461
1;1;42;31904
1;1;43;20963
1;1;44;18009
1;1;45;29839
1;1;46;22771
1;1;47;205
1;1;48;33840
1;1;49;33781
1;1;50;1063
1;1;51;2652
1;1;52;25584
1;1;53;574
1;1;54;572
1;1;55;15674
1;1;56;32300
1;1;57;1583
1;1;58;23726
1;1;59;34646
1;1;60;34650
1;1;61;5264
1;1;62;1155
1;1;63;7315
1;1;64;7730
1;1;65;26046
1;1;66;0
1;1;67;0
2;1;1;31661
2;1;2;31658
2;1;3;31663
2;1;4;5131
2;1;5;4907
2;1;6;4851
2;1;7;2091
2;1;8;33532
2;1;9;8418
2;1;10;27327
2;1;11;4631
2;1;12;5053
2;1;13;317
2;1;14;33203
2;1;15;32538
2;1;16;908
2;1;17;907
2;1;18;27189
2;1;19;30872
2;1;20;875
2;1;21;4986
2;1;22;34762
2;1;23;4858
2;1;24;919
2;1;25;34909
2;1;26;972
2;1;27;7753
2;1;28;15911
2;1;29;31183
2;1;30;22751
2;1;31;936
2;1;32;4201
2;1;33;34814
2;1;34;29342
2;1;35;30812
2;1;36;34669
2;1;37;30824
2;1;38;16759
2;1;39;7980
2;1;40;15180
2;1;41;34612
2;1;42;31152
2;1;43;32109
2;1;44;31323
2;1;45;8188
2;1;46;7709
2;1;47;1043
2;1;48;8584
2;1;49;2741
2;1;50;1522
2;1;51;7646
2;1;52;32168
2;1;53;697
2;1;54;1272
2;1;55;33985
2;1;56;1334
2;1;57;891
2;1;58;32973
2;1;59;17541
2;1;60;3134
2;1;61;24046
2;1;62;24044
2;1;63;1264
2;1;64;785
2;1;65;34050
2;1;66;1254
2;1;67;32864
2;1;68;1255
2;1;69;29893
2;1;70;5036
2;1;71;1268
2;1;72;30825
2;1;73;31156
2;1;74;26190
2;1;75;30149
2;1;76;1246
2;1;77;1247
2;1;78;6260
2;1;79;0
2;1;80;33236
2;1;81;23728
2;1;82;28825
2;1;83;32889
2;1;84;2627
2;1;85;26241
2;1;86;34458
2;1;87;6315
2;1;88;2682
2;1;89;4935
2;1;90;3292
2;1;91;4910
2;1;92;2949
2;1;93;4987
2;1;94;5202
2;1;95;3205
2;1;96;17201
2;1;97;23070
2;1;98;2306
2;1;99;7740
2;1;100;4896
2;1;101;26054
2;1;102;1895
2;1;103;5049
2;1;104;576
2;1;105;29895
2;1;106;30710
2;1;107;30968
2;1;108;32778
2;1;109;20793
2;1;110;4904
2;1;111;21276
2;1;112;21807
2;1;113;2314
2;1;114;5788
2;1;115;30229
2;1;116;4911
2;1;117;32102
2;1;118;8141
2;1;119;25969
2;1;120;7308
2;1;121;15760
2;1;122;122
2;1;123;30152
2;1;124;3003
2;1;125;24120
2;1;126;4884
2;1;127;31898
2;1;128;7953
2;1;129;2539
2;1;130;5009
2;1;131;31279
2;1;132;34739
2;1;133;1732
2;1;134;5017
2;1;135;6224
2;1;136;4763
2;1;137;24162
2;1;138;1407
2;1;139;22171
2;1;140;5018
2;1;141;5224
2;1;142;34910
2;1;143;26079
2;1;144;4958
2;1;145;18
2;1;146;4844
2;1;147;17969
2;1;148;1758
2;1;149;5929
2;1;150;5128
2;1;151;1663
2;1;152;29266
2;1;153;1181
2;1;154;325
2;1;155;3349
2;1;156;5804
2;1;157;2184
2;1;158;0
1;2;1;7772
1;2;2;361
1;2;3;24021
1;2;4;6340
1;2;5;7617
1;2;6;4774
1;2;7;4949
1;2;8;4823
1;2;9;5205
1;2;10;4829
1;2;11;32809
1;2;12;28082
1;2;13;892
1;2;14;8361
1;2;15;4524
1;2;16;31485
1;2;17;28546
1;2;18;3115
1;2;19;30758
1;2;20;31047
1;2;21;33740
1;2;22;9016
1;2;23;17439
1;2;24;29911
1;2;25;941
1;2;26;962
1;2;27;18715
1;2;28;696
1;2;29;942
1;2;30;30934
1;2;31;3329
1;2;32;27934
1;2;33;843
1;2;34;1640
1;2;35;945
1;2;36;18716
1;2;37;16472
1;2;38;22341
1;2;39;865
1;2;40;27932
1;2;41;29943
1;2;42;30352
1;2;43;34197
1;2;44;30351
1;2;45;30186
1;2;46;30160
1;2;47;30243
1;2;48;30218
1;2;49;34825
1;2;50;30190
1;2;51;33003
1;2;52;32949
1;2;53;31189
1;2;54;940
1;2;55;964
1;2;56;24119
1;2;57;644
1;2;58;951
1;2;59;25743
1;2;60;1005
1;2;61;7205
1;2;62;23982
1;2;63;4721
1;2;64;952
1;2;65;944
1;2;66;597
1;2;67;30199
1;2;68;658
1;2;69;33226
1;2;70;33306
1;2;71;29598
1;2;72;9490
1;2;73;8444
1;2;74;32245
1;2;75;33
1;2;76;7184
1;2;77;16062
1;2;78;24229
1;2;79;29399
1;2;80;29398
1;2;81;31750
1;2;82;23590
1;2;83;18963
1;2;84;24330
1;2;85;6321
1;2;86;4318
1;2;87;14927
1;2;88;23160
1;2;89;16661
1;2;90;18720
1;2;91;33070
1;2;92;32711
1;2;93;0
1;2;94;4926
1;2;95;32813
1;2;96;34582
1;2;97;4814
1;2;98;4878
1;2;99;24118
1;2;100;33104
1;2;101;4234
1;2;102;3348
1;2;103;7097
1;2;104;162
1;2;105;31483
1;2;106;30657
1;2;107;7430
1;2;108;4337
1;2;109;1174
1;2;110;1000
1;2;111;5229
1;2;112;8234
1;2;113;550
1;2;114;23155
1;2;115;6248
1;2;116;25262
1;2;117;7237
1;2;118;4354
1;2;119;622
1;2;120;584
1;2;121;23110
1;2;122;768
1;2;123;32735
1;2;124;7011
1;2;125;31188
1;2;126;33947
1;2;127;573
1;2;128;1934
1;2;129;562
1;2;130;2188
1;2;131;2191
1;2;132;0
2;2;1;358
2;2;2;1903
2;2;3;2680
2;2;4;20512
2;2;5;7161
2;2;6;820
2;2;7;5114
2;2;8;5048
2;2;9;15487
2;2;10;5105
2;2;11;30528
2;2;12;5140
2;2;13;4957
2;2;14;29250
2;2;15;4772
2;2;16;5832
2;2;17;8412
2;2;18;28125
2;2;19;5058
2;2;20;5144
2;2;21;5109
2;2;22;5061
2;2;23;19155
2;2;24;6359
2;2;25;4991
2;2;26;5039
2;2;27;34121
2;2;28;7480
2;2;29;1959
2;2;30;6147
2;2;31;17907
2;2;32;4934
2;2;33;34219
2;2;34;4752
2;2;35;19697
2;2;36;25678
2;2;37;5012
2;2;38;5159
2;2;39;1771
2;2;40;4748
2;2;41;5787
2;2;42;6887
2;2;43;8030
2;2;44;5636
2;2;45;7104
2;2;46;5038
2;2;47;4981
2;2;48;3018
2;2;49;4801
2;2;50;6395
2;2;51;8319
2;2;52;5190
2;2;53;4857
2;2;54;4824
2;2;55;29035
2;2;56;19377
2;2;57;5116
2;2;58;33211
2;2;59;4970
2;2;60;5351
2;2;61;15825
2;2;62;32285
2;2;63;31548
2;2;64;4903
2;2;65;5052
2;2;66;5050
2;2;67;2697
2;2;68;5861
2;2;69;898
2;2;70;4766
2;2;71;5127
2;2;72;7541
2;2;73;6603
2;2;74;4783
2;2;75;1739
2;2;76;32559
2;2;77;5550
2;2;78;8414
2;2;79;1751
2;2;80;1826
2;2;81;8327
2;2;82;4755
2;2;83;338
2;2;84;4816
2;2;85;4895
2;2;86;30238
2;2;87;6272
2;2;88;16607
2;2;89;34841
2;2;90;5011
2;2;91;5146
2;2;92;25100
2;2;93;24125
2;2;94;5178
2;2;95;26064
2;2;96;6136
2;2;97;16697
2;2;98;1876
2;2;99;1875
2;2;100;5564
2;2;101;5142
2;2;102;31913
2;2;103;5082
2;2;104;6144
2;2;105;0
2;2;106;0
1;3;1;8365
1;3;2;6168
1;3;3;795
1;3;4;4974
1;3;5;4775
1;3;6;32568
1;3;7;22296
1;3;8;4831
1;3;9;5111
1;3;10;6289
1;3;11;24078
1;3;12;4751
1;3;13;4956
1;3;14;5219
1;3;15;30969
1;3;16;30370
1;3;17;4796
1;3;18;20010
1;3;19;5093
1;3;20;1995
1;3;21;25860
1;3;22;1888
1;3;23;17262
1;3;24;30875
1;3;25;1760
1;3;26;7300
1;3;27;4797
1;3;28;32601
1;3;29;2698
1;3;30;6865
1;3;31;17095
1;3;32;1824
1;3;33;15426
1;3;34;15940
1;3;35;5339
1;3;36;895
1;3;37;4350
1;3;38;15458
1;3;39;4879
1;3;40;4753
1;3;41;5015
1;3;42;5005
1;3;43;4798
1;3;44;34679
1;3;45;4978
1;3;46;5006
1;3;47;27613
1;3;48;28289
1;3;49;4740
1;3;50;5055
1;3;51;5097
1;3;52;8244
1;3;53;19087
1;3;54;2334
1;3;55;5983
1;3;56;5239
1;3;57;5176
1;3;58;5175
1;3;59;4945
1;3;60;4955
1;3;61;5107
1;3;62;4608
1;3;63;5571
1;3;64;5152
1;3;65;5170
1;3;66;1601
1;3;67;2832
1;3;68;6010
1;3;69;19546
1;3;70;1625
1;3;71;20231
1;3;72;0
1;3;73;31661
1;3;74;31658
1;3;75;31663
1;3;76;6503
1;3;77;5542
1;3;78;32823
1;3;79;5063
1;3;80;4767
1;3;81;21967
1;3;82;603
1;3;83;31267
1;3;84;19836
1;3;85;4950
1;3;86;4746
1;3;87;3140
1;3;88;23810
1;3;89;19000
1;3;90;1602
1;3;91;8363
1;3;92;1015
1;3;93;1065
1;3;94;881
1;3;95;1064
1;3;96;7747
1;3;97;839
1;3;98;31151
1;3;99;1040
1;3;100;25745
1;3;101;16132
1;3;102;1303
1;3;103;7610
1;3;104;29647
1;3;105;26243
1;3;106;18835
1;3;107;14930
1;3;108;26414
1;3;109;27465
1;3;110;24047
1;3;111;16093
1;3;112;17665
1;3;113;1731
1;3;114;7070
1;3;115;24389
1;3;116;27100
1;3;117;880
1;3;118;642
1;3;119;701
1;3;120;34424
1;3;121;4487
1;3;122;7374
1;3;123;34486
1;3;124;8269
1;3;125;25341
1;3;126;18837
1;3;127;733
1;3;128;23922
1;3;129;930
1;3;130;1223
1;3;131;30382
1;3;132;844
1;3;133;1069
1;3;134;1085
1;3;135;808
1;3;136;850
1;3;137;934
1;3;138;27137
1;3;139;29626
1;3;140;33827
1;3;141;5793
1;3;142;31961
1;3;143;1278
1;3;144;33926
1;3;145;24295
1;3;146;30365
1;3;147;1211
1;3;148;933
1;3;149;4618
1;3;150;6654
1;3;151;20419
1;3;152;2714
1;3;153;25465
1;3;154;15168
1;3;155;1924
1;3;156;24449
1;3;157;882
1;3;158;1337
1;3;159;17957
1;3;160;31517
1;3;161;26317
1;3;162;32245
1;3;163;28985
1;3;164;8942
1;3;165;2840
1;3;166;6759
1;3;167;8492
1;3;168;33991
1;3;169;21147
1;3;170;6255
1;3;171;932
1;3;172;7867
1;3;173;0
2;3;1;2688
2;3;2;28899
2;3;3;33666
2;3;4;32946
2;3;5;8607
2;3;6;31469
2;3;7;767
2;3;8;32562
2;3;9;8202
2;3;10;24180
2;3;11;25920
2;3;12;30375
2;3;13;5682
2;3;14;449
2;3;15;7040
2;3;16;2259
2;3;17;28061
2;3;18;32127
2;3;19;23795
2;3;20;2212
2;3;21;5303
2;3;22;34593
2;3;23;15631
2;3;24;1720
2;3;25;7437
2;3;26;33976
2;3;27;30411
2;3;28;25776
2;3;29;7072
2;3;30;34199
2;3;31;7618
2;3;32;8290
2;3;33;526
2;3;34;2862
2;3;35;27124
2;3;36;30815
2;3;37;538
2;3;38;30814
2;3;39;1324
2;3;40;32876
2;3;41;33206
2;3;42;552
2;3;43;25248
2;3;44;620
2;3;45;7314
2;3;46;537
2;3;47;1517
2;3;48;2740
2;3;49;6955
2;3;50;7714
2;3;51;6478
2;3;52;571
2;3;53;141
2;3;54;23391
2;3;55;3295
2;3;56;20328
2;3;57;8272
2;3;58;32694
2;3;59;7694
2;3;60;7009
2;3;61;812
2;3;62;7720
2;3;63;27692
2;3;64;20412
2;3;65;960
2;3;66;7424
2;3;67;0
2;3;68;0
1;4;1;3223
1;4;2;31461
1;4;3;29921
1;4;4;4994
1;4;5;5010
1;4;6;18
1;4;7;29730
1;4;8;5056
1;4;9;6809
1;4;10;4763
1;4;11;5004
1;4;12;4875
1;4;13;6925
1;4;14;4780
1;4;15;5888
1;4;16;7211
1;4;17;28819
1;4;18;24120
1;4;19;4969
1;4;20;32702
1;4;21;6217
1;4;22;7953
1;4;23;26079
1;4;24;2316
1;4;25;29509
1;4;26;2353
1;4;27;5729
1;4;28;8410
1;4;29;19987
1;4;30;33024
1;4;31;5856
1;4;32;4773
1;4;33;28315
1;4;34;5204
1;4;35;6316
1;4;36;5141
1;4;37;4985
1;4;38;8368
1;4;39;15272
1;4;40;30809
1;4;41;33849
1;4;42;7941
1;4;43;16580
1;4;44;20690
1;4;45;5080
1;4;46;4815
1;4;47;1774
1;4;48;7814
1;4;49;7355
1;4;50;887
1;4;51;909
1;4;52;21179
1;4;53;969
1;4;54;6129
1;4;55;24306
1;4;56;16960
1;4;57;7365
1;4;58;7359
1;4;59;7371
1;4;60;7357
1;4;61;7370
1;4;62;1335
1;4;63;1247
1;4;64;16673
1;4;65;5792
1;4;66;33002
1;4;67;3330
1;4;68;32079
1;4;69;2241
1;4;70;29975
1;4;71;2483
1;4;72;15945
1;4;73;24705
1;4;74;34374
1;4;75;31608
1;4;76;557
1;4;77;22825
1;4;78;624
1;4;79;1017
1;4;80;1067
1;4;81;23726
1;4;82;34650
1;4;83;34646
1;4;84;7477
1;4;85;7316
1;4;86;8201
1;4;87;15674
1;4;88;19375
1;4;89;26046
1;4;90;0
1;4;91;25188
1;4;92;21335
1;4;93;33236
1;4;94;29032
1;4;95;32774
1;4;96;7492
1;4;97;15074
1;4;98;26515
1;4;99;23596
1;4;100;33686
1;4;101;16575
1;4;102;28516
1;4;103;24043
1;4;104;16908
1;4;105;4782
1;4;106;25213
1;4;107;114
1;4;108;2500
1;4;109;5209
1;4;110;20215
1;4;111;21343
1;4;112;1212
1;4;113;26836
1;4;114;22704
1;4;115;30730
1;4;116;16919
1;4;117;406
1;4;118;4825
1;4;119;3219
1;4;120;6771
1;4;121;27965
1;4;122;28784
1;4;123;30026
1;4;124;22184
1;4;125;15767
1;4;126;1726
1;4;127;4579
1;4;128;6498
1;4;129;2699
1;4;130;2836
1;4;131;4734
1;4;132;34672
1;4;133;4842
1;4;134;2839
1;4;135;1594
1;4;136;28495
1;4;137;7774
1;4;138;5226
1;4;139;4845
1;4;140;6587
1;4;141;5232
1;4;142;8211
1;4;143;8413
1;4;144;5126
1;4;145;34878
1;4;146;4977
1;4;147;4750
1;4;148;6286
1;4;149;4992
1;4;150;4988
1;4;151;5407
1;4;152;5189
1;4;153;5362
1;4;154;1728
1;4;155;5092
1;4;156;1772
1;4;157;22342
1;4;158;2621
1;4;159;6249
1;4;160;32606
1;4;161;25195
1;4;162;3046
1;4;163;21701
1;4;164;5221
1;4;165;31023
1;4;166;33425
1;4;167;20621
1;4;168;4838
1;4;169;7308
1;4;170;2300
1;4;171;5201
1;4;172;4804
1;4;173;31679
1;4;174;7740
1;4;175;1755
1;4;176;5555
1;4;177;1764
1;4;178;15142
1;4;179;1745
1;4;180;1734
1;4;181;1805
1;4;182;1727
1;4;183;2757
1;4;184;2707
1;4;185;6888
1;4;186;2306
1;4;187;5166
1;4;188;0
2;4;1;23728
2;4;2;5215
2;4;3;34288
2;4;4;29175
2;4;5;996
2;4;6;5878
2;4;7;1378
2;4;8;1669
2;4;9;32109
2;4;10;817
2;4;11;508
2;4;12;7505
2;4;13;22483
2;4;14;7646
2;4;15;8233
2;4;16;8033
2;4;17;7979
2;4;18;23037
2;4;19;5970
2;4;20;31441
2;4;21;7137
2;4;22;8497
2;4;23;1332
2;4;24;31156
2;4;25;2516
2;4;26;5036
2;4;27;1268
2;4;28;22147
2;4;29;1269
2;4;30;1280
2;4;31;8331
2;4;32;21300
2;4;33;18006
2;4;34;30383
2;4;35;29839
2;4;36;2094
2;4;37;21297
2;4;38;256
2;4;39;29246
2;4;40;31136
2;4;41;16326
2;4;42;25082
2;4;43;1957
2;4;44;6912
2;4;45;29204
2;4;46;4367
2;4;47;30242
2;4;48;33954
2;4;49;24322
2;4;50;751
2;4;51;1083
2;4;52;1267
2;4;53;1255
2;4;54;30089
2;4;55;24358
2;4;56;1066
2;4;57;3357
2;4;58;15265
2;4;59;804
2;4;60;26070
2;4;61;2741
2;4;62;956
2;4;63;33996
2;4;64;23890
2;4;65;29087
2;4;66;17379
2;4;67;835
2;4;68;32895
2;4;69;1012
2;4;70;8131
2;4;71;1221
2;4;72;30165
2;4;73;27365
2;4;74;5882
2;4;75;24882
2;4;76;2456
2;4;77;6828
2;4;78;3308
2;4;79;27700
2;4;80;0
2;4;81;31020
2;4;82;363
2;4;83;34762
2;4;84;5037
2;4;85;30164
2;4;86;747
2;4;87;811
2;4;88;21094
2;4;89;25908
2;4;90;30157
2;4;91;34544
2;4;92;1518
2;4;93;4319
2;4;94;883
2;4;95;20533
2;4;96;789
2;4;97;1241
2;4;98;23106
2;4;99;4779
2;4;100;1246
2;4;101;836
2;4;102;28007
2;4;103;29885
2;4;104;851
2;4;105;1506
2;4;106;34366
2;4;107;1273
2;4;108;2939
2;4;109;26706
2;4;110;26862
2;4;111;33162
2;4;112;1312
2;4;113;6360
2;4;114;20255
2;4;115;20453
2;4;116;20457
2;4;117;205
2;4;118;204
2;4;119;203
2;4;120;1041
2;4;121;688
2;4;122;4357
2;4;123;4328
2;4;124;6527
2;4;125;4333
2;4;126;26373
2;4;127;1189
2;4;128;31833
2;4;129;34611
2;4;130;2346
2;4;131;6428
2;4;132;29892
2;4;133;4576
2;4;134;33071
2;4;135;5296
2;4;136;24042
2;4;137;26558
2;4;138;2511
2;4;139;32245
2;4;140;23086
2;4;141;32370
2;4;142;32261
2;4;143;5773
2;4;144;34343
2;4;145;30440
2;4;146;0
1;5;1;33666
1;5;2;24528
1;5;3;2188
1;5;4;2191
1;5;5;32776
1;5;6;19186
1;5;7;7226
1;5;8;28367
1;5;9;21589
1;5;10;18996
1;5;11;651
1;5;12;5927
1;5;13;6378
1;5;14;30075
1;5;15;3197
1;5;16;19168
1;5;17;4359
1;5;18;6274
1;5;19;395
1;5;20;25704
1;5;21;17714
1;5;22;27158
1;5;23;30863
1;5;24;24822
1;5;25;31025
1;5;26;4749
1;5;27;4852
1;5;28;31658
1;5;29;31663
1;5;30;31661
1;5;31;0
1;5;32;1854
1;5;33;33346
1;5;34;661
1;5;35;5473
1;5;36;23880
1;5;37;23990
1;5;38;1013
1;5;39;34306
1;5;40;935
1;5;41;7083
1;5;42;33904
1;5;43;8971
1;5;44;868
1;5;45;22253
1;5;46;1336
1;5;47;6863
1;5;48;2593
1;5;49;6169
1;5;50;766
1;5;51;31801
1;5;52;859
1;5;53;4736
1;5;54;1599
1;5;55;1230
1;5;56;1331
1;5;57;753
1;5;58;18283
1;5;59;1178
1;5;60;28022
1;5;61;34684
1;5;62;32681
1;5;63;8316
1;5;64;34111
1;5;65;5532
1;5;66;8699
1;5;67;32386
1;5;68;6064
1;5;69;577
1;5;70;1228
1;5;71;143
1;5;72;6895
1;5;73;27958
1;5;74;15958
1;5;75;1605
1;5;76;25543
1;5;77;33951
1;5;78;27561
1;5;79;33
1;5;80;32245
1;5;81;15031
1;5;82;33513
1;5;83;8435
1;5;84;31750
1;5;85;5794
1;5;86;19441
1;5;87;20844
1;5;88;3209
1;5;89;6270
1;5;90;6181
1;5;91;17733
1;5;92;16067
1;5;93;14927
1;5;94;5297
1;5;95;3322
1;5;96;5344
1;5;97;28702
1;5;98;885
1;5;99;5553
1;5;100;23456
1;5;101;4153
1;5;102;1179
1;5;103;23621
1;5;104;1018
1;5;105;4454
1;5;106;28198
1;5;107;29744
1;5;108;0
2;5;1;997
2;5;2;783
2;5;3;7791
2;5;4;1213
2;5;5;1007
2;5;6;31507
2;5;7;4881
2;5;8;7706
2;5;9;32985
2;5;10;927
2;5;11;33226
2;5;12;33306
2;5;13;1008
2;5;14;32950
2;5;15;5762
2;5;16;23862
2;5;17;6813
2;5;18;21839
2;5;19;948
2;5;20;950
2;5;21;19770
2;5;22;25505
2;5;23;28546
2;5;24;6094
2;5;25;1139
2;5;26;810
2;5;27;809
2;5;28;21064
2;5;29;3238
2;5;30;4334
2;5;31;1566
2;5;32;27934
2;5;33;24163
2;5;34;8409
2;5;35;24164
2;5;36;34331
2;5;37;1526
2;5;38;5185
2;5;39;26763
2;5;40;24590
2;5;41;846
2;5;42;984
2;5;43;949
2;5;44;25586
2;5;45;5298
2;5;46;31905
2;5;47;1010
2;5;48;1184
2;5;49;31027
2;5;50;27932
2;5;51;33318
2;5;52;25649
2;5;53;33839
2;5;54;946
2;5;55;23988
2;5;56;8369
2;5;57;34389
2;5;58;8669
2;5;59;28987
2;5;60;28043
2;5;61;4340
2;5;62;2340
2;5;63;15093
2;5;64;2524
2;5;65;1200
2;5;66;24257
2;5;67;993
2;5;68;5576
2;5;69;19950
2;5;70;981
2;5;71;33953
2;5;72;4953
2;5;73;32746
2;5;74;943
2;5;75;5908
2;5;76;32952
2;5;77;31051
2;5;78;29931
2;5;79;947
2;5;80;890
2;5;81;959
2;5;82;958
2;5;83;23876
2;5;84;29973
2;5;85;7472
2;5;86;23702
2;5;87;4358
2;5;88;6139
2;5;89;853
2;5;90;2728
2;5;91;5791
2;5;92;28517
2;5;93;1068
2;5;94;6322
2;5;95;8983
2;5;96;121
2;5;97;778
2;5;98;26265
2;5;99;3141
2;5;100;23852
2;5;101;3045
2;5;102;1590
2;5;103;34504
2;5;104;1603
2;5;105;8333
2;5;106;0
2;5;107;0
