1;1;1;5139
1;1;2;18967
1;1;3;1043
1;1;4;7709
1;1;5;8584
1;1;6;8272
1;1;7;32694
1;1;8;7694
1;1;9;20328
1;1;10;2741
1;1;11;5791
1;1;12;2728
1;1;13;1255
1;1;14;18009
1;1;15;29839
1;1;16;15168
1;1;17;28517
1;1;18;205
1;1;19;204
1;1;20;882
1;1;21;1337
1;1;22;24822
1;1;23;32245
1;1;24;31025
1;1;25;1068
1;1;26;1041
1;1;27;688
1;1;28;778
1;1;29;3141
1;1;30;1268
1;1;31;5036
1;1;32;2516
1;1;33;31156
1;1;34;29885
1;1;35;28007
1;1;36;24705
1;1;37;4779
1;1;38;1247
1;1;39;1246
1;1;40;15945
1;1;41;1084
1;1;42;1638
1;1;43;32079
1;1;44;2241
1;1;45;3330
1;1;46;33002
1;1;47;2483
1;1;48;29975
1;1;49;8971
1;1;50;4088
1;1;51;21094
1;1;52;7070
1;1;53;642
1;1;54;34424
1;1;55;7720
1;1;56;956
1;1;57;1522
1;1;58;33781
1;1;59;1063
1;1;60;2652
1;1;61;25584
1;1;62;1000
1;1;63;23726
1;1;64;34646
1;1;65;7477
1;1;66;34650
1;1;67;15674
1;1;68;1517
1;1;69;33947
1;1;70;26046
1;1;71;0
1;1;72;0
2;1;1;358
2;1;2;33666
2;1;3;32823
2;1;4;31663
2;1;5;31661
2;1;6;31658
2;1;7;6503
2;1;8;5542
2;1;9;5131
2;1;10;28082
2;1;11;32809
2;1;12;892
2;1;13;5232
2;1;14;4845
2;1;15;2091
2;1;16;33532
2;1;17;6587
2;1;18;795
2;1;19;1774
2;1;20;24306
2;1;21;7359
2;1;22;7373
2;1;23;7355
2;1;24;7357
2;1;25;27189
2;1;26;907
2;1;27;908
2;1;28;32538
2;1;29;30872
2;1;30;5053
2;1;31;23810
2;1;32;8365
2;1;33;34762
2;1;34;5037
2;1;35;19000
2;1;36;1602
2;1;37;31151
2;1;38;27365
2;1;39;8131
2;1;40;32895
2;1;41;1012
2;1;42;30165
2;1;43;1221
2;1;44;835
2;1;45;32168
2;1;46;8033
2;1;47;8233
2;1;48;7646
2;1;49;22483
2;1;50;4487
2;1;51;7505
2;1;52;508
2;1;53;701
2;1;54;31323
2;1;55;24389
2;1;56;32109
2;1;57;0
2;1;58;33236
2;1;59;7772
2;1;60;3223
2;1;61;25188
2;1;62;23728
2;1;63;5804
2;1;64;3018
2;1;65;3349
2;1;66;7104
2;1;67;820
2;1;68;5114
2;1;69;5048
2;1;70;2832
2;1;71;15487
2;1;72;8319
2;1;73;5190
2;1;74;4857
2;1;75;4824
2;1;76;29035
2;1;77;5140
2;1;78;5170
2;1;79;4955
2;1;80;4945
2;1;81;5176
2;1;82;5175
2;1;83;5239
2;1;84;5983
2;1;85;2334
2;1;86;19087
2;1;87;5097
2;1;88;8244
2;1;89;5055
2;1;90;4740
2;1;91;28289
2;1;92;5116
2;1;93;19377
2;1;94;6147
2;1;95;17907
2;1;96;4934
2;1;97;15760
2;1;98;122
2;1;99;7308
2;1;100;2300
2;1;101;5201
2;1;102;4804
2;1;103;30969
2;1;104;30370
2;1;105;1755
2;1;106;2757
2;1;107;1805
2;1;108;15142
2;1;109;5555
2;1;110;2707
2;1;111;1764
2;1;112;7740
2;1;113;1727
2;1;114;2306
2;1;115;1734
2;1;116;1745
2;1;117;6888
2;1;118;31679
2;1;119;1771
2;1;120;4748
2;1;121;5092
2;1;122;1728
2;1;123;4958
2;1;124;34910
2;1;125;26079
2;1;126;5339
2;1;127;15940
2;1;128;4798
2;1;129;34679
2;1;130;1732
2;1;131;5017
2;1;132;4978
2;1;133;4763
2;1;134;5006
2;1;135;24162
2;1;136;5056
2;1;137;22171
2;1;138;5018
2;1;139;24120
2;1;140;28819
2;1;141;6217
2;1;142;31279
2;1;143;32702
2;1;144;4884
2;1;145;5888
2;1;146;34739
2;1;147;5009
2;1;148;2539
2;1;149;4969
2;1;150;6925
2;1;151;7953
2;1;152;31898
2;1;153;4780
2;1;154;15458
2;1;155;5015
2;1;156;4879
2;1;157;4350
2;1;158;5005
2;1;159;895
2;1;160;4753
2;1;161;29509
2;1;162;2316
2;1;163;5010
2;1;164;18
2;1;165;29730
2;1;166;4844
2;1;167;17969
2;1;168;1758
2;1;169;5407
2;1;170;4988
2;1;171;5929
2;1;172;5128
2;1;173;4992
2;1;174;29921
2;1;175;5202
2;1;176;31461
2;1;177;0
1;2;1;4926
1;2;2;32813
1;2;3;34582
1;2;4;4814
1;2;5;34288
1;2;6;972
1;2;7;15911
1;2;8;7753
1;2;9;16132
1;2;10;25745
1;2;11;1040
1;2;12;24882
1;2;13;3348
1;2;14;23922
1;2;15;7097
1;2;16;31483
1;2;17;7791
1;2;18;1213
1;2;19;141
1;2;20;571
1;2;21;7714
1;2;22;23110
1;2;23;584
1;2;24;6248
1;2;25;4354
1;2;26;622
1;2;27;25262
1;2;28;7237
1;2;29;2740
1;2;30;449
1;2;31;620
1;2;32;25248
1;2;33;552
1;2;34;1010
1;2;35;1184
1;2;36;809
1;2;37;24163
1;2;38;27934
1;2;39;865
1;2;40;33318
1;2;41;27932
1;2;42;22341
1;2;43;16472
1;2;44;18716
1;2;45;1139
1;2;46;6094
1;2;47;28546
1;2;48;3115
1;2;49;5185
1;2;50;846
1;2;51;984
1;2;52;26763
1;2;53;949
1;2;54;21839
1;2;55;23862
1;2;56;6813
1;2;57;32950
1;2;58;33306
1;2;59;33226
1;2;60;9490
1;2;61;8444
1;2;62;33
1;2;63;32245
1;2;64;395
1;2;65;25704
1;2;66;31750
1;2;67;23590
1;2;68;30440
1;2;69;34343
1;2;70;19441
1;2;71;6270
1;2;72;20844
1;2;73;3209
1;2;74;6181
1;2;75;17733
1;2;76;16067
1;2;77;14927
1;2;78;27958
1;2;79;18720
1;2;80;33070
1;2;81;32711
1;2;82;1603
1;2;83;6828
1;2;84;7747
1;2;85;8363
1;2;86;881
1;2;87;1065
1;2;88;1064
1;2;89;1015
1;2;90;2456
1;2;91;733
1;2;92;33827
1;2;93;5793
1;2;94;6654
1;2;95;20419
1;2;96;2714
1;2;97;1506
1;2;98;851
1;2;99;933
1;2;100;1211
1;2;101;30365
1;2;102;24295
1;2;103;6360
1;2;104;20255
1;2;105;3357
1;2;106;15265
1;2;107;804
1;2;108;26070
1;2;109;0
1;2;110;0
2;2;1;7774
2;2;2;4981
2;2;3;5038
2;2;4;4831
2;2;5;32568
2;2;6;22296
2;2;7;4775
2;2;8;30809
2;2;9;20231
2;2;10;1625
2;2;11;15272
2;2;12;19546
2;2;13;8368
2;2;14;6010
2;2;15;4801
2;2;16;6395
2;2;17;1601
2;2;18;5105
2;2;19;30528
2;2;20;4957
2;2;21;4772
2;2;22;5832
2;2;23;29250
2;2;24;8412
2;2;25;28125
2;2;26;5058
2;2;27;5107
2;2;28;4608
2;2;29;5571
2;2;30;5152
2;2;31;5144
2;2;32;5109
2;2;33;5061
2;2;34;19155
2;2;35;6359
2;2;36;4991
2;2;37;34121
2;2;38;5039
2;2;39;7480
2;2;40;1959
2;2;41;5012
2;2;42;5159
2;2;43;8141
2;2;44;33211
2;2;45;4752
2;2;46;34219
2;2;47;4970
2;2;48;26064
2;2;49;16697
2;2;50;6136
2;2;51;5178
2;2;52;898
2;2;53;25100
2;2;54;5146
2;2;55;5550
2;2;56;8414
2;2;57;1751
2;2;58;34841
2;2;59;4755
2;2;60;8327
2;2;61;16607
2;2;62;338
2;2;63;4816
2;2;64;4895
2;2;65;30238
2;2;66;6272
2;2;67;1875
2;2;68;5564
2;2;69;31913
2;2;70;5082
2;2;71;6144
2;2;72;5142
2;2;73;1876
2;2;74;1826
2;2;75;5011
2;2;76;24125
2;2;77;5861
2;2;78;2697
2;2;79;4766
2;2;80;5127
2;2;81;5052
2;2;82;32285
2;2;83;15825
2;2;84;4838
2;2;85;29895
2;2;86;30710
2;2;87;2314
2;2;88;25195
2;2;89;21701
2;2;90;3046
2;2;91;21276
2;2;92;21807
2;2;93;20621
2;2;94;33425
2;2;95;31023
2;2;96;5221
2;2;97;17262
2;2;98;25860
2;2;99;1995
2;2;100;5093
2;2;101;1888
2;2;102;30875
2;2;103;1760
2;2;104;7300
2;2;105;19697
2;2;106;25678
2;2;107;5351
2;2;108;31548
2;2;109;4903
2;2;110;5050
2;2;111;7541
2;2;112;6603
2;2;113;4783
2;2;114;1739
2;2;115;32559
2;2;116;0
2;2;117;23596
2;2;118;26515
2;2;119;33686
2;2;120;406
2;2;121;24043
2;2;122;26836
2;2;123;3219
2;2;124;4986
2;2;125;875
2;2;126;33203
2;2;127;317
2;2;128;730
2;2;129;19473
2;2;130;1069
2;2;131;808
2;2;132;850
2;2;133;1085
2;2;134;844
2;2;135;30382
2;2;136;1223
2;2;137;930
2;2;138;783
2;2;139;33840
2;2;140;1007
2;2;141;31507
2;2;142;8234
2;2;143;5229
2;2;144;550
2;2;145;23155
2;2;146;6478
2;2;147;768
2;2;148;7314
2;2;149;537
2;2;150;5682
2;2;151;30375
2;2;152;562
2;2;153;2191
2;2;154;2188
2;2;155;0
1;3;1;7161
1;3;2;7941
1;3;3;20690
1;3;4;16580
1;3;5;4985
1;3;6;5204
1;3;7;4773
1;3;8;5856
1;3;9;28315
1;3;10;5141
1;3;11;6316
1;3;12;5111
1;3;13;325
1;3;14;24078
1;3;15;5636
1;3;16;8030
1;3;17;1181
1;3;18;4956
1;3;19;1663
1;3;20;29266
1;3;21;5219
1;3;22;23070
1;3;23;15426
1;3;24;6865
1;3;25;4896
1;3;26;5049
1;3;27;32601
1;3;28;26054
1;3;29;4797
1;3;30;2698
1;3;31;1895
1;3;32;17095
1;3;33;1772
1;3;34;1824
1;3;35;4911
1;3;36;32102
1;3;37;30229
1;3;38;5788
1;3;39;30968
1;3;40;32778
1;3;41;20793
1;3;42;4904
1;3;43;576
1;3;44;32606
1;3;45;2621
1;3;46;6249
1;3;47;22342
1;3;48;5362
1;3;49;5189
1;3;50;5787
1;3;51;4751
1;3;52;6887
1;3;53;4977
1;3;54;34878
1;3;55;33024
1;3;56;5126
1;3;57;6289
1;3;58;8413
1;3;59;8211
1;3;60;33849
1;3;61;8361
1;3;62;2680
1;3;63;20512
1;3;64;4974
1;3;65;1903
1;3;66;4851
1;3;67;31663
1;3;68;31658
1;3;69;31661
1;3;70;4852
1;3;71;4907
1;3;72;8418
1;3;73;7309
1;3;74;2100
1;3;75;1585
1;3;76;4235
1;3;77;18872
1;3;78;4800
1;3;79;6168
1;3;80;661
1;3;81;5878
1;3;82;996
1;3;83;24118
1;3;84;29647
1;3;85;7610
1;3;86;26243
1;3;87;18835
1;3;88;14930
1;3;89;26414
1;3;90;27465
1;3;91;25908
1;3;92;0
1;3;93;0
2;3;1;1854
2;3;2;361
2;3;3;33346
2;3;4;5226
2;3;5;34909
2;3;6;919
2;3;7;33104
2;3;8;4234
2;3;9;27700
2;3;10;839
2;3;11;5882
2;3;12;18837
2;3;13;25341
2;3;14;8269
2;3;15;7137
2;3;16;162
2;3;17;30657
2;3;18;7430
2;3;19;4337
2;3;20;1174
2;3;21;23391
2;3;22;574
2;3;23;33206
2;3;24;32876
2;3;25;25776
2;3;26;30814
2;3;27;30815
2;3;28;7618
2;3;29;1324
2;3;30;526
2;3;31;8290
2;3;32;538
2;3;33;7072
2;3;34;34199
2;3;35;27124
2;3;36;2862
2;3;37;30411
2;3;38;33976
2;3;39;7706
2;3;40;25586
2;3;41;950
2;3;42;948
2;3;43;19770
2;3;44;7437
2;3;45;34593
2;3;46;2212
2;3;47;15631
2;3;48;32127
2;3;49;1720
2;3;50;5303
2;3;51;23795
2;3;52;2259
2;3;53;28061
2;3;54;7040
2;3;55;767
2;3;56;32562
2;3;57;8202
2;3;58;24180
2;3;59;25920
2;3;60;1934
2;3;61;573
2;3;62;6955
2;3;63;7316
2;3;64;8201
2;3;65;31188
2;3;66;22825
2;3;67;624
2;3;68;7011
2;3;69;7315
2;3;70;7730
2;3;71;1155
2;3;72;32735
2;3;73;0
2;3;74;363
2;3;75;33666
2;3;76;24021
2;3;77;5063
2;3;78;3140
2;3;79;603
2;3;80;21967
2;3;81;4767
2;3;82;4746
2;3;83;4950
2;3;84;19836
2;3;85;31267
2;3;86;27327
2;3;87;4631
2;3;88;7814
2;3;89;7372
2;3;90;16960
2;3;91;7370
2;3;92;7365
2;3;93;26248
2;3;94;7371
2;3;95;909
2;3;96;21179
2;3;97;969
2;3;98;6129
2;3;99;887
2;3;100;934
2;3;101;27137
2;3;102;29626
2;3;103;3308
2;3;104;31183
2;3;105;34814
2;3;106;22751
2;3;107;936
2;3;108;4201
2;3;109;29342
2;3;110;30812
2;3;111;34669
2;3;112;16759
2;3;113;30824
2;3;114;7980
2;3;115;15180
2;3;116;34612
2;3;117;31152
2;3;118;880
2;3;119;7424
2;3;120;960
2;3;121;8188
2;3;122;1731
2;3;123;17665
2;3;124;16093
2;3;125;1584
2;3;126;3333
2;3;127;7133
2;3;128;33904
2;3;129;789
2;3;130;1241
2;3;131;31588
2;3;132;6260
2;3;133;32096
2;3;134;766
2;3;135;6863
2;3;136;2593
2;3;137;1018
2;3;138;4454
2;3;139;28198
2;3;140;29744
2;3;141;6169
2;3;142;0
1;4;1;2688
1;4;2;23728
1;4;3;6587
1;4;4;26241
1;4;5;34458
1;4;6;6315
1;4;7;2627
1;4;8;32889
1;4;9;28825
1;4;10;3205
1;4;11;17201
1;4;12;4994
1;4;13;8410
1;4;14;5729
1;4;15;2353
1;4;16;19987
1;4;17;5224
1;4;18;26079
1;4;19;18
1;4;20;5004
1;4;21;6809
1;4;22;6224
1;4;23;4763
1;4;24;27613
1;4;25;1407
1;4;26;4875
1;4;27;7953
1;4;28;7211
1;4;29;24120
1;4;30;3003
1;4;31;30152
1;4;32;25969
1;4;33;7308
1;4;34;20010
1;4;35;4796
1;4;36;7740
1;4;37;2306
1;4;38;5166
1;4;39;4750
1;4;40;6286
1;4;41;4987
1;4;42;2949
1;4;43;4910
1;4;44;4935
1;4;45;3292
1;4;46;2682
1;4;47;2184
1;4;48;5080
1;4;49;4815
1;4;50;32560
1;4;51;7359
1;4;52;7355
1;4;53;7357
1;4;54;24306
1;4;55;1335
1;4;56;1246
1;4;57;1247
1;4;58;16673
1;4;59;5792
1;4;60;32079
1;4;61;28007
1;4;62;30149
1;4;63;26190
1;4;64;4618
1;4;65;34366
1;4;66;1273
1;4;67;2939
1;4;68;26706
1;4;69;33926
1;4;70;26862
1;4;71;1312
1;4;72;33162
1;4;73;4358
1;4;74;6139
1;4;75;853
1;4;76;23702
1;4;77;3295
1;4;78;997
1;4;79;34374
1;4;80;31608
1;4;81;557
1;4;82;1017
1;4;83;1067
1;4;84;572
1;4;85;19375
1;4;86;15674
1;4;87;1583
1;4;88;32300
1;4;89;23726
1;4;90;34646
1;4;91;34650
1;4;92;5264
1;4;93;26046
1;4;94;0
1;4;95;0
2;4;1;28899
2;4;2;31020
2;4;3;34762
2;4;4;4858
2;4;5;1303
2;4;6;811
2;4;7;21094
2;4;8;2741
2;4;9;7009
2;4;10;812
2;4;11;33996
2;4;12;23890
2;4;13;7646
2;4;14;17379
2;4;15;31441
2;4;16;23037
2;4;17;5970
2;4;18;697
2;4;19;1332
2;4;20;31156
2;4;21;30825
2;4;22;26401
2;4;23;751
2;4;24;1083
2;4;25;23852
2;4;26;1957
2;4;27;25082
2;4;28;6912
2;4;29;29204
2;4;30;30242
2;4;31;4367
2;4;32;33954
2;4;33;24322
2;4;34;20457
2;4;35;20453
2;4;36;203
2;4;37;205
2;4;38;29246
2;4;39;256
2;4;40;22147
2;4;41;8331
2;4;42;1267
2;4;43;30089
2;4;44;24358
2;4;45;17541
2;4;46;34050
2;4;47;891
2;4;48;1254
2;4;49;32864
2;4;50;1066
2;4;51;1255
2;4;52;33985
2;4;53;0
2;4;54;33236
2;4;55;21335
2;4;56;29175
2;4;57;1188
2;4;58;1669
2;4;59;32109
2;4;60;817
2;4;61;20412
2;4;62;27692
2;4;63;7374
2;4;64;29087
2;4;65;34486
2;4;66;7979
2;4;67;8497
2;4;68;1272
2;4;69;1278
2;4;70;31961
2;4;71;1268
2;4;72;5036
2;4;73;29893
2;4;74;25465
2;4;75;31136
2;4;76;16326
2;4;77;1280
2;4;78;1269
2;4;79;21300
2;4;80;3134
2;4;81;24046
2;4;82;24044
2;4;83;1264
2;4;84;785
2;4;85;32973
2;4;86;1334
2;4;87;5679
2;4;88;20963
2;4;89;24461
2;4;90;31900
2;4;91;1256
2;4;92;24294
2;4;93;31904
2;4;94;18006
2;4;95;30383
2;4;96;29839
2;4;97;22771
2;4;98;2094
2;4;99;21297
2;4;100;1924
2;4;101;24449
2;4;102;26265
2;4;103;6527
2;4;104;4333
2;4;105;26373
2;4;106;4328
2;4;107;4357
2;4;108;1189
2;4;109;31833
2;4;110;17957
2;4;111;31517
2;4;112;26317
2;4;113;30863
2;4;114;27158
2;4;115;17714
2;4;116;7184
2;4;117;32245
2;4;118;24229
2;4;119;5794
2;4;120;27561
2;4;121;24330
2;4;122;4318
2;4;123;6321
2;4;124;18963
2;4;125;5773
2;4;126;6064
2;4;127;577
2;4;128;32386
2;4;129;8699
2;4;130;0
1;5;1;2839
1;5;2;28495
1;5;3;4842
1;5;4;34672
1;5;5;1594
1;5;6;1374
1;5;7;6340
1;5;8;7617
1;5;9;4774
1;5;10;4949
1;5;11;4823
1;5;12;5205
1;5;13;4829
1;5;14;31661
1;5;15;31663
1;5;16;31658
1;5;17;4749
1;5;18;4524
1;5;19;32946
1;5;20;8607
1;5;21;24528
1;5;22;31469
1;5;23;2188
1;5;24;4881
1;5;25;33306
1;5;26;33226
1;5;27;927
1;5;28;32985
1;5;29;658
1;5;30;1008
1;5;31;5762
1;5;32;24590
1;5;33;34331
1;5;34;1526
1;5;35;24164
1;5;36;28546
1;5;37;25505
1;5;38;8409
1;5;39;31485
1;5;40;0
1;5;41;4734
1;5;42;33666
1;5;43;5215
1;5;44;1378
1;5;45;27100
1;5;46;5473
1;5;47;23880
1;5;48;7083
1;5;49;24047
1;5;50;30157
1;5;51;34544
1;5;52;1518
1;5;53;4319
1;5;54;883
1;5;55;20533
1;5;56;31801
1;5;57;859
1;5;58;4736
1;5;59;1230
1;5;60;1599
1;5;61;1331
1;5;62;753
1;5;63;4153
1;5;64;23456
1;5;65;5553
1;5;66;6895
1;5;67;143
1;5;68;1228
1;5;69;16661
1;5;70;23160
1;5;71;5297
1;5;72;15958
1;5;73;14927
1;5;74;1605
1;5;75;25543
1;5;76;33951
1;5;77;29399
1;5;78;29398
1;5;79;121
1;5;80;8983
1;5;81;6322
1;5;82;33071
1;5;83;29892
1;5;84;24042
1;5;85;26558
1;5;86;5296
1;5;87;2511
1;5;88;23086
1;5;89;19168
1;5;90;6274
1;5;91;4359
1;5;92;30075
1;5;93;3197
1;5;94;16062
1;5;95;4576
1;5;96;2346
1;5;97;34611
1;5;98;6428
1;5;99;33
1;5;100;32245
1;5;101;33513
1;5;102;15031
1;5;103;28985
1;5;104;5927
1;5;105;21589
1;5;106;28367
1;5;107;7472
1;5;108;2191
1;5;109;0
2;5;1;31027
2;5;2;27932
2;5;3;945
2;5;4;1640
2;5;5;843
2;5;6;1566
2;5;7;4334
2;5;8;3238
2;5;9;21064
2;5;10;27934
2;5;11;3329
2;5;12;810
2;5;13;29931
2;5;14;31051
2;5;15;943
2;5;16;32746
2;5;17;4953
2;5;18;981
2;5;19;19950
2;5;20;33953
2;5;21;993
2;5;22;5576
2;5;23;1200
2;5;24;24257
2;5;25;2524
2;5;26;15093
2;5;27;2340
2;5;28;4340
2;5;29;5908
2;5;30;28043
2;5;31;28987
2;5;32;8669
2;5;33;32952
2;5;34;34389
2;5;35;8369
2;5;36;23988
2;5;37;31189
2;5;38;32949
2;5;39;33003
2;5;40;34825
2;5;41;30190
2;5;42;30218
2;5;43;30243
2;5;44;30351
2;5;45;30160
2;5;46;30186
2;5;47;34197
2;5;48;30352
2;5;49;29943
2;5;50;25649
2;5;51;33839
2;5;52;946
2;5;53;940
2;5;54;4721
2;5;55;952
2;5;56;944
2;5;57;644
2;5;58;951
2;5;59;23982
2;5;60;7205
2;5;61;1005
2;5;62;25743
2;5;63;24119
2;5;64;964
2;5;65;597
2;5;66;30934
2;5;67;942
2;5;68;962
2;5;69;941
2;5;70;18715
2;5;71;696
2;5;72;31905
2;5;73;5298
2;5;74;29911
2;5;75;30199
2;5;76;31047
2;5;77;29973
2;5;78;30758
2;5;79;33740
2;5;80;17439
2;5;81;9016
2;5;82;23876
2;5;83;959
2;5;84;890
2;5;85;958
2;5;86;947
2;5;87;29598
2;5;88;32776
2;5;89;19186
2;5;90;7226
2;5;91;18996
2;5;92;651
2;5;93;2840
2;5;94;8492
2;5;95;33991
2;5;96;21147
2;5;97;6255
2;5;98;932
2;5;99;7867
2;5;100;6759
2;5;101;8942
2;5;102;6378
2;5;103;8435
2;5;104;31750
2;5;105;32370
2;5;106;32261
2;5;107;5532
2;5;108;34111
2;5;109;8316
2;5;110;32681
2;5;111;0
2;5;112;2836
2;5;113;2699
2;5;114;6498
2;5;115;4579
2;5;116;1726
2;5;117;15767
2;5;118;22184
2;5;119;29032
2;5;120;5209
2;5;121;22704
2;5;122;21343
2;5;123;30026
2;5;124;28516
2;5;125;28784
2;5;126;27965
2;5;127;15074
2;5;128;32774
2;5;129;7492
2;5;130;16919
2;5;131;30730
2;5;132;114
2;5;133;2500
2;5;134;4782
2;5;135;1212
2;5;136;6771
2;5;137;20215
2;5;138;25213
2;5;139;16908
2;5;140;16575
2;5;141;4825
2;5;142;4878
2;5;143;30164
2;5;144;747
2;5;145;23955
2;5;146;23990
2;5;147;1013
2;5;148;34306
2;5;149;935
2;5;150;868
2;5;151;22253
2;5;152;1336
2;5;153;23106
2;5;154;18887
2;5;155;836
2;5;156;3045
2;5;157;1590
2;5;158;34504
2;5;159;8333
2;5;160;3322
2;5;161;5344
2;5;162;28702
2;5;163;885
2;5;164;23621
2;5;165;1179
2;5;166;34684
2;5;167;28022
2;5;168;18283
2;5;169;1178
2;5;170;0
