1;1;1;5139
1;1;2;18967
1;1;3;32109
1;1;4;31323
1;1;5;1043
1;1;6;7709
1;1;7;8584
1;1;8;8272
1;1;9;32694
1;1;10;2741
1;1;11;5791
1;1;12;2728
1;1;13;1255
1;1;14;18006
1;1;15;29839
1;1;16;30383
1;1;17;205
1;1;18;1041
1;1;19;688
1;1;20;24822
1;1;21;32245
1;1;22;31025
1;1;23;1337
1;1;24;1068
1;1;25;882
1;1;26;778
1;1;27;3141
1;1;28;5036
1;1;29;1268
1;1;30;2516
1;1;31;6654
1;1;32;31156
1;1;33;26190
1;1;34;28007
1;1;35;24705
1;1;36;1247
1;1;37;1246
1;1;38;15945
1;1;39;4779
1;1;40;2241
1;1;41;32079
1;1;42;1638
1;1;43;29975
1;1;44;2483
1;1;45;8971
1;1;46;4088
1;1;47;21094
1;1;48;1731
1;1;49;20412
1;1;50;27692
1;1;51;7720
1;1;52;812
1;1;53;7009
1;1;54;956
1;1;55;33996
1;1;56;1522
1;1;57;7472
1;1;58;19375
1;1;59;15674
1;1;60;1063
1;1;61;2652
1;1;62;25584
1;1;63;33781
1;1;64;574
1;1;65;23726
1;1;66;34650
1;1;67;34646
1;1;68;7477
1;1;69;26046
1;1;70;0
1;1;71;0
2;1;1;33666
2;1;2;1903
2;1;3;18872
2;1;4;1585
2;1;5;4235
2;1;6;2100
2;1;7;7309
2;1;8;6587
2;1;9;892
2;1;10;28082
2;1;11;32809
2;1;12;5131
2;1;13;31663
2;1;14;31661
2;1;15;31658
2;1;16;6503
2;1;17;4851
2;1;18;4845
2;1;19;5232
2;1;20;2091
2;1;21;4800
2;1;22;27327
2;1;23;4631
2;1;24;7359
2;1;25;7365
2;1;26;7373
2;1;27;24306
2;1;28;7372
2;1;29;7355
2;1;30;7357
2;1;31;7371
2;1;32;7370
2;1;33;908
2;1;34;907
2;1;35;27189
2;1;36;32538
2;1;37;30872
2;1;38;5053
2;1;39;23810
2;1;40;8365
2;1;41;34762
2;1;42;4858
2;1;43;19000
2;1;44;1188
2;1;45;7753
2;1;46;27700
2;1;47;2456
2;1;48;27365
2;1;49;1012
2;1;50;8131
2;1;51;30165
2;1;52;1221
2;1;53;32895
2;1;54;835
2;1;55;8033
2;1;56;32168
2;1;57;8233
2;1;58;17379
2;1;59;29087
2;1;60;23890
2;1;61;7374
2;1;62;7646
2;1;63;22483
2;1;64;0
2;1;65;7772
2;1;66;4734
2;1;67;3223
2;1;68;33236
2;1;69;31020
2;1;70;21335
2;1;71;23728
2;1;72;5804
2;1;73;7104
2;1;74;820
2;1;75;5114
2;1;76;5048
2;1;77;2832
2;1;78;15487
2;1;79;5190
2;1;80;4857
2;1;81;4824
2;1;82;29035
2;1;83;5140
2;1;84;5170
2;1;85;4955
2;1;86;5239
2;1;87;5175
2;1;88;5176
2;1;89;4945
2;1;90;5983
2;1;91;2334
2;1;92;19087
2;1;93;5097
2;1;94;8244
2;1;95;4740
2;1;96;5055
2;1;97;28289
2;1;98;5116
2;1;99;19377
2;1;100;6147
2;1;101;17907
2;1;102;4934
2;1;103;25969
2;1;104;33211
2;1;105;7308
2;1;106;2300
2;1;107;5201
2;1;108;31679
2;1;109;1727
2;1;110;1755
2;1;111;7740
2;1;112;15142
2;1;113;5555
2;1;114;1805
2;1;115;2757
2;1;116;1734
2;1;117;1764
2;1;118;1745
2;1;119;6888
2;1;120;2707
2;1;121;2306
2;1;122;30370
2;1;123;30969
2;1;124;1771
2;1;125;4748
2;1;126;1728
2;1;127;4958
2;1;128;34910
2;1;129;26079
2;1;130;5339
2;1;131;15940
2;1;132;4798
2;1;133;34679
2;1;134;1732
2;1;135;4978
2;1;136;6224
2;1;137;4763
2;1;138;24162
2;1;139;5004
2;1;140;4875
2;1;141;4780
2;1;142;4969
2;1;143;5009
2;1;144;6217
2;1;145;7211
2;1;146;34739
2;1;147;7953
2;1;148;24120
2;1;149;28819
2;1;150;32702
2;1;151;6925
2;1;152;4884
2;1;153;5888
2;1;154;895
2;1;155;5015
2;1;156;15458
2;1;157;4879
2;1;158;5005
2;1;159;4753
2;1;160;4350
2;1;161;29509
2;1;162;2316
2;1;163;18
2;1;164;29730
2;1;165;4844
2;1;166;17969
2;1;167;1758
2;1;168;5407
2;1;169;4988
2;1;170;5128
2;1;171;5929
2;1;172;4992
2;1;173;17201
2;1;174;3205
2;1;175;31461
2;1;176;0
1;2;1;4926
1;2;2;32813
1;2;3;34582
1;2;4;4814
1;2;5;34288
1;2;6;33104
1;2;7;4234
1;2;8;16132
1;2;9;1040
1;2;10;25745
1;2;11;1602
1;2;12;3348
1;2;13;23922
1;2;14;7097
1;2;15;7791
1;2;16;33840
1;2;17;141
1;2;18;571
1;2;19;550
1;2;20;23155
1;2;21;584
1;2;22;23110
1;2;23;4354
1;2;24;7237
1;2;25;25262
1;2;26;622
1;2;27;6248
1;2;28;2740
1;2;29;1517
1;2;30;33947
1;2;31;537
1;2;32;449
1;2;33;620
1;2;34;25248
1;2;35;552
1;2;36;1010
1;2;37;1184
1;2;38;809
1;2;39;24163
1;2;40;27934
1;2;41;16472
1;2;42;865
1;2;43;27932
1;2;44;597
1;2;45;6094
1;2;46;1139
1;2;47;28546
1;2;48;3115
1;2;49;25505
1;2;50;8409
1;2;51;24164
1;2;52;34331
1;2;53;24590
1;2;54;949
1;2;55;23862
1;2;56;21839
1;2;57;32950
1;2;58;33306
1;2;59;33226
1;2;60;9490
1;2;61;8444
1;2;62;33
1;2;63;32245
1;2;64;395
1;2;65;25704
1;2;66;31750
1;2;67;5794
1;2;68;30440
1;2;69;34343
1;2;70;19441
1;2;71;20844
1;2;72;6270
1;2;73;3209
1;2;74;6181
1;2;75;17733
1;2;76;16067
1;2;77;14927
1;2;78;5297
1;2;79;18720
1;2;80;33070
1;2;81;32711
1;2;82;1603
1;2;83;836
1;2;84;7747
1;2;85;881
1;2;86;1065
1;2;87;1064
1;2;88;8363
1;2;89;1015
1;2;90;839
1;2;91;24882
1;2;92;733
1;2;93;697
1;2;94;1332
1;2;95;2714
1;2;96;20419
1;2;97;851
1;2;98;4618
1;2;99;1506
1;2;100;933
1;2;101;1211
1;2;102;30365
1;2;103;26706
1;2;104;33162
1;2;105;6360
1;2;106;20255
1;2;107;3357
1;2;108;15265
1;2;109;804
1;2;110;26070
1;2;111;0
1;2;112;0
2;2;1;4981
2;2;2;5038
2;2;3;4775
2;2;4;22296
2;2;5;32568
2;2;6;4831
2;2;7;20231
2;2;8;19546
2;2;9;1625
2;2;10;15272
2;2;11;8368
2;2;12;30809
2;2;13;6010
2;2;14;4801
2;2;15;6395
2;2;16;1601
2;2;17;8319
2;2;18;5105
2;2;19;30528
2;2;20;4957
2;2;21;4772
2;2;22;5832
2;2;23;29250
2;2;24;8412
2;2;25;28125
2;2;26;5058
2;2;27;5107
2;2;28;5571
2;2;29;4608
2;2;30;5152
2;2;31;5144
2;2;32;5109
2;2;33;19155
2;2;34;5061
2;2;35;4991
2;2;36;6359
2;2;37;5039
2;2;38;34121
2;2;39;7480
2;2;40;1959
2;2;41;5159
2;2;42;5012
2;2;43;25678
2;2;44;34219
2;2;45;4752
2;2;46;4970
2;2;47;26064
2;2;48;16697
2;2;49;6136
2;2;50;5178
2;2;51;25100
2;2;52;5146
2;2;53;24125
2;2;54;8414
2;2;55;1751
2;2;56;5550
2;2;57;1826
2;2;58;4755
2;2;59;34841
2;2;60;4816
2;2;61;4895
2;2;62;30238
2;2;63;6272
2;2;64;1876
2;2;65;5564
2;2;66;31913
2;2;67;5082
2;2;68;6144
2;2;69;5142
2;2;70;1875
2;2;71;338
2;2;72;16607
2;2;73;8327
2;2;74;5011
2;2;75;5861
2;2;76;898
2;2;77;2697
2;2;78;5127
2;2;79;5052
2;2;80;32285
2;2;81;15825
2;2;82;5351
2;2;83;19697
2;2;84;30710
2;2;85;29895
2;2;86;2314
2;2;87;25195
2;2;88;21701
2;2;89;3046
2;2;90;21276
2;2;91;21807
2;2;92;20621
2;2;93;33425
2;2;94;31023
2;2;95;5221
2;2;96;576
2;2;97;32601
2;2;98;1895
2;2;99;5049
2;2;100;4896
2;2;101;4797
2;2;102;2698
2;2;103;26054
2;2;104;7300
2;2;105;1760
2;2;106;4838
2;2;107;31548
2;2;108;4903
2;2;109;5050
2;2;110;4766
2;2;111;7541
2;2;112;6603
2;2;113;1739
2;2;114;4783
2;2;115;32559
2;2;116;0
2;2;117;358
2;2;118;4986
2;2;119;875
2;2;120;33203
2;2;121;317
2;2;122;32560
2;2;123;29626
2;2;124;808
2;2;125;850
2;2;126;27137
2;2;127;1069
2;2;128;844
2;2;129;30382
2;2;130;1223
2;2;131;930
2;2;132;31483
2;2;133;30657
2;2;134;783
2;2;135;1213
2;2;136;1174
2;2;137;1007
2;2;138;31507
2;2;139;8234
2;2;140;5229
2;2;141;6478
2;2;142;7714
2;2;143;768
2;2;144;7314
2;2;145;5682
2;2;146;25920
2;2;147;24180
2;2;148;8202
2;2;149;2188
2;2;150;2191
2;2;151;0
1;3;1;1854
1;3;2;33346
1;3;3;2836
1;3;4;7161
1;3;5;7941
1;3;6;20690
1;3;7;16580
1;3;8;5111
1;3;9;4985
1;3;10;28315
1;3;11;5141
1;3;12;5204
1;3;13;6316
1;3;14;4773
1;3;15;5856
1;3;16;24078
1;3;17;5636
1;3;18;8030
1;3;19;4977
1;3;20;6887
1;3;21;4751
1;3;22;4956
1;3;23;32102
1;3;24;4911
1;3;25;30229
1;3;26;5788
1;3;27;30968
1;3;28;32778
1;3;29;20793
1;3;30;4904
1;3;31;1995
1;3;32;30875
1;3;33;25860
1;3;34;1888
1;3;35;5093
1;3;36;17262
1;3;37;32606
1;3;38;2621
1;3;39;6249
1;3;40;22342
1;3;41;6865
1;3;42;1772
1;3;43;17095
1;3;44;15426
1;3;45;1824
1;3;46;5362
1;3;47;5092
1;3;48;5189
1;3;49;1663
1;3;50;5787
1;3;51;29266
1;3;52;1181
1;3;53;33024
1;3;54;34878
1;3;55;5126
1;3;56;8413
1;3;57;325
1;3;58;6289
1;3;59;3349
1;3;60;8211
1;3;61;3018
1;3;62;33849
1;3;63;4749
1;3;64;4974
1;3;65;2680
1;3;66;20512
1;3;67;31658
1;3;68;31661
1;3;69;32823
1;3;70;5542
1;3;71;31663
1;3;72;4852
1;3;73;4907
1;3;74;8418
1;3;75;6168
1;3;76;661
1;3;77;5878
1;3;78;996
1;3;79;24118
1;3;80;29647
1;3;81;7610
1;3;82;26243
1;3;83;18835
1;3;84;14930
1;3;85;26414
1;3;86;27465
1;3;87;25908
1;3;88;0
1;3;89;0
2;3;1;34909
2;3;2;919
2;3;3;972
2;3;4;29175
2;3;5;15911
2;3;6;31151
2;3;7;30812
2;3;8;6828
2;3;9;5882
2;3;10;18837
2;3;11;25341
2;3;12;8269
2;3;13;23037
2;3;14;5970
2;3;15;31441
2;3;16;7979
2;3;17;162
2;3;18;7430
2;3;19;4337
2;3;20;23391
2;3;21;1000
2;3;22;33206
2;3;23;32876
2;3;24;7072
2;3;25;30814
2;3;26;7618
2;3;27;25776
2;3;28;526
2;3;29;538
2;3;30;1324
2;3;31;27124
2;3;32;34199
2;3;33;30815
2;3;34;8290
2;3;35;2862
2;3;36;30411
2;3;37;33976
2;3;38;7706
2;3;39;25586
2;3;40;948
2;3;41;950
2;3;42;19770
2;3;43;31485
2;3;44;7437
2;3;45;15631
2;3;46;32127
2;3;47;34593
2;3;48;23795
2;3;49;1720
2;3;50;2212
2;3;51;5303
2;3;52;2259
2;3;53;7040
2;3;54;28061
2;3;55;767
2;3;56;32562
2;3;57;562
2;3;58;30375
2;3;59;1934
2;3;60;573
2;3;61;6955
2;3;62;8201
2;3;63;7316
2;3;64;7730
2;3;65;7011
2;3;66;22825
2;3;67;624
2;3;68;31188
2;3;69;7315
2;3;70;1155
2;3;71;32735
2;3;72;0
2;3;73;33666
2;3;74;24021
2;3;75;3140
2;3;76;19836
2;3;77;21967
2;3;78;4746
2;3;79;31267
2;3;80;5063
2;3;81;4767
2;3;82;4950
2;3;83;603
2;3;84;795
2;3;85;1774
2;3;86;7814
2;3;87;909
2;3;88;21179
2;3;89;6129
2;3;90;969
2;3;91;887
2;3;92;26248
2;3;93;730
2;3;94;19473
2;3;95;1085
2;3;96;934
2;3;97;3308
2;3;98;29342
2;3;99;22751
2;3;100;936
2;3;101;34814
2;3;102;4201
2;3;103;31183
2;3;104;34669
2;3;105;30824
2;3;106;16759
2;3;107;7980
2;3;108;34612
2;3;109;15180
2;3;110;31152
2;3;111;27100
2;3;112;880
2;3;113;24389
2;3;114;7424
2;3;115;960
2;3;116;8188
2;3;117;642
2;3;118;7070
2;3;119;17665
2;3;120;16093
2;3;121;1584
2;3;122;3333
2;3;123;7133
2;3;124;33904
2;3;125;883
2;3;126;20533
2;3;127;31588
2;3;128;6260
2;3;129;32096
2;3;130;766
2;3;131;6169
2;3;132;2593
2;3;133;29744
2;3;134;28198
2;3;135;4454
2;3;136;1018
2;3;137;6863
2;3;138;0
1;4;1;5226
1;4;2;6587
1;4;3;33532
1;4;4;26241
1;4;5;34458
1;4;6;6315
1;4;7;2627
1;4;8;32889
1;4;9;28825
1;4;10;5202
1;4;11;29921
1;4;12;19987
1;4;13;8410
1;4;14;4994
1;4;15;5729
1;4;16;2353
1;4;17;5224
1;4;18;26079
1;4;19;5010
1;4;20;18
1;4;21;5056
1;4;22;22171
1;4;23;5017
1;4;24;4763
1;4;25;5006
1;4;26;27613
1;4;27;1407
1;4;28;6809
1;4;29;5018
1;4;30;31898
1;4;31;2539
1;4;32;7953
1;4;33;31279
1;4;34;24120
1;4;35;3003
1;4;36;8141
1;4;37;30152
1;4;38;122
1;4;39;15760
1;4;40;7308
1;4;41;4804
1;4;42;20010
1;4;43;4796
1;4;44;2306
1;4;45;7740
1;4;46;5166
1;4;47;23070
1;4;48;5219
1;4;49;4750
1;4;50;6286
1;4;51;4987
1;4;52;2949
1;4;53;4910
1;4;54;2682
1;4;55;4935
1;4;56;3292
1;4;57;2184
1;4;58;5080
1;4;59;4815
1;4;60;16960
1;4;61;24306
1;4;62;7359
1;4;63;7355
1;4;64;7357
1;4;65;1335
1;4;66;1246
1;4;67;1084
1;4;68;32079
1;4;69;3330
1;4;70;33002
1;4;71;5792
1;4;72;16673
1;4;73;1247
1;4;74;18887
1;4;75;28007
1;4;76;30149
1;4;77;29885
1;4;78;34366
1;4;79;1273
1;4;80;2939
1;4;81;24295
1;4;82;33926
1;4;83;26862
1;4;84;1312
1;4;85;4358
1;4;86;853
1;4;87;6139
1;4;88;23702
1;4;89;3295
1;4;90;997
1;4;91;34374
1;4;92;31608
1;4;93;557
1;4;94;1017
1;4;95;1067
1;4;96;572
1;4;97;15674
1;4;98;1583
1;4;99;32300
1;4;100;23726
1;4;101;34646
1;4;102;34650
1;4;103;5264
1;4;104;26046
1;4;105;0
1;4;106;0
2;4;1;28899
2;4;2;7774
2;4;3;25188
2;4;4;33236
2;4;5;2688
2;4;6;361
2;4;7;23728
2;4;8;34762
2;4;9;4878
2;4;10;1303
2;4;11;747
2;4;12;811
2;4;13;21094
2;4;14;2741
2;4;15;7694
2;4;16;20328
2;4;17;33827
2;4;18;8497
2;4;19;1272
2;4;20;31156
2;4;21;30825
2;4;22;26401
2;4;23;751
2;4;24;1083
2;4;25;23852
2;4;26;15168
2;4;27;1924
2;4;28;28517
2;4;29;203
2;4;30;204
2;4;31;205
2;4;32;24322
2;4;33;6912
2;4;34;33954
2;4;35;4367
2;4;36;30242
2;4;37;29204
2;4;38;256
2;4;39;29246
2;4;40;21300
2;4;41;22147
2;4;42;25465
2;4;43;1280
2;4;44;1267
2;4;45;1066
2;4;46;30089
2;4;47;24358
2;4;48;32864
2;4;49;1255
2;4;50;20453
2;4;51;20457
2;4;52;0
2;4;53;363
2;4;54;1378
2;4;55;1669
2;4;56;32109
2;4;57;34424
2;4;58;701
2;4;59;817
2;4;60;508
2;4;61;7505
2;4;62;4487
2;4;63;7646
2;4;64;34486
2;4;65;7137
2;4;66;5793
2;4;67;1278
2;4;68;31961
2;4;69;33985
2;4;70;5036
2;4;71;1268
2;4;72;29893
2;4;73;1269
2;4;74;25082
2;4;75;1957
2;4;76;16326
2;4;77;31136
2;4;78;8331
2;4;79;891
2;4;80;24044
2;4;81;24046
2;4;82;1264
2;4;83;785
2;4;84;1334
2;4;85;1254
2;4;86;34050
2;4;87;3134
2;4;88;32973
2;4;89;17541
2;4;90;20963
2;4;91;1256
2;4;92;31904
2;4;93;5679
2;4;94;24461
2;4;95;31900
2;4;96;24294
2;4;97;18009
2;4;98;22771
2;4;99;29839
2;4;100;2094
2;4;101;21297
2;4;102;24449
2;4;103;26265
2;4;104;6527
2;4;105;4333
2;4;106;26373
2;4;107;4328
2;4;108;4357
2;4;109;1189
2;4;110;31833
2;4;111;17957
2;4;112;31517
2;4;113;26317
2;4;114;30863
2;4;115;27158
2;4;116;17714
2;4;117;32245
2;4;118;24229
2;4;119;23590
2;4;120;6321
2;4;121;18963
2;4;122;4318
2;4;123;24330
2;4;124;27561
2;4;125;5773
2;4;126;6064
2;4;127;577
2;4;128;32386
2;4;129;8699
2;4;130;0
1;5;1;34672
1;5;2;4842
1;5;3;28495
1;5;4;1594
1;5;5;2839
1;5;6;1374
1;5;7;6340
1;5;8;7617
1;5;9;4774
1;5;10;4949
1;5;11;4823
1;5;12;5205
1;5;13;4829
1;5;14;31658
1;5;15;31663
1;5;16;31661
1;5;17;8361
1;5;18;4524
1;5;19;32946
1;5;20;8607
1;5;21;24528
1;5;22;31469
1;5;23;2191
1;5;24;2188
1;5;25;33306
1;5;26;33226
1;5;27;927
1;5;28;658
1;5;29;1008
1;5;30;32985
1;5;31;4881
1;5;32;6813
1;5;33;5762
1;5;34;846
1;5;35;26763
1;5;36;984
1;5;37;5185
1;5;38;1526
1;5;39;28546
1;5;40;0
1;5;41;33666
1;5;42;5215
1;5;43;5037
1;5;44;30164
1;5;45;5473
1;5;46;23880
1;5;47;23990
1;5;48;7083
1;5;49;24047
1;5;50;30157
1;5;51;34544
1;5;52;1518
1;5;53;4319
1;5;54;1241
1;5;55;859
1;5;56;31801
1;5;57;4736
1;5;58;1599
1;5;59;1230
1;5;60;1331
1;5;61;753
1;5;62;4153
1;5;63;23456
1;5;64;5553
1;5;65;6895
1;5;66;143
1;5;67;1228
1;5;68;16661
1;5;69;23160
1;5;70;27958
1;5;71;14927
1;5;72;15958
1;5;73;1605
1;5;74;25543
1;5;75;33951
1;5;76;29398
1;5;77;29399
1;5;78;121
1;5;79;8983
1;5;80;6322
1;5;81;29892
1;5;82;26558
1;5;83;24042
1;5;84;5296
1;5;85;2511
1;5;86;23086
1;5;87;19168
1;5;88;4359
1;5;89;6274
1;5;90;30075
1;5;91;3197
1;5;92;16062
1;5;93;7184
1;5;94;33071
1;5;95;4576
1;5;96;2346
1;5;97;34611
1;5;98;6428
1;5;99;33
1;5;100;32245
1;5;101;33513
1;5;102;15031
1;5;103;28985
1;5;104;5927
1;5;105;21589
1;5;106;28367
1;5;107;0
2;5;1;31027
2;5;2;27932
2;5;3;33318
2;5;4;22341
2;5;5;18716
2;5;6;945
2;5;7;1640
2;5;8;843
2;5;9;1566
2;5;10;4334
2;5;11;3238
2;5;12;21064
2;5;13;27934
2;5;14;3329
2;5;15;810
2;5;16;30934
2;5;17;29931
2;5;18;31051
2;5;19;32952
2;5;20;28043
2;5;21;28987
2;5;22;5908
2;5;23;943
2;5;24;32746
2;5;25;4953
2;5;26;981
2;5;27;33953
2;5;28;19950
2;5;29;5576
2;5;30;993
2;5;31;1200
2;5;32;24257
2;5;33;2524
2;5;34;15093
2;5;35;2340
2;5;36;4340
2;5;37;8669
2;5;38;8369
2;5;39;23988
2;5;40;31189
2;5;41;32949
2;5;42;33003
2;5;43;34825
2;5;44;30190
2;5;45;30218
2;5;46;30243
2;5;47;30160
2;5;48;30186
2;5;49;30351
2;5;50;34197
2;5;51;30352
2;5;52;29943
2;5;53;25649
2;5;54;946
2;5;55;33839
2;5;56;940
2;5;57;4721
2;5;58;952
2;5;59;944
2;5;60;942
2;5;61;941
2;5;62;962
2;5;63;18715
2;5;64;696
2;5;65;31905
2;5;66;5298
2;5;67;29911
2;5;68;30199
2;5;69;31047
2;5;70;30758
2;5;71;33740
2;5;72;9016
2;5;73;17439
2;5;74;29973
2;5;75;644
2;5;76;964
2;5;77;24119
2;5;78;25743
2;5;79;23982
2;5;80;1005
2;5;81;7205
2;5;82;951
2;5;83;34389
2;5;84;958
2;5;85;959
2;5;86;890
2;5;87;23876
2;5;88;947
2;5;89;29598
2;5;90;32776
2;5;91;19186
2;5;92;7226
2;5;93;18996
2;5;94;651
2;5;95;2840
2;5;96;33991
2;5;97;21147
2;5;98;6255
2;5;99;932
2;5;100;7867
2;5;101;8492
2;5;102;6759
2;5;103;8942
2;5;104;6378
2;5;105;8435
2;5;106;31750
2;5;107;32370
2;5;108;32261
2;5;109;5532
2;5;110;34111
2;5;111;8316
2;5;112;32681
2;5;113;0
2;5;114;2699
2;5;115;6498
2;5;116;4579
2;5;117;1726
2;5;118;15767
2;5;119;22184
2;5;120;21343
2;5;121;406
2;5;122;26515
2;5;123;16919
2;5;124;1212
2;5;125;25213
2;5;126;16575
2;5;127;26836
2;5;128;28784
2;5;129;33686
2;5;130;4782
2;5;131;29032
2;5;132;114
2;5;133;3219
2;5;134;7492
2;5;135;22704
2;5;136;24043
2;5;137;4825
2;5;138;15074
2;5;139;20215
2;5;140;16908
2;5;141;2500
2;5;142;23596
2;5;143;30026
2;5;144;6771
2;5;145;27965
2;5;146;28516
2;5;147;32774
2;5;148;5209
2;5;149;30730
2;5;150;23955
2;5;151;935
2;5;152;34306
2;5;153;1013
2;5;154;789
2;5;155;868
2;5;156;22253
2;5;157;1336
2;5;158;23106
2;5;159;3045
2;5;160;1590
2;5;161;34504
2;5;162;8333
2;5;163;3322
2;5;164;5344
2;5;165;28702
2;5;166;885
2;5;167;1179
2;5;168;23621
2;5;169;28022
2;5;170;34684
2;5;171;18283
2;5;172;1178
2;5;173;0
