1;1;1;33236
1;1;2;8361
1;1;3;4974
1;1;4;20512
1;1;5;2680
1;1;6;4749
1;1;7;7309
1;1;8;4235
1;1;9;2100
1;1;10;1585
1;1;11;18872
1;1;12;2091
1;1;13;6168
1;1;14;34762
1;1;15;4814
1;1;16;4926
1;1;17;32813
1;1;18;34582
1;1;19;1188
1;1;20;7753
1;1;21;25745
1;1;22;1040
1;1;23;16132
1;1;24;1303
1;1;25;747
1;1;26;811
1;1;27;21094
1;1;28;642
1;1;29;817
1;1;30;27692
1;1;31;7374
1;1;32;34486
1;1;33;8233
1;1;34;33827
1;1;35;8497
1;1;36;1272
1;1;37;1332
1;1;38;31156
1;1;39;6654
1;1;40;5036
1;1;41;1268
1;1;42;1255
1;1;43;32864
1;1;44;1066
1;1;45;18006
1;1;46;18009
1;1;47;29839
1;1;48;15168
1;1;49;1924
1;1;50;28517
1;1;51;32245
1;1;52;1337
1;1;53;882
1;1;54;688
1;1;55;205
1;1;56;836
1;1;57;28007
1;1;58;33985
1;1;59;5791
1;1;60;2728
1;1;61;804
1;1;62;7357
1;1;63;24306
1;1;64;7355
1;1;65;7359
1;1;66;1335
1;1;67;1246
1;1;68;1247
1;1;69;23106
1;1;70;1336
1;1;71;22253
1;1;72;868
1;1;73;29975
1;1;74;33002
1;1;75;32079
1;1;76;3330
1;1;77;2241
1;1;78;1638
1;1;79;2483
1;1;80;8971
1;1;81;0
1;1;82;0
2;1;1;363
2;1;2;23728
2;1;3;28825
2;1;4;32889
2;1;5;2627
2;1;6;8202
2;1;7;24180
2;1;8;30375
2;1;9;5682
2;1;10;573
2;1;11;26046
2;1;12;449
2;1;13;620
2;1;14;7040
2;1;15;28061
2;1;16;2259
2;1;17;2212
2;1;18;15631
2;1;19;1720
2;1;20;32127
2;1;21;5303
2;1;22;34593
2;1;23;23795
2;1;24;7437
2;1;25;33976
2;1;26;30411
2;1;27;25776
2;1;28;30815
2;1;29;1324
2;1;30;538
2;1;31;526
2;1;32;34199
2;1;33;2862
2;1;34;7072
2;1;35;30814
2;1;36;8290
2;1;37;27124
2;1;38;7618
2;1;39;15674
2;1;40;32300
2;1;41;1583
2;1;42;23726
2;1;43;34646
2;1;44;34650
2;1;45;7477
2;1;46;1000
2;1;47;571
2;1;48;574
2;1;49;141
2;1;50;1174
2;1;51;1213
2;1;52;7791
2;1;53;783
2;1;54;30657
2;1;55;930
2;1;56;23922
2;1;57;733
2;1;58;18837
2;1;59;25341
2;1;60;8269
2;1;61;32168
2;1;62;7646
2;1;63;7009
2;1;64;2741
2;1;65;20328
2;1;66;7694
2;1;67;32694
2;1;68;8272
2;1;69;8584
2;1;70;7709
2;1;71;1043
2;1;72;8188
2;1;73;31323
2;1;74;32109
2;1;75;30164
2;1;76;919
2;1;77;34909
2;1;78;34288
2;1;79;33532
2;1;80;892
2;1;81;4907
2;1;82;5131
2;1;83;31658
2;1;84;31663
2;1;85;31661
2;1;86;5542
2;1;87;0
2;1;88;33666
2;1;89;6587
2;1;90;5232
2;1;91;4800
2;1;92;4845
2;1;93;34458
2;1;94;6315
2;1;95;4935
2;1;96;2682
2;1;97;3292
2;1;98;4910
2;1;99;2949
2;1;100;4987
2;1;101;6286
2;1;102;4750
2;1;103;19987
2;1;104;4994
2;1;105;18
2;1;106;29730
2;1;107;4844
2;1;108;4740
2;1;109;5055
2;1;110;28289
2;1;111;5012
2;1;112;5159
2;1;113;30370
2;1;114;1727
2;1;115;2757
2;1;116;2707
2;1;117;1764
2;1;118;1805
2;1;119;6888
2;1;120;1734
2;1;121;1755
2;1;122;15142
2;1;123;5555
2;1;124;2306
2;1;125;7740
2;1;126;1745
2;1;127;1895
2;1;128;32601
2;1;129;4797
2;1;130;2698
2;1;131;4896
2;1;132;26054
2;1;133;5049
2;1;134;7300
2;1;135;1760
2;1;136;20010
2;1;137;4796
2;1;138;30969
2;1;139;6147
2;1;140;17907
2;1;141;4934
2;1;142;122
2;1;143;7308
2;1;144;5093
2;1;145;1995
2;1;146;1888
2;1;147;17262
2;1;148;30875
2;1;149;25860
2;1;150;4838
2;1;151;4752
2;1;152;34219
2;1;153;25969
2;1;154;8141
2;1;155;24120
2;1;156;28819
2;1;157;4798
2;1;158;34679
2;1;159;1732
2;1;160;5017
2;1;161;6224
2;1;162;4763
2;1;163;5006
2;1;164;27613
2;1;165;24162
2;1;166;5004
2;1;167;6809
2;1;168;5009
2;1;169;7953
2;1;170;31898
2;1;171;4884
2;1;172;31279
2;1;173;32702
2;1;174;5888
2;1;175;4969
2;1;176;6217
2;1;177;6925
2;1;178;34739
2;1;179;7211
2;1;180;2539
2;1;181;4780
2;1;182;15940
2;1;183;5339
2;1;184;34910
2;1;185;26079
2;1;186;0
1;2;1;4524
1;2;2;32946
1;2;3;767
1;2;4;32562
1;2;5;25248
1;2;6;552
1;2;7;1010
1;2;8;1184
1;2;9;31027
1;2;10;27932
1;2;11;22341
1;2;12;865
1;2;13;16472
1;2;14;18716
1;2;15;945
1;2;16;1640
1;2;17;843
1;2;18;1566
1;2;19;4334
1;2;20;3238
1;2;21;21064
1;2;22;809
1;2;23;27934
1;2;24;24163
1;2;25;810
1;2;26;8409
1;2;27;25505
1;2;28;3115
1;2;29;28546
1;2;30;24164
1;2;31;1526
1;2;32;34331
1;2;33;5185
1;2;34;984
1;2;35;24590
1;2;36;846
1;2;37;26763
1;2;38;5762
1;2;39;4881
1;2;40;658
1;2;41;32985
1;2;42;1008
1;2;43;927
1;2;44;33226
1;2;45;33306
1;2;46;29598
1;2;47;7226
1;2;48;19186
1;2;49;32776
1;2;50;8444
1;2;51;32245
1;2;52;33
1;2;53;7184
1;2;54;16062
1;2;55;31750
1;2;56;5773
1;2;57;577
1;2;58;32386
1;2;59;6064
1;2;60;32261
1;2;61;32370
1;2;62;30075
1;2;63;3197
1;2;64;6274
1;2;65;4359
1;2;66;19168
1;2;67;23086
1;2;68;395
1;2;69;25704
1;2;70;5794
1;2;71;1605
1;2;72;14927
1;2;73;5297
1;2;74;23160
1;2;75;16661
1;2;76;18720
1;2;77;33070
1;2;78;32711
1;2;79;1603
1;2;80;34504
1;2;81;1590
1;2;82;3045
1;2;83;8333
1;2;84;3322
1;2;85;5344
1;2;86;28702
1;2;87;885
1;2;88;23621
1;2;89;1179
1;2;90;4153
1;2;91;23456
1;2;92;18283
1;2;93;1178
1;2;94;0
1;2;95;21335
1;2;96;358
1;2;97;3223
1;2;98;2699
1;2;99;6498
1;2;100;4579
1;2;101;1726
1;2;102;15767
1;2;103;22184
1;2;104;5209
1;2;105;1212
1;2;106;32774
1;2;107;24021
1;2;108;6340
1;2;109;7617
1;2;110;4774
1;2;111;4949
1;2;112;4823
1;2;113;5205
1;2;114;4829
1;2;115;603
1;2;116;31267
1;2;117;19836
1;2;118;5063
1;2;119;21967
1;2;120;4950
1;2;121;3140
1;2;122;4746
1;2;123;4767
1;2;124;4631
1;2;125;5053
1;2;126;30872
1;2;127;730
1;2;128;19473
1;2;129;2191
1;2;130;2188
1;2;131;31469
1;2;132;0
2;2;1;33849
2;2;2;8368
2;2;3;30809
2;2;4;1625
2;2;5;15272
2;2;6;20231
2;2;7;19546
2;2;8;4775
2;2;9;22296
2;2;10;32568
2;2;11;4831
2;2;12;5111
2;2;13;325
2;2;14;3349
2;2;15;6010
2;2;16;4801
2;2;17;6395
2;2;18;8319
2;2;19;15487
2;2;20;1601
2;2;21;5190
2;2;22;4857
2;2;23;5105
2;2;24;4824
2;2;25;29035
2;2;26;5140
2;2;27;5170
2;2;28;30528
2;2;29;4608
2;2;30;5571
2;2;31;5152
2;2;32;5107
2;2;33;4955
2;2;34;5176
2;2;35;5175
2;2;36;4945
2;2;37;5239
2;2;38;5983
2;2;39;2334
2;2;40;19377
2;2;41;5116
2;2;42;1959
2;2;43;33211
2;2;44;4970
2;2;45;5351
2;2;46;19697
2;2;47;25678
2;2;48;1771
2;2;49;4748
2;2;50;4958
2;2;51;17969
2;2;52;1758
2;2;53;8244
2;2;54;5097
2;2;55;19087
2;2;56;4957
2;2;57;4772
2;2;58;29250
2;2;59;5832
2;2;60;8412
2;2;61;28125
2;2;62;5058
2;2;63;5144
2;2;64;5109
2;2;65;19155
2;2;66;5061
2;2;67;4991
2;2;68;6359
2;2;69;34121
2;2;70;5039
2;2;71;7480
2;2;72;32559
2;2;73;1739
2;2;74;4783
2;2;75;6603
2;2;76;7541
2;2;77;5127
2;2;78;5178
2;2;79;26064
2;2;80;6136
2;2;81;16697
2;2;82;6144
2;2;83;5082
2;2;84;31913
2;2;85;5142
2;2;86;5564
2;2;87;1875
2;2;88;1876
2;2;89;6272
2;2;90;30238
2;2;91;8327
2;2;92;8414
2;2;93;5550
2;2;94;1751
2;2;95;34841
2;2;96;4895
2;2;97;4816
2;2;98;338
2;2;99;16607
2;2;100;4755
2;2;101;1826
2;2;102;5011
2;2;103;5146
2;2;104;24125
2;2;105;25100
2;2;106;5861
2;2;107;898
2;2;108;2697
2;2;109;4766
2;2;110;5050
2;2;111;5052
2;2;112;4903
2;2;113;31548
2;2;114;32285
2;2;115;15825
2;2;116;0
2;2;117;2688
2;2;118;19000
2;2;119;4234
2;2;120;31151
2;2;121;34669
2;2;122;16759
2;2;123;30824
2;2;124;7980
2;2;125;32895
2;2;126;1221
2;2;127;1012
2;2;128;8131
2;2;129;30165
2;2;130;27365
2;2;131;7097
2;2;132;7814
2;2;133;317
2;2;134;33203
2;2;135;32538
2;2;136;907
2;2;137;908
2;2;138;27189
2;2;139;7371
2;2;140;7373
2;2;141;21179
2;2;142;6129
2;2;143;969
2;2;144;909
2;2;145;887
2;2;146;7372
2;2;147;16960
2;2;148;7365
2;2;149;7370
2;2;150;26248
2;2;151;30382
2;2;152;1223
2;2;153;844
2;2;154;1085
2;2;155;1069
2;2;156;27137
2;2;157;934
2;2;158;808
2;2;159;850
2;2;160;29626
2;2;161;3308
2;2;162;0
1;3;1;31663
1;3;2;31658
1;3;3;31661
1;3;4;32823
1;3;5;6503
1;3;6;1903
1;3;7;4981
1;3;8;5038
1;3;9;3018
1;3;10;7104
1;3;11;8413
1;3;12;6289
1;3;13;5126
1;3;14;34878
1;3;15;33024
1;3;16;1181
1;3;17;4751
1;3;18;2353
1;3;19;8410
1;3;20;4879
1;3;21;5015
1;3;22;895
1;3;23;15458
1;3;24;4753
1;3;25;5005
1;3;26;4350
1;3;27;2316
1;3;28;29509
1;3;29;5092
1;3;30;32102
1;3;31;4911
1;3;32;30229
1;3;33;5788
1;3;34;30968
1;3;35;32778
1;3;36;20793
1;3;37;4904
1;3;38;576
1;3;39;30710
1;3;40;21276
1;3;41;21807
1;3;42;5221
1;3;43;31023
1;3;44;33425
1;3;45;20621
1;3;46;3046
1;3;47;21701
1;3;48;25195
1;3;49;2314
1;3;50;29895
1;3;51;32606
1;3;52;2621
1;3;53;6249
1;3;54;22342
1;3;55;6865
1;3;56;1772
1;3;57;17095
1;3;58;15426
1;3;59;1824
1;3;60;1728
1;3;61;5362
1;3;62;5189
1;3;63;5407
1;3;64;4988
1;3;65;5128
1;3;66;5929
1;3;67;4992
1;3;68;5787
1;3;69;1663
1;3;70;4956
1;3;71;8030
1;3;72;5114
1;3;73;2832
1;3;74;5048
1;3;75;820
1;3;76;8211
1;3;77;5804
1;3;78;7161
1;3;79;2184
1;3;80;26241
1;3;81;27327
1;3;82;795
1;3;83;29647
1;3;84;26243
1;3;85;14930
1;3;86;26414
1;3;87;24047
1;3;88;1013
1;3;89;34306
1;3;90;23990
1;3;91;23880
1;3;92;5473
1;3;93;24389
1;3;94;1669
1;3;95;31152
1;3;96;15180
1;3;97;34612
1;3;98;0
1;3;99;0
2;3;1;33666
2;3;2;4858
2;3;3;972
2;3;4;18967
2;3;5;27100
2;3;6;880
2;3;7;34424
2;3;8;20412
2;3;9;7720
2;3;10;4487
2;3;11;23890
2;3;12;835
2;3;13;8033
2;3;14;31441
2;3;15;162
2;3;16;31483
2;3;17;7430
2;3;18;4337
2;3;19;23391
2;3;20;33840
2;3;21;33781
2;3;22;25584
2;3;23;1063
2;3;24;2652
2;3;25;1007
2;3;26;31507
2;3;27;7472
2;3;28;30758
2;3;29;17439
2;3;30;31047
2;3;31;29973
2;3;32;9016
2;3;33;33740
2;3;34;6813
2;3;35;21839
2;3;36;23862
2;3;37;25586
2;3;38;7706
2;3;39;33206
2;3;40;32876
2;3;41;572
2;3;42;8234
2;3;43;5229
2;3;44;550
2;3;45;23110
2;3;46;584
2;3;47;4354
2;3;48;622
2;3;49;25262
2;3;50;7237
2;3;51;6248
2;3;52;2740
2;3;53;32735
2;3;54;5264
2;3;55;7730
2;3;56;1155
2;3;57;31188
2;3;58;7011
2;3;59;7316
2;3;60;8201
2;3;61;6955
2;3;62;7314
2;3;63;33947
2;3;64;1934
2;3;65;25920
2;3;66;562
2;3;67;0
2;3;68;28899
2;3;69;33346
2;3;70;25188
2;3;71;2839
2;3;72;4842
2;3;73;34672
2;3;74;1594
2;3;75;28495
2;3;76;2836
2;3;77;31020
2;3;78;7772
2;3;79;1854
2;3;80;361
2;3;81;33686
2;3;82;2500
2;3;83;7492
2;3;84;4782
2;3;85;16919
2;3;86;30730
2;3;87;29032
2;3;88;23596
2;3;89;20215
2;3;90;114
2;3;91;28516
2;3;92;406
2;3;93;3219
2;3;94;16575
2;3;95;27965
2;3;96;26836
2;3;97;25213
2;3;98;15074
2;3;99;24043
2;3;100;6771
2;3;101;30026
2;3;102;21343
2;3;103;4825
2;3;104;26515
2;3;105;16908
2;3;106;22704
2;3;107;28784
2;3;108;5215
2;3;109;7610
2;3;110;18835
2;3;111;27465
2;3;112;25908
2;3;113;30157
2;3;114;34544
2;3;115;1518
2;3;116;4319
2;3;117;883
2;3;118;20533
2;3;119;766
2;3;120;6169
2;3;121;6863
2;3;122;2593
2;3;123;1018
2;3;124;29744
2;3;125;4454
2;3;126;28198
2;3;127;0
1;4;1;31461
1;4;2;5202
1;4;3;17201
1;4;4;3205
1;4;5;29921
1;4;6;5729
1;4;7;5224
1;4;8;26079
1;4;9;5010
1;4;10;18
1;4;11;5056
1;4;12;22171
1;4;13;4978
1;4;14;4763
1;4;15;1407
1;4;16;4875
1;4;17;5018
1;4;18;7953
1;4;19;24120
1;4;20;3003
1;4;21;30152
1;4;22;15760
1;4;23;7308
1;4;24;2300
1;4;25;4804
1;4;26;5201
1;4;27;31679
1;4;28;7740
1;4;29;2306
1;4;30;5166
1;4;31;23070
1;4;32;5219
1;4;33;29266
1;4;34;6887
1;4;35;4977
1;4;36;24078
1;4;37;5636
1;4;38;5856
1;4;39;4773
1;4;40;4985
1;4;41;5141
1;4;42;5204
1;4;43;28315
1;4;44;6316
1;4;45;16580
1;4;46;7941
1;4;47;20690
1;4;48;5080
1;4;49;4815
1;4;50;1774
1;4;51;7357
1;4;52;7359
1;4;53;24306
1;4;54;7355
1;4;55;1247
1;4;56;1246
1;4;57;1084
1;4;58;32079
1;4;59;5792
1;4;60;16673
1;4;61;24705
1;4;62;28007
1;4;63;29885
1;4;64;4618
1;4;65;933
1;4;66;1211
1;4;67;30365
1;4;68;33926
1;4;69;24295
1;4;70;33162
1;4;71;1312
1;4;72;6360
1;4;73;20255
1;4;74;853
1;4;75;4358
1;4;76;6139
1;4;77;23702
1;4;78;3295
1;4;79;997
1;4;80;34374
1;4;81;31608
1;4;82;557
1;4;83;22825
1;4;84;624
1;4;85;1017
1;4;86;1067
1;4;87;23726
1;4;88;34646
1;4;89;34650
1;4;90;7315
1;4;91;1517
1;4;92;537
1;4;93;26046
1;4;94;768
1;4;95;7714
1;4;96;6478
1;4;97;23155
1;4;98;19375
1;4;99;15674
1;4;100;0
1;4;101;33236
1;4;102;5226
1;4;103;8418
1;4;104;6587
1;4;105;23810
1;4;106;8365
1;4;107;34762
1;4;108;5037
1;4;109;29175
1;4;110;15911
1;4;111;27700
1;4;112;7747
1;4;113;1064
1;4;114;1015
1;4;115;8363
1;4;116;881
1;4;117;1065
1;4;118;839
1;4;119;0
2;4;1;23728
2;4;2;4878
2;4;3;24118
2;4;4;33104
2;4;5;1602
2;4;6;31183
2;4;7;4201
2;4;8;29342
2;4;9;22751
2;4;10;936
2;4;11;34814
2;4;12;30812
2;4;13;24882
2;4;14;2456
2;4;15;6828
2;4;16;5882
2;4;17;3348
2;4;18;26070
2;4;19;15265
2;4;20;3357
2;4;21;24358
2;4;22;1255
2;4;23;30089
2;4;24;1269
2;4;25;22147
2;4;26;8331
2;4;27;16326
2;4;28;31136
2;4;29;25082
2;4;30;1957
2;4;31;203
2;4;32;205
2;4;33;204
2;4;34;29204
2;4;35;30242
2;4;36;33954
2;4;37;4367
2;4;38;6912
2;4;39;24322
2;4;40;20457
2;4;41;20453
2;4;42;23852
2;4;43;25465
2;4;44;1280
2;4;45;21300
2;4;46;3134
2;4;47;17541
2;4;48;34050
2;4;49;1254
2;4;50;24044
2;4;51;24046
2;4;52;1264
2;4;53;785
2;4;54;891
2;4;55;32973
2;4;56;1334
2;4;57;1267
2;4;58;1083
2;4;59;751
2;4;60;2714
2;4;61;20419
2;4;62;851
2;4;63;1506
2;4;64;34366
2;4;65;1273
2;4;66;2939
2;4;67;26706
2;4;68;26862
2;4;69;1278
2;4;70;31961
2;4;71;5793
2;4;72;32560
2;4;73;875
2;4;74;4986
2;4;75;0
2;4;76;5139
2;4;77;1378
2;4;78;32109
2;4;79;7424
2;4;80;960
2;4;81;17665
2;4;82;16093
2;4;83;21094
2;4;84;1731
2;4;85;7070
2;4;86;701
2;4;87;508
2;4;88;7505
2;4;89;22483
2;4;90;33996
2;4;91;812
2;4;92;2741
2;4;93;1522
2;4;94;956
2;4;95;7646
2;4;96;29087
2;4;97;17379
2;4;98;7137
2;4;99;7979
2;4;100;23037
2;4;101;5970
2;4;102;697
2;4;103;31156
2;4;104;30825
2;4;105;2516
2;4;106;5036
2;4;107;1268
2;4;108;31904
2;4;109;5679
2;4;110;31900
2;4;111;20963
2;4;112;24461
2;4;113;24294
2;4;114;1256
2;4;115;29246
2;4;116;256
2;4;117;21297
2;4;118;2094
2;4;119;30383
2;4;120;22771
2;4;121;29839
2;4;122;24449
2;4;123;26265
2;4;124;6527
2;4;125;4333
2;4;126;26373
2;4;127;4328
2;4;128;4357
2;4;129;1189
2;4;130;24822
2;4;131;19441
2;4;132;6270
2;4;133;3209
2;4;134;20844
2;4;135;6181
2;4;136;25543
2;4;137;33951
2;4;138;24330
2;4;139;18963
2;4;140;6321
2;4;141;4318
2;4;142;32245
2;4;143;2511
2;4;144;5296
2;4;145;26558
2;4;146;24042
2;4;147;0
1;5;1;4734
1;5;2;7774
1;5;3;8607
1;5;4;24528
1;5;5;2191
1;5;6;2188
1;5;7;19770
1;5;8;948
1;5;9;950
1;5;10;949
1;5;11;32950
1;5;12;33306
1;5;13;33226
1;5;14;9490
1;5;15;32245
1;5;16;33
1;5;17;24229
1;5;18;17714
1;5;19;27158
1;5;20;30863
1;5;21;31833
1;5;22;31025
1;5;23;1068
1;5;24;1041
1;5;25;778
1;5;26;3141
1;5;27;29893
1;5;28;26401
1;5;29;26190
1;5;30;30149
1;5;31;4779
1;5;32;15945
1;5;33;18887
1;5;34;32096
1;5;35;31588
1;5;36;6260
1;5;37;0
1;5;38;661
1;5;39;996
1;5;40;5878
1;5;41;23955
1;5;42;935
1;5;43;7083
1;5;44;4088
1;5;45;1584
1;5;46;3333
1;5;47;7133
1;5;48;33904
1;5;49;789
1;5;50;1241
1;5;51;859
1;5;52;31801
1;5;53;4736
1;5;54;1230
1;5;55;1599
1;5;56;1331
1;5;57;753
1;5;58;28022
1;5;59;34684
1;5;60;32681
1;5;61;8316
1;5;62;5553
1;5;63;6895
1;5;64;143
1;5;65;1228
1;5;66;27958
1;5;67;15958
1;5;68;14927
1;5;69;16067
1;5;70;17733
1;5;71;27561
1;5;72;8435
1;5;73;33513
1;5;74;15031
1;5;75;28985
1;5;76;8492
1;5;77;7867
1;5;78;932
1;5;79;6255
1;5;80;21147
1;5;81;33991
1;5;82;6759
1;5;83;2840
1;5;84;8942
1;5;85;5927
1;5;86;28367
1;5;87;21589
1;5;88;18996
1;5;89;651
1;5;90;6378
1;5;91;8699
1;5;92;5532
1;5;93;34111
1;5;94;31750
1;5;95;23590
1;5;96;30440
1;5;97;34343
1;5;98;26317
1;5;99;31517
1;5;100;17957
1;5;101;29892
1;5;102;121
1;5;103;33071
1;5;104;4576
1;5;105;6322
1;5;106;8983
1;5;107;34611
1;5;108;2346
1;5;109;6428
1;5;110;29399
1;5;111;29398
1;5;112;0
2;5;1;33666
2;5;2;1374
2;5;3;32809
2;5;4;28082
2;5;5;4851
2;5;6;4852
2;5;7;31658
2;5;8;31663
2;5;9;31661
2;5;10;31485
2;5;11;1139
2;5;12;6094
2;5;13;28546
2;5;14;30199
2;5;15;597
2;5;16;5908
2;5;17;4340
2;5;18;2340
2;5;19;15093
2;5;20;2524
2;5;21;24257
2;5;22;1200
2;5;23;993
2;5;24;5576
2;5;25;981
2;5;26;33953
2;5;27;19950
2;5;28;4953
2;5;29;32746
2;5;30;943
2;5;31;28043
2;5;32;28987
2;5;33;32952
2;5;34;8669
2;5;35;964
2;5;36;24119
2;5;37;951
2;5;38;23982
2;5;39;1005
2;5;40;7205
2;5;41;4721
2;5;42;952
2;5;43;944
2;5;44;644
2;5;45;25743
2;5;46;940
2;5;47;23988
2;5;48;8369
2;5;49;34389
2;5;50;31051
2;5;51;29931
2;5;52;947
2;5;53;890
2;5;54;958
2;5;55;23876
2;5;56;959
2;5;57;3329
2;5;58;27934
2;5;59;27932
2;5;60;33318
2;5;61;946
2;5;62;33839
2;5;63;25649
2;5;64;29943
2;5;65;34197
2;5;66;30352
2;5;67;30351
2;5;68;30186
2;5;69;30160
2;5;70;30243
2;5;71;30218
2;5;72;30190
2;5;73;34825
2;5;74;33003
2;5;75;32949
2;5;76;31189
2;5;77;30934
2;5;78;942
2;5;79;941
2;5;80;962
2;5;81;18715
2;5;82;696
2;5;83;29911
2;5;84;5298
2;5;85;31905
2;5;86;0
2;5;87;0
