1;1;1;33236
1;1;2;7161
1;1;3;820
1;1;4;5048
1;1;5;2832
1;1;6;5114
1;1;7;2680
1;1;8;20512
1;1;9;7309
1;1;10;1585
1;1;11;4235
1;1;12;2100
1;1;13;18872
1;1;14;6587
1;1;15;6168
1;1;16;8365
1;1;17;34762
1;1;18;4878
1;1;19;1303
1;1;20;747
1;1;21;811
1;1;22;21094
1;1;23;23990
1;1;24;1731
1;1;25;7070
1;1;26;34424
1;1;27;7374
1;1;28;29087
1;1;29;34486
1;1;30;5970
1;1;31;23037
1;1;32;8497
1;1;33;30825
1;1;34;31156
1;1;35;6654
1;1;36;1268
1;1;37;5036
1;1;38;29893
1;1;39;1269
1;1;40;18006
1;1;41;18009
1;1;42;29839
1;1;43;2094
1;1;44;15168
1;1;45;205
1;1;46;1924
1;1;47;24449
1;1;48;28517
1;1;49;32245
1;1;50;24229
1;1;51;1189
1;1;52;1337
1;1;53;882
1;1;54;1041
1;1;55;688
1;1;56;25465
1;1;57;1267
1;1;58;1255
1;1;59;2728
1;1;60;5791
1;1;61;7359
1;1;62;7355
1;1;63;24306
1;1;64;7357
1;1;65;28007
1;1;66;18887
1;1;67;1246
1;1;68;1247
1;1;69;15945
1;1;70;23106
1;1;71;1336
1;1;72;22253
1;1;73;868
1;1;74;32079
1;1;75;29975
1;1;76;2483
1;1;77;8971
1;1;78;0
1;1;79;0
2;1;1;23728
2;1;2;28825
2;1;3;32889
2;1;4;2627
2;1;5;8607
2;1;6;8202
2;1;7;24180
2;1;8;30375
2;1;9;5682
2;1;10;26046
2;1;11;449
2;1;12;620
2;1;13;7040
2;1;14;2259
2;1;15;28061
2;1;16;5303
2;1;17;32127
2;1;18;2212
2;1;19;1720
2;1;20;23795
2;1;21;34593
2;1;22;15631
2;1;23;7437
2;1;24;33976
2;1;25;30411
2;1;26;7618
2;1;27;27124
2;1;28;1324
2;1;29;30815
2;1;30;30814
2;1;31;7072
2;1;32;526
2;1;33;34199
2;1;34;25776
2;1;35;538
2;1;36;2862
2;1;37;8290
2;1;38;15674
2;1;39;19375
2;1;40;32300
2;1;41;1583
2;1;42;23726
2;1;43;34650
2;1;44;34646
2;1;45;7477
2;1;46;571
2;1;47;141
2;1;48;1213
2;1;49;7791
2;1;50;783
2;1;51;31483
2;1;52;930
2;1;53;7097
2;1;54;23922
2;1;55;733
2;1;56;18837
2;1;57;8269
2;1;58;25341
2;1;59;835
2;1;60;7646
2;1;61;956
2;1;62;812
2;1;63;2741
2;1;64;20328
2;1;65;7694
2;1;66;8272
2;1;67;32694
2;1;68;8584
2;1;69;7709
2;1;70;1043
2;1;71;31323
2;1;72;32109
2;1;73;27100
2;1;74;30164
2;1;75;34909
2;1;76;919
2;1;77;4858
2;1;78;2091
2;1;79;4851
2;1;80;31663
2;1;81;31661
2;1;82;31658
2;1;83;0
2;1;84;1854
2;1;85;33666
2;1;86;24021
2;1;87;4800
2;1;88;34458
2;1;89;26241
2;1;90;6315
2;1;91;2184
2;1;92;2682
2;1;93;3292
2;1;94;4935
2;1;95;4910
2;1;96;2949
2;1;97;4987
2;1;98;6286
2;1;99;4750
2;1;100;5128
2;1;101;5929
2;1;102;5097
2;1;103;8244
2;1;104;1758
2;1;105;5055
2;1;106;4740
2;1;107;28289
2;1;108;31679
2;1;109;2707
2;1;110;2306
2;1;111;7740
2;1;112;1755
2;1;113;1734
2;1;114;1764
2;1;115;15142
2;1;116;2757
2;1;117;1727
2;1;118;1745
2;1;119;1805
2;1;120;6888
2;1;121;32601
2;1;122;5049
2;1;123;4797
2;1;124;1895
2;1;125;2698
2;1;126;4896
2;1;127;26054
2;1;128;7300
2;1;129;1760
2;1;130;20010
2;1;131;4796
2;1;132;30370
2;1;133;5159
2;1;134;6147
2;1;135;17907
2;1;136;4934
2;1;137;122
2;1;138;30875
2;1;139;5093
2;1;140;17262
2;1;141;25860
2;1;142;1995
2;1;143;1888
2;1;144;4838
2;1;145;4752
2;1;146;34219
2;1;147;7308
2;1;148;15760
2;1;149;5012
2;1;150;24120
2;1;151;28819
2;1;152;2539
2;1;153;34739
2;1;154;4884
2;1;155;7211
2;1;156;4780
2;1;157;6925
2;1;158;5009
2;1;159;31279
2;1;160;5888
2;1;161;31898
2;1;162;7953
2;1;163;6217
2;1;164;4969
2;1;165;4798
2;1;166;34679
2;1;167;1732
2;1;168;5017
2;1;169;4978
2;1;170;6224
2;1;171;4763
2;1;172;5006
2;1;173;5004
2;1;174;4875
2;1;175;5018
2;1;176;15940
2;1;177;5339
2;1;178;5224
2;1;179;34910
2;1;180;26079
2;1;181;18
2;1;182;0
1;2;1;24528
1;2;2;767
1;2;3;32562
1;2;4;25248
1;2;5;552
1;2;6;1010
1;2;7;1184
1;2;8;31027
1;2;9;27932
1;2;10;22341
1;2;11;865
1;2;12;16472
1;2;13;18716
1;2;14;945
1;2;15;1640
1;2;16;843
1;2;17;1566
1;2;18;4334
1;2;19;3238
1;2;20;21064
1;2;21;809
1;2;22;27934
1;2;23;24163
1;2;24;810
1;2;25;8409
1;2;26;25505
1;2;27;28546
1;2;28;24164
1;2;29;1526
1;2;30;34331
1;2;31;5185
1;2;32;846
1;2;33;26763
1;2;34;24590
1;2;35;984
1;2;36;949
1;2;37;4881
1;2;38;658
1;2;39;927
1;2;40;1008
1;2;41;32985
1;2;42;33226
1;2;43;33306
1;2;44;29598
1;2;45;7226
1;2;46;19186
1;2;47;32776
1;2;48;8444
1;2;49;32245
1;2;50;33
1;2;51;7184
1;2;52;16062
1;2;53;31750
1;2;54;32386
1;2;55;6064
1;2;56;577
1;2;57;32261
1;2;58;32370
1;2;59;8435
1;2;60;30075
1;2;61;3197
1;2;62;23086
1;2;63;6274
1;2;64;19168
1;2;65;4359
1;2;66;395
1;2;67;25704
1;2;68;5794
1;2;69;1605
1;2;70;15958
1;2;71;14927
1;2;72;5297
1;2;73;16661
1;2;74;23160
1;2;75;18720
1;2;76;33070
1;2;77;32711
1;2;78;1603
1;2;79;34504
1;2;80;1590
1;2;81;3045
1;2;82;8333
1;2;83;3322
1;2;84;5344
1;2;85;28702
1;2;86;885
1;2;87;1179
1;2;88;23621
1;2;89;4153
1;2;90;23456
1;2;91;18283
1;2;92;1178
1;2;93;0
1;2;94;31020
1;2;95;4734
1;2;96;2699
1;2;97;6498
1;2;98;4579
1;2;99;1726
1;2;100;15767
1;2;101;22184
1;2;102;16908
1;2;103;16919
1;2;104;28516
1;2;105;1374
1;2;106;6340
1;2;107;7617
1;2;108;4774
1;2;109;4949
1;2;110;4823
1;2;111;5205
1;2;112;4829
1;2;113;4746
1;2;114;19836
1;2;115;4767
1;2;116;5063
1;2;117;603
1;2;118;4950
1;2;119;21967
1;2;120;31267
1;2;121;3140
1;2;122;27327
1;2;123;4631
1;2;124;5053
1;2;125;30872
1;2;126;19473
1;2;127;730
1;2;128;2188
1;2;129;2191
1;2;130;32946
1;2;131;0
2;2;1;20231
2;2;2;8368
2;2;3;15272
2;2;4;1625
2;2;5;30809
2;2;6;19546
2;2;7;4775
2;2;8;32568
2;2;9;22296
2;2;10;4831
2;2;11;5111
2;2;12;8413
2;2;13;8211
2;2;14;4801
2;2;15;6395
2;2;16;15487
2;2;17;1601
2;2;18;8319
2;2;19;5190
2;2;20;4857
2;2;21;5105
2;2;22;4824
2;2;23;29035
2;2;24;5107
2;2;25;4608
2;2;26;5571
2;2;27;5152
2;2;28;30528
2;2;29;5140
2;2;30;5170
2;2;31;4955
2;2;32;4945
2;2;33;5239
2;2;34;5175
2;2;35;5176
2;2;36;19087
2;2;37;5116
2;2;38;30152
2;2;39;33211
2;2;40;4970
2;2;41;5351
2;2;42;19697
2;2;43;25678
2;2;44;8141
2;2;45;2334
2;2;46;5983
2;2;47;4957
2;2;48;4772
2;2;49;29250
2;2;50;5832
2;2;51;8412
2;2;52;28125
2;2;53;5058
2;2;54;5144
2;2;55;5109
2;2;56;19155
2;2;57;5061
2;2;58;4991
2;2;59;6359
2;2;60;19377
2;2;61;1959
2;2;62;7480
2;2;63;34121
2;2;64;5039
2;2;65;32559
2;2;66;1739
2;2;67;4783
2;2;68;6603
2;2;69;7541
2;2;70;5178
2;2;71;26064
2;2;72;6136
2;2;73;16697
2;2;74;6144
2;2;75;5082
2;2;76;31913
2;2;77;5142
2;2;78;5564
2;2;79;1876
2;2;80;1875
2;2;81;6272
2;2;82;30238
2;2;83;8327
2;2;84;1826
2;2;85;1751
2;2;86;8414
2;2;87;5550
2;2;88;34841
2;2;89;4755
2;2;90;16607
2;2;91;338
2;2;92;4895
2;2;93;4816
2;2;94;5011
2;2;95;24125
2;2;96;5146
2;2;97;25100
2;2;98;5861
2;2;99;2697
2;2;100;898
2;2;101;5127
2;2;102;4766
2;2;103;5050
2;2;104;5052
2;2;105;4903
2;2;106;31548
2;2;107;32285
2;2;108;15825
2;2;109;0
2;2;110;7774
2;2;111;19000
2;2;112;4234
2;2;113;16132
2;2;114;1040
2;2;115;25745
2;2;116;31151
2;2;117;30812
2;2;118;3308
2;2;119;27137
2;2;120;1085
2;2;121;317
2;2;122;33203
2;2;123;32538
2;2;124;908
2;2;125;907
2;2;126;27189
2;2;127;7370
2;2;128;7372
2;2;129;887
2;2;130;21179
2;2;131;909
2;2;132;969
2;2;133;6129
2;2;134;7373
2;2;135;7365
2;2;136;7371
2;2;137;26248
2;2;138;934
2;2;139;29626
2;2;140;850
2;2;141;808
2;2;142;1069
2;2;143;844
2;2;144;1223
2;2;145;30382
2;2;146;0
1;3;1;23810
1;3;2;5232
1;3;3;892
1;3;4;4907
1;3;5;31658
1;3;6;31661
1;3;7;31663
1;3;8;4749
1;3;9;5038
1;3;10;4981
1;3;11;5804
1;3;12;7104
1;3;13;24078
1;3;14;4977
1;3;15;6887
1;3;16;4751
1;3;17;4956
1;3;18;4994
1;3;19;19987
1;3;20;5729
1;3;21;2353
1;3;22;8410
1;3;23;4958
1;3;24;5005
1;3;25;895
1;3;26;4753
1;3;27;5015
1;3;28;4879
1;3;29;15458
1;3;30;4350
1;3;31;29509
1;3;32;2316
1;3;33;1728
1;3;34;5092
1;3;35;5189
1;3;36;5362
1;3;37;32102
1;3;38;4911
1;3;39;30229
1;3;40;5788
1;3;41;30968
1;3;42;32778
1;3;43;20793
1;3;44;4904
1;3;45;576
1;3;46;21276
1;3;47;21807
1;3;48;5221
1;3;49;31023
1;3;50;33425
1;3;51;20621
1;3;52;3046
1;3;53;21701
1;3;54;25195
1;3;55;2314
1;3;56;2621
1;3;57;22342
1;3;58;32606
1;3;59;30710
1;3;60;29895
1;3;61;6249
1;3;62;1772
1;3;63;17095
1;3;64;6865
1;3;65;1824
1;3;66;5219
1;3;67;33024
1;3;68;8030
1;3;69;5126
1;3;70;6010
1;3;71;33849
1;3;72;1903
1;3;73;795
1;3;74;661
1;3;75;24118
1;3;76;29647
1;3;77;7610
1;3;78;14930
1;3;79;26414
1;3;80;24047
1;3;81;7083
1;3;82;34306
1;3;83;1013
1;3;84;23880
1;3;85;5473
1;3;86;24389
1;3;87;1378
1;3;88;31152
1;3;89;15180
1;3;90;34612
1;3;91;16759
1;3;92;34669
1;3;93;30824
1;3;94;7980
1;3;95;8131
1;3;96;32895
1;3;97;1221
1;3;98;1012
1;3;99;30165
1;3;100;27365
1;3;101;0
1;3;102;0
2;3;1;33666
2;3;2;5215
2;3;3;34288
2;3;4;33104
2;3;5;18967
2;3;6;1669
2;3;7;880
2;3;8;508
2;3;9;817
2;3;10;701
2;3;11;27692
2;3;12;7720
2;3;13;4487
2;3;14;23890
2;3;15;8233
2;3;16;7137
2;3;17;7979
2;3;18;31441
2;3;19;162
2;3;20;30657
2;3;21;7430
2;3;22;4337
2;3;23;33840
2;3;24;25584
2;3;25;2652
2;3;26;1063
2;3;27;33781
2;3;28;1007
2;3;29;31507
2;3;30;7472
2;3;31;17439
2;3;32;9016
2;3;33;30758
2;3;34;33740
2;3;35;31047
2;3;36;29973
2;3;37;6813
2;3;38;23862
2;3;39;25586
2;3;40;7706
2;3;41;32876
2;3;42;33206
2;3;43;572
2;3;44;5229
2;3;45;8234
2;3;46;550
2;3;47;23110
2;3;48;584
2;3;49;7237
2;3;50;4354
2;3;51;6248
2;3;52;622
2;3;53;25262
2;3;54;32735
2;3;55;5264
2;3;56;7730
2;3;57;7011
2;3;58;31188
2;3;59;7316
2;3;60;8201
2;3;61;6955
2;3;62;7314
2;3;63;573
2;3;64;537
2;3;65;1934
2;3;66;562
2;3;67;25920
2;3;68;0
2;3;69;2688
2;3;70;361
2;3;71;33346
2;3;72;28899
2;3;73;7772
2;3;74;28495
2;3;75;2839
2;3;76;34672
2;3;77;1594
2;3;78;4842
2;3;79;358
2;3;80;24043
2;3;81;4782
2;3;82;29032
2;3;83;26836
2;3;84;20215
2;3;85;7492
2;3;86;30026
2;3;87;2500
2;3;88;27965
2;3;89;406
2;3;90;25213
2;3;91;33686
2;3;92;32774
2;3;93;28784
2;3;94;3219
2;3;95;6771
2;3;96;22704
2;3;97;21343
2;3;98;26515
2;3;99;23596
2;3;100;5209
2;3;101;30730
2;3;102;16575
2;3;103;4825
2;3;104;114
2;3;105;15074
2;3;106;1212
2;3;107;32813
2;3;108;4926
2;3;109;34582
2;3;110;4814
2;3;111;5037
2;3;112;26243
2;3;113;18835
2;3;114;27465
2;3;115;25908
2;3;116;30157
2;3;117;34544
2;3;118;1518
2;3;119;4319
2;3;120;883
2;3;121;789
2;3;122;766
2;3;123;6169
2;3;124;6863
2;3;125;2593
2;3;126;29744
2;3;127;28198
2;3;128;4454
2;3;129;1018
2;3;130;0
1;4;1;3223
1;4;2;5202
1;4;3;29921
1;4;4;4992
1;4;5;4988
1;4;6;5407
1;4;7;26079
1;4;8;5010
1;4;9;18
1;4;10;29730
1;4;11;4844
1;4;12;17969
1;4;13;5056
1;4;14;22171
1;4;15;4763
1;4;16;27613
1;4;17;24162
1;4;18;1407
1;4;19;6809
1;4;20;32702
1;4;21;7953
1;4;22;24120
1;4;23;3003
1;4;24;25969
1;4;25;7308
1;4;26;2300
1;4;27;5201
1;4;28;4804
1;4;29;2306
1;4;30;7740
1;4;31;5555
1;4;32;30969
1;4;33;15426
1;4;34;1771
1;4;35;5166
1;4;36;4748
1;4;37;23070
1;4;38;29266
1;4;39;5856
1;4;40;4773
1;4;41;6316
1;4;42;5204
1;4;43;4985
1;4;44;28315
1;4;45;5141
1;4;46;16580
1;4;47;7941
1;4;48;20690
1;4;49;5080
1;4;50;4815
1;4;51;1774
1;4;52;7355
1;4;53;24306
1;4;54;7357
1;4;55;7359
1;4;56;16960
1;4;57;1335
1;4;58;1246
1;4;59;16673
1;4;60;1638
1;4;61;3330
1;4;62;2241
1;4;63;32079
1;4;64;33002
1;4;65;5792
1;4;66;1084
1;4;67;1247
1;4;68;836
1;4;69;28007
1;4;70;34374
1;4;71;31608
1;4;72;557
1;4;73;22825
1;4;74;624
1;4;75;1017
1;4;76;1067
1;4;77;23726
1;4;78;34646
1;4;79;34650
1;4;80;7315
1;4;81;1155
1;4;82;1517
1;4;83;2740
1;4;84;15674
1;4;85;23155
1;4;86;768
1;4;87;26046
1;4;88;33947
1;4;89;7714
1;4;90;6478
1;4;91;1000
1;4;92;574
1;4;93;1174
1;4;94;23391
1;4;95;997
1;4;96;3295
1;4;97;23702
1;4;98;6139
1;4;99;853
1;4;100;4358
1;4;101;20255
1;4;102;6360
1;4;103;33162
1;4;104;1312
1;4;105;0
1;4;106;23728
1;4;107;31461
1;4;108;3205
1;4;109;17201
1;4;110;5787
1;4;111;1663
1;4;112;1181
1;4;113;34878
1;4;114;5636
1;4;115;325
1;4;116;6289
1;4;117;3349
1;4;118;3018
1;4;119;4974
1;4;120;6587
1;4;121;4845
1;4;122;33532
1;4;123;8418
1;4;124;5139
1;4;125;1188
1;4;126;15911
1;4;127;7753
1;4;128;27700
1;4;129;1602
1;4;130;1015
1;4;131;8363
1;4;132;1064
1;4;133;1065
1;4;134;881
1;4;135;7747
1;4;136;0
2;4;1;29175
2;4;2;839
2;4;3;31183
2;4;4;936
2;4;5;22751
2;4;6;34814
2;4;7;4201
2;4;8;29342
2;4;9;24882
2;4;10;6828
2;4;11;2456
2;4;12;3348
2;4;13;5882
2;4;14;26070
2;4;15;804
2;4;16;15265
2;4;17;3357
2;4;18;33985
2;4;19;30089
2;4;20;32864
2;4;21;1280
2;4;22;16326
2;4;23;31136
2;4;24;25082
2;4;25;1957
2;4;26;205
2;4;27;204
2;4;28;203
2;4;29;29204
2;4;30;6912
2;4;31;30242
2;4;32;33954
2;4;33;4367
2;4;34;24322
2;4;35;20457
2;4;36;20453
2;4;37;23852
2;4;38;8331
2;4;39;891
2;4;40;34050
2;4;41;24046
2;4;42;24044
2;4;43;1264
2;4;44;785
2;4;45;1254
2;4;46;32973
2;4;47;1334
2;4;48;3134
2;4;49;17541
2;4;50;1066
2;4;51;1255
2;4;52;24358
2;4;53;1083
2;4;54;751
2;4;55;2714
2;4;56;20419
2;4;57;1211
2;4;58;933
2;4;59;4618
2;4;60;851
2;4;61;1506
2;4;62;34366
2;4;63;1273
2;4;64;2939
2;4;65;26706
2;4;66;33926
2;4;67;30365
2;4;68;24295
2;4;69;26862
2;4;70;1278
2;4;71;31961
2;4;72;5793
2;4;73;7814
2;4;74;32560
2;4;75;875
2;4;76;4986
2;4;77;0
2;4;78;33236
2;4;79;5226
2;4;80;34762
2;4;81;32109
2;4;82;7424
2;4;83;960
2;4;84;8188
2;4;85;16093
2;4;86;17665
2;4;87;642
2;4;88;20412
2;4;89;7505
2;4;90;21094
2;4;91;22483
2;4;92;33996
2;4;93;2741
2;4;94;1522
2;4;95;7009
2;4;96;7646
2;4;97;17379
2;4;98;32168
2;4;99;8033
2;4;100;33827
2;4;101;697
2;4;102;1272
2;4;103;1332
2;4;104;31156
2;4;105;2516
2;4;106;1268
2;4;107;5036
2;4;108;1256
2;4;109;5679
2;4;110;24461
2;4;111;20963
2;4;112;31900
2;4;113;24294
2;4;114;31904
2;4;115;22147
2;4;116;29246
2;4;117;256
2;4;118;21297
2;4;119;30383
2;4;120;29839
2;4;121;22771
2;4;122;26265
2;4;123;6527
2;4;124;4333
2;4;125;26373
2;4;126;4328
2;4;127;4357
2;4;128;24822
2;4;129;19441
2;4;130;20844
2;4;131;6270
2;4;132;3209
2;4;133;6181
2;4;134;25543
2;4;135;33951
2;4;136;4318
2;4;137;6321
2;4;138;24330
2;4;139;18963
2;4;140;32245
2;4;141;26558
2;4;142;24042
2;4;143;2511
2;4;144;5296
2;4;145;0
1;5;1;33666
1;5;2;31469
1;5;3;2188
1;5;4;2191
1;5;5;19770
1;5;6;950
1;5;7;948
1;5;8;5762
1;5;9;21839
1;5;10;32950
1;5;11;33306
1;5;12;33226
1;5;13;9490
1;5;14;32245
1;5;15;33
1;5;16;17714
1;5;17;27158
1;5;18;30863
1;5;19;31833
1;5;20;31025
1;5;21;1068
1;5;22;778
1;5;23;3141
1;5;24;21300
1;5;25;26401
1;5;26;26190
1;5;27;29885
1;5;28;30149
1;5;29;4779
1;5;30;24705
1;5;31;32096
1;5;32;6260
1;5;33;31588
1;5;34;1241
1;5;35;0
1;5;36;21335
1;5;37;972
1;5;38;996
1;5;39;5878
1;5;40;23955
1;5;41;935
1;5;42;4088
1;5;43;1584
1;5;44;3333
1;5;45;7133
1;5;46;33904
1;5;47;20533
1;5;48;31801
1;5;49;859
1;5;50;4736
1;5;51;1599
1;5;52;1230
1;5;53;1331
1;5;54;753
1;5;55;28022
1;5;56;34684
1;5;57;8316
1;5;58;32681
1;5;59;5553
1;5;60;6895
1;5;61;1228
1;5;62;143
1;5;63;27958
1;5;64;14927
1;5;65;16067
1;5;66;17733
1;5;67;27561
1;5;68;33513
1;5;69;15031
1;5;70;28985
1;5;71;8942
1;5;72;6759
1;5;73;7867
1;5;74;932
1;5;75;6255
1;5;76;21147
1;5;77;33991
1;5;78;8492
1;5;79;2840
1;5;80;28367
1;5;81;21589
1;5;82;18996
1;5;83;651
1;5;84;5927
1;5;85;6378
1;5;86;8699
1;5;87;5532
1;5;88;34111
1;5;89;5773
1;5;90;31750
1;5;91;23590
1;5;92;34343
1;5;93;30440
1;5;94;26317
1;5;95;31517
1;5;96;17957
1;5;97;4576
1;5;98;33071
1;5;99;121
1;5;100;29892
1;5;101;8983
1;5;102;6322
1;5;103;34611
1;5;104;6428
1;5;105;2346
1;5;106;29398
1;5;107;29399
1;5;108;0
2;5;1;363
2;5;2;2836
2;5;3;25188
2;5;4;32809
2;5;5;28082
2;5;6;4852
2;5;7;5131
2;5;8;31658
2;5;9;31661
2;5;10;6503
2;5;11;5542
2;5;12;32823
2;5;13;31663
2;5;14;8361
2;5;15;4524
2;5;16;31485
2;5;17;1139
2;5;18;6094
2;5;19;28546
2;5;20;3115
2;5;21;30199
2;5;22;597
2;5;23;644
2;5;24;34389
2;5;25;28043
2;5;26;943
2;5;27;4340
2;5;28;2340
2;5;29;15093
2;5;30;2524
2;5;31;1200
2;5;32;24257
2;5;33;993
2;5;34;5576
2;5;35;33953
2;5;36;19950
2;5;37;981
2;5;38;4953
2;5;39;32746
2;5;40;5908
2;5;41;32952
2;5;42;28987
2;5;43;8669
2;5;44;24119
2;5;45;964
2;5;46;951
2;5;47;25743
2;5;48;7205
2;5;49;23982
2;5;50;1005
2;5;51;4721
2;5;52;952
2;5;53;944
2;5;54;940
2;5;55;23988
2;5;56;8369
2;5;57;31051
2;5;58;29931
2;5;59;947
2;5;60;890
2;5;61;23876
2;5;62;958
2;5;63;959
2;5;64;3329
2;5;65;27934
2;5;66;27932
2;5;67;33318
2;5;68;25649
2;5;69;946
2;5;70;33839
2;5;71;29943
2;5;72;34197
2;5;73;30352
2;5;74;30160
2;5;75;30186
2;5;76;30351
2;5;77;30243
2;5;78;30218
2;5;79;34825
2;5;80;30190
2;5;81;33003
2;5;82;32949
2;5;83;31189
2;5;84;30934
2;5;85;942
2;5;86;962
2;5;87;941
2;5;88;18715
2;5;89;696
2;5;90;29911
2;5;91;5298
2;5;92;31905
2;5;93;0
2;5;94;0
