1;1;1;4858
1;1;2;29175
1;1;3;30164
1;1;4;1669
1;1;5;32109
1;1;6;23955
1;1;7;21094
1;1;8;2741
1;1;9;1522
1;1;10;7646
1;1;11;8233
1;1;12;8269
1;1;13;25341
1;1;14;5970
1;1;15;7137
1;1;16;31441
1;1;17;8497
1;1;18;1332
1;1;19;31156
1;1;20;1268
1;1;21;5036
1;1;22;29893
1;1;23;1083
1;1;24;751
1;1;25;26401
1;1;26;29885
1;1;27;28007
1;1;28;1247
1;1;29;16673
1;1;30;33002
1;1;31;2241
1;1;32;32079
1;1;33;1246
1;1;34;997
1;1;35;1174
1;1;36;1007
1;1;37;572
1;1;38;15674
1;1;39;550
1;1;40;7314
1;1;41;26046
1;1;42;1517
1;1;43;1155
1;1;44;7730
1;1;45;5264
1;1;46;1067
1;1;47;1017
1;1;48;23726
1;1;49;34650
1;1;50;34646
1;1;51;7477
1;1;52;8201
1;1;53;7316
1;1;54;571
1;1;55;23391
1;1;56;33840
1;1;57;4337
1;1;58;7430
1;1;59;3295
1;1;60;24322
1;1;61;203
1;1;62;205
1;1;63;2094
1;1;64;22771
1;1;65;29839
1;1;66;30383
1;1;67;18009
1;1;68;1255
1;1;69;804
1;1;70;1069
1;1;71;1085
1;1;72;934
1;1;73;27137
1;1;74;29626
1;1;75;850
1;1;76;808
1;1;77;3308
1;1;78;0
1;1;79;0
2;1;1;4734
2;1;2;31663
2;1;3;31658
2;1;4;31661
2;1;5;4907
2;1;6;892
2;1;7;6587
2;1;8;2091
2;1;9;27327
2;1;10;795
2;1;11;7814
2;1;12;24306
2;1;13;26248
2;1;14;7371
2;1;15;7370
2;1;16;7355
2;1;17;7373
2;1;18;7372
2;1;19;7357
2;1;20;7359
2;1;21;7365
2;1;22;1774
2;1;23;30872
2;1;24;5053
2;1;25;4631
2;1;26;21967
2;1;27;4746
2;1;28;5063
2;1;29;4950
2;1;30;603
2;1;31;19836
2;1;32;31267
2;1;33;4767
2;1;34;3140
2;1;35;4829
2;1;36;5205
2;1;37;4823
2;1;38;4949
2;1;39;4774
2;1;40;6340
2;1;41;7617
2;1;42;24021
2;1;43;34762
2;1;44;0
2;1;45;33236
2;1;46;33666
2;1;47;31461
2;1;48;29921
2;1;49;4748
2;1;50;7740
2;1;51;6888
2;1;52;2306
2;1;53;1764
2;1;54;1745
2;1;55;1734
2;1;56;15142
2;1;57;2707
2;1;58;4797
2;1;59;26054
2;1;60;2621
2;1;61;576
2;1;62;20621
2;1;63;33425
2;1;64;31023
2;1;65;5221
2;1;66;5788
2;1;67;30968
2;1;68;32778
2;1;69;20793
2;1;70;4904
2;1;71;1772
2;1;72;6865
2;1;73;17095
2;1;74;5092
2;1;75;5362
2;1;76;4958
2;1;77;34910
2;1;78;26079
2;1;79;18
2;1;80;29730
2;1;81;4844
2;1;82;17969
2;1;83;1407
2;1;84;6809
2;1;85;1732
2;1;86;5017
2;1;87;6224
2;1;88;4763
2;1;89;5056
2;1;90;4875
2;1;91;6217
2;1;92;2539
2;1;93;6925
2;1;94;34739
2;1;95;5009
2;1;96;31279
2;1;97;4780
2;1;98;7953
2;1;99;4884
2;1;100;7211
2;1;101;5888
2;1;102;32702
2;1;103;31898
2;1;104;28819
2;1;105;24120
2;1;106;5012
2;1;107;122
2;1;108;7308
2;1;109;30710
2;1;110;2314
2;1;111;25195
2;1;112;21701
2;1;113;3046
2;1;114;21276
2;1;115;21807
2;1;116;29895
2;1;117;32606
2;1;118;6249
2;1;119;22342
2;1;120;15426
2;1;121;1824
2;1;122;3205
2;1;123;17201
2;1;124;5202
2;1;125;23728
2;1;126;0
1;2;1;4524
1;2;2;24528
1;2;3;2188
1;2;4;2191
1;2;5;767
1;2;6;32562
1;2;7;25248
1;2;8;552
1;2;9;24163
1;2;10;27934
1;2;11;843
1;2;12;1640
1;2;13;945
1;2;14;16472
1;2;15;22341
1;2;16;865
1;2;17;27932
1;2;18;18716
1;2;19;28546
1;2;20;24164
1;2;21;5185
1;2;22;846
1;2;23;949
1;2;24;23862
1;2;25;4881
1;2;26;33306
1;2;27;33226
1;2;28;9490
1;2;29;8444
1;2;30;32245
1;2;31;33
1;2;32;23590
1;2;33;33951
1;2;34;25543
1;2;35;1605
1;2;36;15958
1;2;37;23160
1;2;38;16661
1;2;39;23456
1;2;40;4153
1;2;41;18283
1;2;42;1178
1;2;43;0
1;2;44;23810
1;2;45;5232
1;2;46;26241
1;2;47;4935
1;2;48;3292
1;2;49;2682
1;2;50;4910
1;2;51;2949
1;2;52;4987
1;2;53;6286
1;2;54;4750
1;2;55;4992
1;2;56;4988
1;2;57;5929
1;2;58;5097
1;2;59;8244
1;2;60;5128
1;2;61;4956
1;2;62;6887
1;2;63;4977
1;2;64;24078
1;2;65;5856
1;2;66;4773
1;2;67;6316
1;2;68;5141
1;2;69;5204
1;2;70;4985
1;2;71;28315
1;2;72;5111
1;2;73;4831
1;2;74;32568
1;2;75;22296
1;2;76;4775
1;2;77;19546
1;2;78;1625
1;2;79;15272
1;2;80;20231
1;2;81;8368
1;2;82;30809
1;2;83;33849
1;2;84;20690
1;2;85;16580
1;2;86;7941
1;2;87;7161
1;2;88;4974
1;2;89;8361
1;2;90;1585
1;2;91;4235
1;2;92;2100
1;2;93;7309
1;2;94;18872
1;2;95;33532
1;2;96;8418
1;2;97;1303
1;2;98;747
1;2;99;811
1;2;100;935
1;2;101;20533
1;2;102;766
1;2;103;6169
1;2;104;6863
1;2;105;2593
1;2;106;29744
1;2;107;28198
1;2;108;4454
1;2;109;1018
1;2;110;34504
1;2;111;1590
1;2;112;3045
1;2;113;2714
1;2;114;20419
1;2;115;4618
1;2;116;34366
1;2;117;1273
1;2;118;2939
1;2;119;26706
1;2;120;24295
1;2;121;31961
1;2;122;5793
1;2;123;23037
1;2;124;8033
1;2;125;835
1;2;126;7374
1;2;127;22483
1;2;128;4487
1;2;129;7505
1;2;130;508
1;2;131;20412
1;2;132;642
1;2;133;7070
1;2;134;1731
1;2;135;17665
1;2;136;16093
1;2;137;24047
1;2;138;25908
1;2;139;27465
1;2;140;26414
1;2;141;14930
1;2;142;18835
1;2;143;26243
1;2;144;29647
1;2;145;7610
1;2;146;0
2;2;1;2836
2;2;2;2688
2;2;3;4801
2;2;4;6395
2;2;5;8319
2;2;6;15487
2;2;7;5190
2;2;8;5152
2;2;9;5571
2;2;10;4608
2;2;11;5107
2;2;12;5170
2;2;13;5983
2;2;14;2334
2;2;15;19087
2;2;16;6359
2;2;17;4991
2;2;18;19377
2;2;19;5116
2;2;20;28289
2;2;21;5055
2;2;22;4740
2;2;23;1758
2;2;24;5407
2;2;25;5189
2;2;26;1728
2;2;27;4911
2;2;28;32102
2;2;29;30229
2;2;30;32601
2;2;31;2698
2;2;32;1895
2;2;33;5049
2;2;34;4896
2;2;35;7300
2;2;36;1760
2;2;37;4838
2;2;38;19697
2;2;39;25678
2;2;40;5351
2;2;41;15825
2;2;42;32285
2;2;43;31548
2;2;44;4903
2;2;45;5052
2;2;46;5050
2;2;47;5127
2;2;48;6603
2;2;49;7541
2;2;50;4783
2;2;51;1739
2;2;52;4766
2;2;53;5178
2;2;54;2697
2;2;55;898
2;2;56;5861
2;2;57;24125
2;2;58;25100
2;2;59;5146
2;2;60;5011
2;2;61;4895
2;2;62;4816
2;2;63;30238
2;2;64;6272
2;2;65;1875
2;2;66;1876
2;2;67;5142
2;2;68;6144
2;2;69;5082
2;2;70;31913
2;2;71;5564
2;2;72;338
2;2;73;16607
2;2;74;8327
2;2;75;34841
2;2;76;4755
2;2;77;1826
2;2;78;5550
2;2;79;1751
2;2;80;8414
2;2;81;32559
2;2;82;34121
2;2;83;5039
2;2;84;7480
2;2;85;1959
2;2;86;6147
2;2;87;17907
2;2;88;4934
2;2;89;4752
2;2;90;34219
2;2;91;15760
2;2;92;0
2;2;93;2699
2;2;94;6498
2;2;95;4579
2;2;96;1726
2;2;97;15767
2;2;98;22184
2;2;99;24043
2;2;100;28784
2;2;101;2500
2;2;102;22704
2;2;103;20215
2;2;104;5209
2;2;105;27965
2;2;106;28516
2;2;107;16575
2;2;108;1212
2;2;109;406
2;2;110;3219
2;2;111;32774
2;2;112;30026
2;2;113;26515
2;2;114;16908
2;2;115;26836
2;2;116;25213
2;2;117;33686
2;2;118;23596
2;2;119;6771
2;2;120;16919
2;2;121;7492
2;2;122;4782
2;2;123;30730
2;2;124;114
2;2;125;15074
2;2;126;29032
2;2;127;21343
2;2;128;4825
2;2;129;34582
2;2;130;19000
2;2;131;15911
2;2;132;27700
2;2;133;30812
2;2;134;6828
2;2;135;5882
2;2;136;23922
2;2;137;7097
2;2;138;697
2;2;139;1272
2;2;140;1278
2;2;141;16326
2;2;142;31136
2;2;143;29246
2;2;144;256
2;2;145;15168
2;2;146;1924
2;2;147;24449
2;2;148;688
2;2;149;4357
2;2;150;1189
2;2;151;31833
2;2;152;17957
2;2;153;31517
2;2;154;30863
2;2;155;27158
2;2;156;17714
2;2;157;8435
2;2;158;8699
2;2;159;6064
2;2;160;32386
2;2;161;577
2;2;162;5532
2;2;163;34111
2;2;164;31750
2;2;165;5794
2;2;166;14927
2;2;167;5297
2;2;168;18720
2;2;169;33070
2;2;170;32711
2;2;171;1603
2;2;172;836
2;2;173;19473
2;2;174;730
2;2;175;909
2;2;176;6129
2;2;177;969
2;2;178;21179
2;2;179;887
2;2;180;875
2;2;181;0
1;3;1;31020
1;3;2;358
1;3;3;3223
1;3;4;25188
1;3;5;5038
1;3;6;4981
1;3;7;820
1;3;8;5114
1;3;9;4857
1;3;10;4824
1;3;11;29035
1;3;12;5140
1;3;13;5109
1;3;14;19155
1;3;15;5061
1;3;16;5144
1;3;17;5058
1;3;18;28125
1;3;19;8412
1;3;20;5832
1;3;21;29250
1;3;22;4772
1;3;23;4957
1;3;24;5176
1;3;25;5175
1;3;26;4945
1;3;27;5239
1;3;28;4955
1;3;29;30528
1;3;30;5105
1;3;31;1601
1;3;32;5048
1;3;33;2832
1;3;34;6010
1;3;35;31485
1;3;36;1139
1;3;37;6094
1;3;38;30199
1;3;39;597
1;3;40;644
1;3;41;951
1;3;42;940
1;3;43;31189
1;3;44;32949
1;3;45;34825
1;3;46;30351
1;3;47;30186
1;3;48;30160
1;3;49;30352
1;3;50;29943
1;3;51;34197
1;3;52;30243
1;3;53;30218
1;3;54;30190
1;3;55;33003
1;3;56;23988
1;3;57;8369
1;3;58;31051
1;3;59;29931
1;3;60;4576
1;3;61;121
1;3;62;29892
1;3;63;33071
1;3;64;8983
1;3;65;6322
1;3;66;32245
1;3;67;23086
1;3;68;19168
1;3;69;6274
1;3;70;4359
1;3;71;30075
1;3;72;3197
1;3;73;395
1;3;74;25704
1;3;75;32370
1;3;76;32261
1;3;77;5773
1;3;78;26317
1;3;79;24822
1;3;80;31025
1;3;81;1337
1;3;82;882
1;3;83;1041
1;3;84;778
1;3;85;3141
1;3;86;29204
1;3;87;6912
1;3;88;4367
1;3;89;33954
1;3;90;30242
1;3;91;25082
1;3;92;1957
1;3;93;22147
1;3;94;30089
1;3;95;733
1;3;96;27365
1;3;97;30165
1;3;98;1012
1;3;99;8131
1;3;100;32895
1;3;101;1221
1;3;102;31323
1;3;103;5473
1;3;104;23880
1;3;105;23990
1;3;106;1013
1;3;107;34306
1;3;108;7083
1;3;109;1584
1;3;110;3333
1;3;111;7133
1;3;112;4319
1;3;113;1518
1;3;114;34544
1;3;115;30157
1;3;116;0
1;3;117;31663
1;3;118;31661
1;3;119;32823
1;3;120;31658
1;3;121;6503
1;3;122;4851
1;3;123;34458
1;3;124;32889
1;3;125;28825
1;3;126;2627
1;3;127;6315
1;3;128;2184
1;3;129;3018
1;3;130;7104
1;3;131;8413
1;3;132;5636
1;3;133;1181
1;3;134;1663
1;3;135;5219
1;3;136;31679
1;3;137;30370
1;3;138;4796
1;3;139;20010
1;3;140;5093
1;3;141;1888
1;3;142;25860
1;3;143;30875
1;3;144;1995
1;3;145;17262
1;3;146;0
2;3;1;33666
2;3;2;8202
2;3;3;24180
2;3;4;449
2;3;5;620
2;3;6;28061
2;3;7;2259
2;3;8;7040
2;3;9;32127
2;3;10;23795
2;3;11;15631
2;3;12;5303
2;3;13;1720
2;3;14;34593
2;3;15;2212
2;3;16;7437
2;3;17;33976
2;3;18;30411
2;3;19;2862
2;3;20;8290
2;3;21;27124
2;3;22;30814
2;3;23;538
2;3;24;34199
2;3;25;7618
2;3;26;7072
2;3;27;30815
2;3;28;1324
2;3;29;526
2;3;30;25776
2;3;31;5229
2;3;32;8234
2;3;33;574
2;3;34;141
2;3;35;33781
2;3;36;25584
2;3;37;2652
2;3;38;1063
2;3;39;7472
2;3;40;7706
2;3;41;25586
2;3;42;19770
2;3;43;948
2;3;44;950
2;3;45;5762
2;3;46;21839
2;3;47;6813
2;3;48;947
2;3;49;958
2;3;50;23876
2;3;51;959
2;3;52;890
2;3;53;0
2;3;54;32813
2;3;55;4926
2;3;56;4814
2;3;57;5037
2;3;58;5139
2;3;59;18967
2;3;60;27100
2;3;61;701
2;3;62;817
2;3;63;7720
2;3;64;29087
2;3;65;34486
2;3;66;7979
2;3;67;26070
2;3;68;15265
2;3;69;3357
2;3;70;24358
2;3;71;1267
2;3;72;21300
2;3;73;18006
2;3;74;8331
2;3;75;26265
2;3;76;6527
2;3;77;4333
2;3;78;26373
2;3;79;4328
2;3;80;31507
2;3;81;584
2;3;82;23110
2;3;83;622
2;3;84;25262
2;3;85;4354
2;3;86;6248
2;3;87;7237
2;3;88;2740
2;3;89;32735
2;3;90;7315
2;3;91;31188
2;3;92;7011
2;3;93;22825
2;3;94;624
2;3;95;557
2;3;96;31608
2;3;97;34374
2;3;98;853
2;3;99;4358
2;3;100;6139
2;3;101;31904
2;3;102;24461
2;3;103;20963
2;3;104;24294
2;3;105;31900
2;3;106;5679
2;3;107;1256
2;3;108;3134
2;3;109;891
2;3;110;34050
2;3;111;1334
2;3;112;1254
2;3;113;17541
2;3;114;785
2;3;115;1264
2;3;116;24046
2;3;117;24044
2;3;118;32973
2;3;119;32864
2;3;120;1066
2;3;121;2728
2;3;122;5791
2;3;123;33985
2;3;124;2516
2;3;125;18887
2;3;126;4779
2;3;127;23106
2;3;128;1336
2;3;129;22253
2;3;130;868
2;3;131;789
2;3;132;883
2;3;133;812
2;3;134;33996
2;3;135;956
2;3;136;7009
2;3;137;23890
2;3;138;17379
2;3;139;18837
2;3;140;3348
2;3;141;2456
2;3;142;936
2;3;143;22751
2;3;144;4201
2;3;145;29342
2;3;146;34814
2;3;147;31183
2;3;148;839
2;3;149;7753
2;3;150;1188
2;3;151;972
2;3;152;0
1;4;1;33236
1;4;2;1594
1;4;3;2839
1;4;4;28495
1;4;5;4842
1;4;6;34672
1;4;7;361
1;4;8;363
1;4;9;5226
1;4;10;4986
1;4;11;1374
1;4;12;4845
1;4;13;6587
1;4;14;4800
1;4;15;2680
1;4;16;20512
1;4;17;4749
1;4;18;1903
1;4;19;5804
1;4;20;3349
1;4;21;5126
1;4;22;8030
1;4;23;34878
1;4;24;5787
1;4;25;29266
1;4;26;19987
1;4;27;5729
1;4;28;4994
1;4;29;2353
1;4;30;8410
1;4;31;5010
1;4;32;18
1;4;33;5004
1;4;34;22171
1;4;35;5018
1;4;36;4978
1;4;37;4763
1;4;38;5006
1;4;39;27613
1;4;40;24162
1;4;41;29509
1;4;42;2316
1;4;43;4753
1;4;44;895
1;4;45;4879
1;4;46;15458
1;4;47;4350
1;4;48;5015
1;4;49;5005
1;4;50;5224
1;4;51;26079
1;4;52;5339
1;4;53;15940
1;4;54;4798
1;4;55;34679
1;4;56;7953
1;4;57;4969
1;4;58;24120
1;4;59;3003
1;4;60;8141
1;4;61;1727
1;4;62;1805
1;4;63;7740
1;4;64;1755
1;4;65;2306
1;4;66;2757
1;4;67;5555
1;4;68;30969
1;4;69;5201
1;4;70;4804
1;4;71;2300
1;4;72;7308
1;4;73;4970
1;4;74;6136
1;4;75;16697
1;4;76;26064
1;4;77;33211
1;4;78;25969
1;4;79;30152
1;4;80;5159
1;4;81;1771
1;4;82;5166
1;4;83;23070
1;4;84;4751
1;4;85;33024
1;4;86;325
1;4;87;6289
1;4;88;8211
1;4;89;5080
1;4;90;4815
1;4;91;32538
1;4;92;908
1;4;93;907
1;4;94;27189
1;4;95;7355
1;4;96;7357
1;4;97;24306
1;4;98;7359
1;4;99;16960
1;4;100;32560
1;4;101;33203
1;4;102;317
1;4;103;0
1;4;104;0
2;4;1;23728
2;4;2;32946
2;4;3;562
2;4;4;30375
2;4;5;5682
2;4;6;573
2;4;7;26046
2;4;8;6955
2;4;9;23155
2;4;10;32300
2;4;11;1583
2;4;12;15674
2;4;13;19375
2;4;14;33206
2;4;15;32876
2;4;16;34650
2;4;17;34646
2;4;18;23726
2;4;19;1213
2;4;20;7791
2;4;21;783
2;4;22;30657
2;4;23;31483
2;4;24;162
2;4;25;32168
2;4;26;7646
2;4;27;27692
2;4;28;34424
2;4;29;21094
2;4;30;4088
2;4;31;33904
2;4;32;8971
2;4;33;29975
2;4;34;2483
2;4;35;3330
2;4;36;32079
2;4;37;1638
2;4;38;5792
2;4;39;1084
2;4;40;15945
2;4;41;1247
2;4;42;1246
2;4;43;28007
2;4;44;30149
2;4;45;26190
2;4;46;30825
2;4;47;31156
2;4;48;851
2;4;49;6654
2;4;50;1268
2;4;51;5036
2;4;52;1255
2;4;53;1280
2;4;54;25465
2;4;55;1269
2;4;56;23852
2;4;57;20457
2;4;58;20453
2;4;59;204
2;4;60;205
2;4;61;21297
2;4;62;29839
2;4;63;28517
2;4;64;1068
2;4;65;24229
2;4;66;32245
2;4;67;7184
2;4;68;16062
2;4;69;0
2;4;70;21335
2;4;71;28899
2;4;72;7772
2;4;73;1854
2;4;74;7774
2;4;75;34762
2;4;76;34288
2;4;77;661
2;4;78;34909
2;4;79;919
2;4;80;5878
2;4;81;996
2;4;82;24118
2;4;83;33104
2;4;84;4234
2;4;85;7747
2;4;86;8363
2;4;87;1065
2;4;88;881
2;4;89;1064
2;4;90;1015
2;4;91;1602
2;4;92;31151
2;4;93;16132
2;4;94;25745
2;4;95;1040
2;4;96;34669
2;4;97;30824
2;4;98;16759
2;4;99;7980
2;4;100;34612
2;4;101;15180
2;4;102;31152
2;4;103;32109
2;4;104;7424
2;4;105;960
2;4;106;8188
2;4;107;8584
2;4;108;8272
2;4;109;7694
2;4;110;20328
2;4;111;2741
2;4;112;32694
2;4;113;1043
2;4;114;7709
2;4;115;0
1;5;1;8607
1;5;2;31469
1;5;3;2188
1;5;4;2191
1;5;5;25920
1;5;6;1934
1;5;7;33947
1;5;8;537
1;5;9;768
1;5;10;7714
1;5;11;6478
1;5;12;1000
1;5;13;23702
1;5;14;20255
1;5;15;6360
1;5;16;33162
1;5;17;1312
1;5;18;26862
1;5;19;33926
1;5;20;30365
1;5;21;1211
1;5;22;933
1;5;23;1506
1;5;24;24705
1;5;25;31588
1;5;26;32096
1;5;27;6260
1;5;28;1241
1;5;29;4736
1;5;30;1599
1;5;31;1230
1;5;32;859
1;5;33;31801
1;5;34;24389
1;5;35;880
1;5;36;1378
1;5;37;8365
1;5;38;6168
1;5;39;32809
1;5;40;28082
1;5;41;4852
1;5;42;5131
1;5;43;31663
1;5;44;5542
1;5;45;31661
1;5;46;31658
1;5;47;0
1;5;48;33666
1;5;49;5215
1;5;50;4878
1;5;51;24882
1;5;52;844
1;5;53;30382
1;5;54;1223
1;5;55;930
1;5;56;33827
1;5;57;1335
1;5;58;8333
1;5;59;3322
1;5;60;28702
1;5;61;5344
1;5;62;885
1;5;63;1179
1;5;64;23621
1;5;65;1331
1;5;66;753
1;5;67;28022
1;5;68;34684
1;5;69;32681
1;5;70;8316
1;5;71;5553
1;5;72;6895
1;5;73;1228
1;5;74;143
1;5;75;27958
1;5;76;14927
1;5;77;16067
1;5;78;17733
1;5;79;6181
1;5;80;20844
1;5;81;3209
1;5;82;6270
1;5;83;19441
1;5;84;34343
1;5;85;30440
1;5;86;6321
1;5;87;4318
1;5;88;24330
1;5;89;18963
1;5;90;27561
1;5;91;31750
1;5;92;29398
1;5;93;29399
1;5;94;6378
1;5;95;8942
1;5;96;2840
1;5;97;6759
1;5;98;8492
1;5;99;33991
1;5;100;21147
1;5;101;6255
1;5;102;7867
1;5;103;932
1;5;104;0
2;5;1;33346
2;5;2;31027
2;5;3;27932
2;5;4;33318
2;5;5;25649
2;5;6;946
2;5;7;33839
2;5;8;27934
2;5;9;3329
2;5;10;8409
2;5;11;25505
2;5;12;28546
2;5;13;3115
2;5;14;8669
2;5;15;28987
2;5;16;32952
2;5;17;4340
2;5;18;2340
2;5;19;15093
2;5;20;24257
2;5;21;1200
2;5;22;2524
2;5;23;34389
2;5;24;17439
2;5;25;30758
2;5;26;9016
2;5;27;33740
2;5;28;29973
2;5;29;31047
2;5;30;5908
2;5;31;32746
2;5;32;4953
2;5;33;19950
2;5;34;5576
2;5;35;993
2;5;36;33953
2;5;37;981
2;5;38;943
2;5;39;28043
2;5;40;964
2;5;41;24119
2;5;42;25743
2;5;43;23982
2;5;44;7205
2;5;45;1005
2;5;46;4721
2;5;47;952
2;5;48;944
2;5;49;30934
2;5;50;942
2;5;51;941
2;5;52;962
2;5;53;18715
2;5;54;696
2;5;55;29911
2;5;56;5298
2;5;57;31905
2;5;58;810
2;5;59;809
2;5;60;21064
2;5;61;4334
2;5;62;1566
2;5;63;3238
2;5;64;1184
2;5;65;1010
2;5;66;1526
2;5;67;34331
2;5;68;24590
2;5;69;984
2;5;70;26763
2;5;71;32950
2;5;72;1008
2;5;73;927
2;5;74;32985
2;5;75;658
2;5;76;33226
2;5;77;33306
2;5;78;29598
2;5;79;32776
2;5;80;19186
2;5;81;7226
2;5;82;28367
2;5;83;21589
2;5;84;18996
2;5;85;651
2;5;86;5927
2;5;87;28985
2;5;88;15031
2;5;89;33513
2;5;90;26558
2;5;91;24042
2;5;92;5296
2;5;93;2511
2;5;94;2346
2;5;95;34611
2;5;96;6428
2;5;97;33
2;5;98;32245
2;5;99;0
2;5;100;0
