1;1;1;33236
1;1;2;32813
1;1;3;34582
1;1;4;5139
1;1;5;32109
1;1;6;7424
1;1;7;960
1;1;8;508
1;1;9;22483
1;1;10;7646
1;1;11;34486
1;1;12;32168
1;1;13;8497
1;1;14;1272
1;1;15;1332
1;1;16;31156
1;1;17;26190
1;1;18;1247
1;1;19;16673
1;1;20;5792
1;1;21;33002
1;1;22;3330
1;1;23;32079
1;1;24;2241
1;1;25;1084
1;1;26;1246
1;1;27;28007
1;1;28;2516
1;1;29;5036
1;1;30;1268
1;1;31;25465
1;1;32;18009
1;1;33;18006
1;1;34;29839
1;1;35;21297
1;1;36;205
1;1;37;204
1;1;38;1269
1;1;39;8331
1;1;40;1255
1;1;41;997
1;1;42;23391
1;1;43;33840
1;1;44;1174
1;1;45;1007
1;1;46;15674
1;1;47;572
1;1;48;6478
1;1;49;7714
1;1;50;768
1;1;51;573
1;1;52;537
1;1;53;7314
1;1;54;26046
1;1;55;33947
1;1;56;6955
1;1;57;7316
1;1;58;8201
1;1;59;7477
1;1;60;34650
1;1;61;34646
1;1;62;23726
1;1;63;1067
1;1;64;1017
1;1;65;624
1;1;66;4337
1;1;67;1213
1;1;68;7791
1;1;69;783
1;1;70;7430
1;1;71;30657
1;1;72;31483
1;1;73;1069
1;1;74;934
1;1;75;850
1;1;76;808
1;1;77;27137
1;1;78;29626
1;1;79;881
1;1;80;1065
1;1;81;1015
1;1;82;8363
1;1;83;1064
1;1;84;0
1;1;85;0
2;1;1;33346
2;1;2;1854
2;1;3;31020
2;1;4;31663
2;1;5;31658
2;1;6;31661
2;1;7;4852
2;1;8;5131
2;1;9;4851
2;1;10;28082
2;1;11;32809
2;1;12;892
2;1;13;8418
2;1;14;6587
2;1;15;4845
2;1;16;18872
2;1;17;1585
2;1;18;2100
2;1;19;4235
2;1;20;7309
2;1;21;7359
2;1;22;24306
2;1;23;7371
2;1;24;7355
2;1;25;7357
2;1;26;26248
2;1;27;7373
2;1;28;16960
2;1;29;7365
2;1;30;7814
2;1;31;32560
2;1;32;30872
2;1;33;5053
2;1;34;4631
2;1;35;27327
2;1;36;603
2;1;37;4950
2;1;38;4746
2;1;39;19836
2;1;40;5063
2;1;41;21967
2;1;42;3140
2;1;43;4767
2;1;44;31267
2;1;45;4829
2;1;46;5205
2;1;47;4823
2;1;48;4949
2;1;49;4774
2;1;50;7617
2;1;51;6340
2;1;52;1374
2;1;53;34762
2;1;54;4878
2;1;55;24118
2;1;56;1602
2;1;57;31151
2;1;58;34669
2;1;59;16759
2;1;60;30824
2;1;61;7980
2;1;62;34612
2;1;63;15180
2;1;64;31152
2;1;65;8584
2;1;66;8272
2;1;67;32694
2;1;68;7694
2;1;69;2741
2;1;70;21094
2;1;71;0
2;1;72;23728
2;1;73;33666
2;1;74;31461
2;1;75;29921
2;1;76;4994
2;1;77;19987
2;1;78;5729
2;1;79;2353
2;1;80;8410
2;1;81;18
2;1;82;29730
2;1;83;5056
2;1;84;22171
2;1;85;5018
2;1;86;1732
2;1;87;4763
2;1;88;24162
2;1;89;6925
2;1;90;4780
2;1;91;34739
2;1;92;32702
2;1;93;7953
2;1;94;4969
2;1;95;31279
2;1;96;28819
2;1;97;24120
2;1;98;3003
2;1;99;31679
2;1;100;1755
2;1;101;1764
2;1;102;1734
2;1;103;6888
2;1;104;2757
2;1;105;5555
2;1;106;15142
2;1;107;1745
2;1;108;1727
2;1;109;2306
2;1;110;7740
2;1;111;30969
2;1;112;4804
2;1;113;5201
2;1;114;2300
2;1;115;7308
2;1;116;25678
2;1;117;32559
2;1;118;4783
2;1;119;1739
2;1;120;7541
2;1;121;6603
2;1;122;5127
2;1;123;5178
2;1;124;26064
2;1;125;6136
2;1;126;16697
2;1;127;21276
2;1;128;21807
2;1;129;5221
2;1;130;31023
2;1;131;33425
2;1;132;20621
2;1;133;30710
2;1;134;32606
2;1;135;6249
2;1;136;2621
2;1;137;22342
2;1;138;6865
2;1;139;15426
2;1;140;5362
2;1;141;4958
2;1;142;5224
2;1;143;34910
2;1;144;26079
2;1;145;5010
2;1;146;17969
2;1;147;1758
2;1;148;5407
2;1;149;4988
2;1;150;4751
2;1;151;33024
2;1;152;6289
2;1;153;3349
2;1;154;5804
2;1;155;20512
2;1;156;2680
2;1;157;0
1;2;1;2191
1;2;2;2188
1;2;3;767
1;2;4;32562
1;2;5;25248
1;2;6;552
1;2;7;27934
1;2;8;945
1;2;9;18716
1;2;10;16472
1;2;11;865
1;2;12;27932
1;2;13;22341
1;2;14;28546
1;2;15;34331
1;2;16;984
1;2;17;32950
1;2;18;33306
1;2;19;33226
1;2;20;9490
1;2;21;8444
1;2;22;33
1;2;23;32245
1;2;24;31750
1;2;25;5794
1;2;26;33951
1;2;27;25543
1;2;28;1605
1;2;29;14927
1;2;30;5297
1;2;31;0
1;2;32;6168
1;2;33;34458
1;2;34;26241
1;2;35;2682
1;2;36;4935
1;2;37;3292
1;2;38;4910
1;2;39;2949
1;2;40;4987
1;2;41;5202
1;2;42;17201
1;2;43;3205
1;2;44;4992
1;2;45;5128
1;2;46;5929
1;2;47;5097
1;2;48;8244
1;2;49;5055
1;2;50;4740
1;2;51;28289
1;2;52;8141
1;2;53;15760
1;2;54;4934
1;2;55;17907
1;2;56;6147
1;2;57;1959
1;2;58;7480
1;2;59;5039
1;2;60;34121
1;2;61;1771
1;2;62;5166
1;2;63;4956
1;2;64;4977
1;2;65;5636
1;2;66;5856
1;2;67;4773
1;2;68;6316
1;2;69;4985
1;2;70;5141
1;2;71;5204
1;2;72;28315
1;2;73;5111
1;2;74;2091
1;2;75;4800
1;2;76;795
1;2;77;29175
1;2;78;7753
1;2;79;25745
1;2;80;1040
1;2;81;16132
1;2;82;1669
1;2;83;27100
1;2;84;5473
1;2;85;23880
1;2;86;20533
1;2;87;766
1;2;88;6169
1;2;89;6863
1;2;90;2593
1;2;91;29744
1;2;92;4454
1;2;93;28198
1;2;94;1018
1;2;95;1603
1;2;96;34504
1;2;97;1590
1;2;98;3045
1;2;99;26401
1;2;100;29885
1;2;101;1506
1;2;102;851
1;2;103;4618
1;2;104;34366
1;2;105;1273
1;2;106;2939
1;2;107;26862
1;2;108;31961
1;2;109;5793
1;2;110;7979
1;2;111;25341
1;2;112;8269
1;2;113;8033
1;2;114;8233
1;2;115;23890
1;2;116;4487
1;2;117;7720
1;2;118;7505
1;2;119;27692
1;2;120;701
1;2;121;817
1;2;122;7070
1;2;123;17665
1;2;124;16093
1;2;125;24047
1;2;126;25908
1;2;127;27465
1;2;128;26414
1;2;129;14930
1;2;130;18835
1;2;131;26243
1;2;132;7610
1;2;133;29647
1;2;134;919
1;2;135;34909
1;2;136;0
2;2;1;7772
2;2;2;2836
2;2;3;25188
2;2;4;3223
2;2;5;4801
2;2;6;6395
2;2;7;8319
2;2;8;5190
2;2;9;4608
2;2;10;5152
2;2;11;5571
2;2;12;5107
2;2;13;5170
2;2;14;4955
2;2;15;5176
2;2;16;4945
2;2;17;5175
2;2;18;5239
2;2;19;19377
2;2;20;5116
2;2;21;6217
2;2;22;31898
2;2;23;7211
2;2;24;5009
2;2;25;4798
2;2;26;34679
2;2;27;5888
2;2;28;15940
2;2;29;5339
2;2;30;4911
2;2;31;32102
2;2;32;30229
2;2;33;5788
2;2;34;30968
2;2;35;32778
2;2;36;20793
2;2;37;4904
2;2;38;4970
2;2;39;5050
2;2;40;4766
2;2;41;898
2;2;42;5861
2;2;43;1876
2;2;44;1875
2;2;45;5142
2;2;46;6144
2;2;47;5082
2;2;48;31913
2;2;49;5564
2;2;50;338
2;2;51;4755
2;2;52;34841
2;2;53;5550
2;2;54;1751
2;2;55;8414
2;2;56;1826
2;2;57;8327
2;2;58;16607
2;2;59;4816
2;2;60;4895
2;2;61;30238
2;2;62;6272
2;2;63;5011
2;2;64;25100
2;2;65;24125
2;2;66;5146
2;2;67;2697
2;2;68;5052
2;2;69;4903
2;2;70;31548
2;2;71;32285
2;2;72;15825
2;2;73;5351
2;2;74;19697
2;2;75;4838
2;2;76;1760
2;2;77;7300
2;2;78;5049
2;2;79;32601
2;2;80;2698
2;2;81;1895
2;2;82;26054
2;2;83;4797
2;2;84;4896
2;2;85;1772
2;2;86;17095
2;2;87;1824
2;2;88;29266
2;2;89;24078
2;2;90;7104
2;2;91;4974
2;2;92;33532
2;2;93;24021
2;2;94;0
2;2;95;7161
2;2;96;7941
2;2;97;20690
2;2;98;16580
2;2;99;2184
2;2;100;6315
2;2;101;2627
2;2;102;32889
2;2;103;28825
2;2;104;2699
2;2;105;6498
2;2;106;4579
2;2;107;1726
2;2;108;15767
2;2;109;22184
2;2;110;114
2;2;111;6771
2;2;112;33686
2;2;113;22704
2;2;114;27965
2;2;115;28516
2;2;116;29032
2;2;117;2500
2;2;118;16908
2;2;119;21343
2;2;120;28784
2;2;121;25213
2;2;122;26515
2;2;123;16575
2;2;124;16919
2;2;125;30730
2;2;126;26836
2;2;127;4825
2;2;128;1212
2;2;129;7492
2;2;130;32774
2;2;131;15074
2;2;132;23596
2;2;133;30026
2;2;134;24043
2;2;135;406
2;2;136;4782
2;2;137;3219
2;2;138;20215
2;2;139;5209
2;2;140;4986
2;2;141;875
2;2;142;317
2;2;143;33203
2;2;144;1774
2;2;145;909
2;2;146;6129
2;2;147;21179
2;2;148;969
2;2;149;887
2;2;150;7370
2;2;151;1085
2;2;152;844
2;2;153;1223
2;2;154;30382
2;2;155;3308
2;2;156;0
1;3;1;33849
1;3;2;5048
1;3;3;15487
1;3;4;5105
1;3;5;5140
1;3;6;4957
1;3;7;4772
1;3;8;5832
1;3;9;29250
1;3;10;8412
1;3;11;28125
1;3;12;5058
1;3;13;5144
1;3;14;5109
1;3;15;19155
1;3;16;5061
1;3;17;6359
1;3;18;4991
1;3;19;19087
1;3;20;2334
1;3;21;5983
1;3;22;30528
1;3;23;29035
1;3;24;4824
1;3;25;4857
1;3;26;1601
1;3;27;2832
1;3;28;5114
1;3;29;820
1;3;30;4831
1;3;31;32568
1;3;32;22296
1;3;33;4775
1;3;34;20231
1;3;35;1625
1;3;36;15272
1;3;37;19546
1;3;38;30809
1;3;39;8368
1;3;40;30934
1;3;41;942
1;3;42;597
1;3;43;644
1;3;44;24119
1;3;45;951
1;3;46;25743
1;3;47;1005
1;3;48;7205
1;3;49;23982
1;3;50;4721
1;3;51;952
1;3;52;944
1;3;53;940
1;3;54;31189
1;3;55;32949
1;3;56;30218
1;3;57;34197
1;3;58;29943
1;3;59;30352
1;3;60;30186
1;3;61;30160
1;3;62;30351
1;3;63;30243
1;3;64;30190
1;3;65;34825
1;3;66;33003
1;3;67;23988
1;3;68;8369
1;3;69;34389
1;3;70;31051
1;3;71;29931
1;3;72;32245
1;3;73;7184
1;3;74;16062
1;3;75;688
1;3;76;1041
1;3;77;778
1;3;78;26265
1;3;79;3141
1;3;80;21300
1;3;81;22147
1;3;82;1280
1;3;83;1267
1;3;84;32864
1;3;85;1066
1;3;86;3357
1;3;87;162
1;3;88;930
1;3;89;7097
1;3;90;23922
1;3;91;27365
1;3;92;32895
1;3;93;8131
1;3;94;1221
1;3;95;1012
1;3;96;30165
1;3;97;18837
1;3;98;17379
1;3;99;29087
1;3;100;7374
1;3;101;20412
1;3;102;642
1;3;103;1731
1;3;104;23990
1;3;105;1013
1;3;106;34306
1;3;107;935
1;3;108;7083
1;3;109;3333
1;3;110;1584
1;3;111;4319
1;3;112;1518
1;3;113;34544
1;3;114;30157
1;3;115;0
1;3;116;31663
1;3;117;31658
1;3;118;6503
1;3;119;31661
1;3;120;5542
1;3;121;4749
1;3;122;1903
1;3;123;4981
1;3;124;5038
1;3;125;8211
1;3;126;5126
1;3;127;34878
1;3;128;4750
1;3;129;6286
1;3;130;4748
1;3;131;4796
1;3;132;20010
1;3;133;25860
1;3;134;1888
1;3;135;17262
1;3;136;5093
1;3;137;30875
1;3;138;1995
1;3;139;576
1;3;140;29895
1;3;141;2314
1;3;142;25195
1;3;143;21701
1;3;144;3046
1;3;145;0
2;3;1;28495
2;3;2;1594
2;3;3;2839
2;3;4;34672
2;3;5;4842
2;3;6;7774
2;3;7;2688
2;3;8;361
2;3;9;363
2;3;10;33666
2;3;11;8202
2;3;12;24180
2;3;13;562
2;3;14;25920
2;3;15;30375
2;3;16;1934
2;3;17;449
2;3;18;620
2;3;19;7040
2;3;20;28061
2;3;21;2259
2;3;22;1720
2;3;23;34593
2;3;24;5303
2;3;25;23795
2;3;26;15631
2;3;27;32127
2;3;28;2212
2;3;29;7437
2;3;30;33976
2;3;31;30411
2;3;32;27124
2;3;33;2862
2;3;34;538
2;3;35;30815
2;3;36;526
2;3;37;7072
2;3;38;8290
2;3;39;1324
2;3;40;30814
2;3;41;25776
2;3;42;8234
2;3;43;5229
2;3;44;1000
2;3;45;141
2;3;46;25584
2;3;47;33781
2;3;48;1063
2;3;49;2652
2;3;50;7472
2;3;51;7706
2;3;52;25586
2;3;53;19770
2;3;54;950
2;3;55;948
2;3;56;949
2;3;57;5762
2;3;58;23862
2;3;59;6813
2;3;60;947
2;3;61;958
2;3;62;23876
2;3;63;959
2;3;64;890
2;3;65;0
2;3;66;4926
2;3;67;4814
2;3;68;5037
2;3;69;1303
2;3;70;1378
2;3;71;880
2;3;72;34424
2;3;73;31441
2;3;74;7137
2;3;75;5970
2;3;76;697
2;3;77;1278
2;3;78;33926
2;3;79;26706
2;3;80;24295
2;3;81;30365
2;3;82;1211
2;3;83;933
2;3;84;20453
2;3;85;20457
2;3;86;751
2;3;87;1083
2;3;88;23852
2;3;89;1924
2;3;90;882
2;3;91;1337
2;3;92;4357
2;3;93;4328
2;3;94;26373
2;3;95;4333
2;3;96;6527
2;3;97;31507
2;3;98;571
2;3;99;574
2;3;100;550
2;3;101;23155
2;3;102;584
2;3;103;23110
2;3;104;6248
2;3;105;7237
2;3;106;622
2;3;107;4354
2;3;108;25262
2;3;109;2740
2;3;110;32735
2;3;111;7315
2;3;112;5264
2;3;113;7730
2;3;114;7011
2;3;115;31188
2;3;116;22825
2;3;117;557
2;3;118;31608
2;3;119;34374
2;3;120;3295
2;3;121;23702
2;3;122;6139
2;3;123;4358
2;3;124;853
2;3;125;2728
2;3;126;5791
2;3;127;785
2;3;128;1264
2;3;129;24044
2;3;130;24046
2;3;131;30089
2;3;132;29893
2;3;133;6654
2;3;134;4779
2;3;135;22253
2;3;136;1336
2;3;137;23106
2;3;138;18887
2;3;139;15945
2;3;140;1335
2;3;141;3348
2;3;142;5882
2;3;143;2456
2;3;144;30812
2;3;145;34814
2;3;146;29342
2;3;147;936
2;3;148;4201
2;3;149;22751
2;3;150;31183
2;3;151;839
2;3;152;7747
2;3;153;0
1;4;1;5226
1;4;2;6587
1;4;3;8361
1;4;4;3018
1;4;5;6010
1;4;6;325
1;4;7;8030
1;4;8;1181
1;4;9;5787
1;4;10;5219
1;4;11;23070
1;4;12;5159
1;4;13;30152
1;4;14;25969
1;4;15;33211
1;4;16;34219
1;4;17;4752
1;4;18;7308
1;4;19;122
1;4;20;5012
1;4;21;24120
1;4;22;2539
1;4;23;7953
1;4;24;26079
1;4;25;18
1;4;26;4844
1;4;27;1407
1;4;28;6809
1;4;29;5017
1;4;30;4978
1;4;31;6224
1;4;32;4763
1;4;33;5006
1;4;34;27613
1;4;35;5004
1;4;36;4875
1;4;37;4884
1;4;38;30370
1;4;39;2707
1;4;40;7740
1;4;41;2306
1;4;42;1805
1;4;43;2316
1;4;44;5005
1;4;45;895
1;4;46;4753
1;4;47;15458
1;4;48;5015
1;4;49;4350
1;4;50;4879
1;4;51;29509
1;4;52;1728
1;4;53;5092
1;4;54;5189
1;4;55;1663
1;4;56;6887
1;4;57;8413
1;4;58;5080
1;4;59;4815
1;4;60;32538
1;4;61;907
1;4;62;908
1;4;63;27189
1;4;64;7355
1;4;65;7372
1;4;66;7357
1;4;67;7359
1;4;68;24306
1;4;69;19473
1;4;70;730
1;4;71;31469
1;4;72;34199
1;4;73;7618
1;4;74;32300
1;4;75;1583
1;4;76;19375
1;4;77;15674
1;4;78;33206
1;4;79;32876
1;4;80;23726
1;4;81;34650
1;4;82;34646
1;4;83;1155
1;4;84;1517
1;4;85;26046
1;4;86;5682
1;4;87;0
1;4;88;0
2;4;1;21335
2;4;2;33236
2;4;3;28899
2;4;4;34762
2;4;5;34288
2;4;6;972
2;4;7;1188
2;4;8;996
2;4;9;5878
2;4;10;23955
2;4;11;21094
2;4;12;4088
2;4;13;7133
2;4;14;33904
2;4;15;8971
2;4;16;32079
2;4;17;1638
2;4;18;29975
2;4;19;2483
2;4;20;868
2;4;21;859
2;4;22;4736
2;4;23;1599
2;4;24;1230
2;4;25;31801
2;4;26;32096
2;4;27;31588
2;4;28;1247
2;4;29;1246
2;4;30;28007
2;4;31;30149
2;4;32;31156
2;4;33;30825
2;4;34;20419
2;4;35;2714
2;4;36;6912
2;4;37;30242
2;4;38;33954
2;4;39;4367
2;4;40;29204
2;4;41;24322
2;4;42;205
2;4;43;203
2;4;44;29246
2;4;45;256
2;4;46;31136
2;4;47;16326
2;4;48;1957
2;4;49;25082
2;4;50;30383
2;4;51;22771
2;4;52;29839
2;4;53;2094
2;4;54;15168
2;4;55;24449
2;4;56;28517
2;4;57;1068
2;4;58;1189
2;4;59;24822
2;4;60;32245
2;4;61;24229
2;4;62;17714
2;4;63;27158
2;4;64;30863
2;4;65;31833
2;4;66;31025
2;4;67;0
2;4;68;23728
2;4;69;5215
2;4;70;4858
2;4;71;661
2;4;72;18967
2;4;73;24389
2;4;74;32109
2;4;75;31323
2;4;76;8188
2;4;77;7709
2;4;78;1043
2;4;79;20328
2;4;80;2741
2;4;81;1522
2;4;82;33996
2;4;83;7009
2;4;84;956
2;4;85;812
2;4;86;7646
2;4;87;835
2;4;88;23037
2;4;89;26070
2;4;90;804
2;4;91;15265
2;4;92;1268
2;4;93;5036
2;4;94;24294
2;4;95;24461
2;4;96;20963
2;4;97;1256
2;4;98;31904
2;4;99;31900
2;4;100;5679
2;4;101;32973
2;4;102;3134
2;4;103;34050
2;4;104;17541
2;4;105;1254
2;4;106;1334
2;4;107;891
2;4;108;24358
2;4;109;1255
2;4;110;33985
2;4;111;20255
2;4;112;6360
2;4;113;33162
2;4;114;1312
2;4;115;0
1;5;1;358
1;5;2;4524
1;5;3;32946
1;5;4;8607
1;5;5;24528
1;5;6;2191
1;5;7;2188
1;5;8;31485
1;5;9;1139
1;5;10;6094
1;5;11;3115
1;5;12;28546
1;5;13;1526
1;5;14;5185
1;5;15;24590
1;5;16;846
1;5;17;21839
1;5;18;33827
1;5;19;24705
1;5;20;6260
1;5;21;1241
1;5;22;789
1;5;23;883
1;5;24;811
1;5;25;747
1;5;26;30164
1;5;27;19000
1;5;28;8365
1;5;29;23810
1;5;30;5232
1;5;31;4907
1;5;32;32823
1;5;33;31658
1;5;34;31661
1;5;35;31663
1;5;36;0
1;5;37;33666
1;5;38;33104
1;5;39;15911
1;5;40;4234
1;5;41;27700
1;5;42;6828
1;5;43;24882
1;5;44;733
1;5;45;836
1;5;46;8333
1;5;47;3322
1;5;48;28702
1;5;49;5344
1;5;50;885
1;5;51;23621
1;5;52;1179
1;5;53;1331
1;5;54;753
1;5;55;28022
1;5;56;8316
1;5;57;32681
1;5;58;34684
1;5;59;18283
1;5;60;1178
1;5;61;4153
1;5;62;23456
1;5;63;5553
1;5;64;6895
1;5;65;143
1;5;66;27958
1;5;67;14927
1;5;68;15958
1;5;69;16067
1;5;70;4318
1;5;71;24330
1;5;72;6321
1;5;73;18963
1;5;74;27561
1;5;75;26317
1;5;76;31517
1;5;77;17957
1;5;78;33071
1;5;79;121
1;5;80;4576
1;5;81;29892
1;5;82;8983
1;5;83;6322
1;5;84;6428
1;5;85;2346
1;5;86;34611
1;5;87;33
1;5;88;32245
1;5;89;395
1;5;90;25704
1;5;91;23590
1;5;92;17733
1;5;93;6181
1;5;94;20844
1;5;95;6270
1;5;96;3209
1;5;97;19441
1;5;98;34343
1;5;99;30440
1;5;100;6378
1;5;101;2840
1;5;102;33991
1;5;103;21147
1;5;104;6255
1;5;105;932
1;5;106;7867
1;5;107;8492
1;5;108;6759
1;5;109;8942
1;5;110;651
1;5;111;18996
1;5;112;0
2;5;1;4734
2;5;2;809
2;5;3;21064
2;5;4;3238
2;5;5;4334
2;5;6;1566
2;5;7;1640
2;5;8;843
2;5;9;31027
2;5;10;27932
2;5;11;33318
2;5;12;25649
2;5;13;946
2;5;14;33839
2;5;15;28043
2;5;16;32952
2;5;17;28987
2;5;18;8669
2;5;19;5908
2;5;20;4340
2;5;21;2340
2;5;22;15093
2;5;23;2524
2;5;24;1200
2;5;25;24257
2;5;26;993
2;5;27;5576
2;5;28;981
2;5;29;33953
2;5;30;19950
2;5;31;4953
2;5;32;32746
2;5;33;943
2;5;34;964
2;5;35;29911
2;5;36;941
2;5;37;962
2;5;38;18715
2;5;39;696
2;5;40;31905
2;5;41;5298
2;5;42;30199
2;5;43;17439
2;5;44;9016
2;5;45;33740
2;5;46;29973
2;5;47;31047
2;5;48;30758
2;5;49;810
2;5;50;3329
2;5;51;27934
2;5;52;24163
2;5;53;1184
2;5;54;1010
2;5;55;8409
2;5;56;25505
2;5;57;24164
2;5;58;26763
2;5;59;4881
2;5;60;32985
2;5;61;927
2;5;62;1008
2;5;63;658
2;5;64;33226
2;5;65;33306
2;5;66;29598
2;5;67;32776
2;5;68;19186
2;5;69;7226
2;5;70;28367
2;5;71;21589
2;5;72;5927
2;5;73;28985
2;5;74;15031
2;5;75;33513
2;5;76;8435
2;5;77;30075
2;5;78;3197
2;5;79;6274
2;5;80;4359
2;5;81;19168
2;5;82;23086
2;5;83;29399
2;5;84;29398
2;5;85;2511
2;5;86;26558
2;5;87;5296
2;5;88;24042
2;5;89;31750
2;5;90;5773
2;5;91;32261
2;5;92;32370
2;5;93;8699
2;5;94;5532
2;5;95;34111
2;5;96;577
2;5;97;32386
2;5;98;6064
2;5;99;1228
2;5;100;23160
2;5;101;16661
2;5;102;18720
2;5;103;33070
2;5;104;32711
2;5;105;0
2;5;106;0
