1;1;1;23728
1;1;2;31461
1;1;3;29921
1;1;4;5166
1;1;5;1771
1;1;6;5159
1;1;7;5012
1;1;8;8141
1;1;9;15760
1;1;10;7308
1;1;11;2300
1;1;12;4804
1;1;13;30370
1;1;14;1727
1;1;15;2757
1;1;16;5555
1;1;17;1755
1;1;18;6888
1;1;19;7740
1;1;20;15142
1;1;21;1745
1;1;22;1734
1;1;23;2306
1;1;24;2707
1;1;25;1805
1;1;26;4748
1;1;27;4751
1;1;28;4956
1;1;29;33024
1;1;30;6289
1;1;31;325
1;1;32;8211
1;1;33;5080
1;1;34;4815
1;1;35;32560
1;1;36;24306
1;1;37;7359
1;1;38;7355
1;1;39;7357
1;1;40;8497
1;1;41;1332
1;1;42;31156
1;1;43;30825
1;1;44;6654
1;1;45;204
1;1;46;205
1;1;47;29839
1;1;48;18006
1;1;49;25465
1;1;50;32864
1;1;51;1255
1;1;52;1267
1;1;53;5036
1;1;54;1268
1;1;55;20255
1;1;56;6360
1;1;57;33162
1;1;58;24295
1;1;59;33926
1;1;60;30365
1;1;61;1211
1;1;62;933
1;1;63;29885
1;1;64;28007
1;1;65;15945
1;1;66;1247
1;1;67;1246
1;1;68;16673
1;1;69;33002
1;1;70;3330
1;1;71;32079
1;1;72;2241
1;1;73;1638
1;1;74;29975
1;1;75;2483
1;1;76;8971
1;1;77;21094
1;1;78;1731
1;1;79;7070
1;1;80;642
1;1;81;20412
1;1;82;7646
1;1;83;22483
1;1;84;7505
1;1;85;508
1;1;86;0
1;1;87;0
2;1;1;28825
2;1;2;32889
2;1;3;2627
2;1;4;34458
2;1;5;4524
2;1;6;24528
2;1;7;2862
2;1;8;15674
2;1;9;19375
2;1;10;550
2;1;11;23155
2;1;12;768
2;1;13;26046
2;1;14;1517
2;1;15;5264
2;1;16;34646
2;1;17;34650
2;1;18;23726
2;1;19;574
2;1;20;4337
2;1;21;7430
2;1;22;3295
2;1;23;2741
2;1;24;20328
2;1;25;7694
2;1;26;32694
2;1;27;8272
2;1;28;8584
2;1;29;1043
2;1;30;7709
2;1;31;31323
2;1;32;32109
2;1;33;1378
2;1;34;30164
2;1;35;33104
2;1;36;24118
2;1;37;4858
2;1;38;34762
2;1;39;24021
2;1;40;4845
2;1;41;4907
2;1;42;31661
2;1;43;32823
2;1;44;31663
2;1;45;31658
2;1;46;4852
2;1;47;4851
2;1;48;8418
2;1;49;2091
2;1;50;18872
2;1;51;4235
2;1;52;2100
2;1;53;1585
2;1;54;7309
2;1;55;33532
2;1;56;4800
2;1;57;892
2;1;58;28082
2;1;59;32809
2;1;60;3140
2;1;61;4950
2;1;62;4767
2;1;63;5063
2;1;64;603
2;1;65;21967
2;1;66;31267
2;1;67;4746
2;1;68;19836
2;1;69;4829
2;1;70;5205
2;1;71;4823
2;1;72;4949
2;1;73;4774
2;1;74;6340
2;1;75;7617
2;1;76;795
2;1;77;27327
2;1;78;1903
2;1;79;4974
2;1;80;2680
2;1;81;20512
2;1;82;5232
2;1;83;5226
2;1;84;0
2;1;85;33346
2;1;86;33236
2;1;87;33666
2;1;88;1374
2;1;89;8365
2;1;90;6168
2;1;91;6587
2;1;92;26241
2;1;93;6315
2;1;94;2184
2;1;95;4935
2;1;96;3292
2;1;97;2682
2;1;98;4910
2;1;99;2949
2;1;100;4987
2;1;101;17201
2;1;102;4992
2;1;103;5929
2;1;104;5128
2;1;105;4988
2;1;106;5407
2;1;107;5010
2;1;108;18
2;1;109;29730
2;1;110;4844
2;1;111;17969
2;1;112;1758
2;1;113;5097
2;1;114;8244
2;1;115;5055
2;1;116;4740
2;1;117;28289
2;1;118;4875
2;1;119;5018
2;1;120;5017
2;1;121;4978
2;1;122;6224
2;1;123;4763
2;1;124;5006
2;1;125;27613
2;1;126;1407
2;1;127;5004
2;1;128;6809
2;1;129;4798
2;1;130;34679
2;1;131;6925
2;1;132;34739
2;1;133;4780
2;1;134;7953
2;1;135;2539
2;1;136;32702
2;1;137;7211
2;1;138;6217
2;1;139;24120
2;1;140;28819
2;1;141;5888
2;1;142;4884
2;1;143;31279
2;1;144;31898
2;1;145;5009
2;1;146;15940
2;1;147;5339
2;1;148;5224
2;1;149;34910
2;1;150;26079
2;1;151;0
1;2;1;2191
1;2;2;2188
1;2;3;767
1;2;4;32562
1;2;5;25248
1;2;6;552
1;2;7;27934
1;2;8;27932
1;2;9;1139
1;2;10;6094
1;2;11;28546
1;2;12;24164
1;2;13;846
1;2;14;949
1;2;15;21839
1;2;16;32950
1;2;17;33306
1;2;18;33226
1;2;19;29598
1;2;20;32776
1;2;21;33
1;2;22;32245
1;2;23;23086
1;2;24;8435
1;2;25;31750
1;2;26;23590
1;2;27;1605
1;2;28;14927
1;2;29;32711
1;2;30;8333
1;2;31;19473
1;2;32;730
1;2;33;0
1;2;34;33849
1;2;35;5804
1;2;36;7104
1;2;37;8413
1;2;38;34878
1;2;39;4750
1;2;40;6286
1;2;41;5729
1;2;42;2353
1;2;43;8410
1;2;44;19987
1;2;45;29509
1;2;46;2316
1;2;47;5005
1;2;48;4753
1;2;49;5015
1;2;50;15458
1;2;51;4350
1;2;52;4879
1;2;53;895
1;2;54;4958
1;2;55;5092
1;2;56;1824
1;2;57;1772
1;2;58;32601
1;2;59;1895
1;2;60;4797
1;2;61;2698
1;2;62;26054
1;2;63;4896
1;2;64;5049
1;2;65;7300
1;2;66;1760
1;2;67;4838
1;2;68;34219
1;2;69;4752
1;2;70;25678
1;2;71;122
1;2;72;25969
1;2;73;4934
1;2;74;17907
1;2;75;6147
1;2;76;5116
1;2;77;19377
1;2;78;1959
1;2;79;0
2;2;1;7161
2;2;2;7941
2;2;3;20690
2;2;4;16580
2;2;5;5141
2;2;6;28315
2;2;7;5856
2;2;8;4773
2;2;9;5204
2;2;10;6316
2;2;11;4985
2;2;12;5111
2;2;13;4775
2;2;14;32568
2;2;15;22296
2;2;16;4831
2;2;17;8368
2;2;18;15272
2;2;19;1625
2;2;20;19546
2;2;21;30809
2;2;22;20231
2;2;23;6010
2;2;24;820
2;2;25;5114
2;2;26;2832
2;2;27;5048
2;2;28;8319
2;2;29;6395
2;2;30;15487
2;2;31;1601
2;2;32;5190
2;2;33;4857
2;2;34;5105
2;2;35;4824
2;2;36;29035
2;2;37;5170
2;2;38;30528
2;2;39;5571
2;2;40;5152
2;2;41;4608
2;2;42;5107
2;2;43;5140
2;2;44;4955
2;2;45;5175
2;2;46;5239
2;2;47;4945
2;2;48;5176
2;2;49;19087
2;2;50;2334
2;2;51;5983
2;2;52;4957
2;2;53;4772
2;2;54;5832
2;2;55;29250
2;2;56;8412
2;2;57;28125
2;2;58;5058
2;2;59;5144
2;2;60;5109
2;2;61;5061
2;2;62;19155
2;2;63;4991
2;2;64;6359
2;2;65;34121
2;2;66;5039
2;2;67;7480
2;2;68;32559
2;2;69;1739
2;2;70;4783
2;2;71;6603
2;2;72;7541
2;2;73;898
2;2;74;1826
2;2;75;8327
2;2;76;34841
2;2;77;4755
2;2;78;16607
2;2;79;338
2;2;80;4816
2;2;81;4895
2;2;82;30238
2;2;83;6272
2;2;84;1876
2;2;85;1875
2;2;86;5564
2;2;87;5142
2;2;88;31913
2;2;89;6144
2;2;90;5082
2;2;91;16697
2;2;92;6136
2;2;93;26064
2;2;94;5178
2;2;95;25100
2;2;96;24125
2;2;97;5146
2;2;98;5011
2;2;99;1751
2;2;100;5550
2;2;101;8414
2;2;102;5861
2;2;103;2697
2;2;104;4766
2;2;105;5127
2;2;106;5050
2;2;107;5052
2;2;108;4903
2;2;109;31548
2;2;110;32285
2;2;111;15825
2;2;112;5351
2;2;113;4970
2;2;114;19697
2;2;115;25860
2;2;116;1888
2;2;117;1995
2;2;118;30875
2;2;119;17262
2;2;120;5093
2;2;121;0
2;2;122;4986
2;2;123;875
2;2;124;317
2;2;125;33203
2;2;126;32538
2;2;127;27189
2;2;128;907
2;2;129;908
2;2;130;30872
2;2;131;1774
2;2;132;7371
2;2;133;16960
2;2;134;7373
2;2;135;7372
2;2;136;26248
2;2;137;7365
2;2;138;6129
2;2;139;21179
2;2;140;969
2;2;141;909
2;2;142;887
2;2;143;7370
2;2;144;1069
2;2;145;27137
2;2;146;934
2;2;147;808
2;2;148;850
2;2;149;29626
2;2;150;1085
2;2;151;844
2;2;152;30382
2;2;153;1223
2;2;154;930
2;2;155;7097
2;2;156;23922
2;2;157;733
2;2;158;18837
2;2;159;8269
2;2;160;25341
2;2;161;32168
2;2;162;8033
2;2;163;8233
2;2;164;23890
2;2;165;0
1;3;1;6503
1;3;2;31663
1;3;3;31658
1;3;4;5542
1;3;5;31661
1;3;6;5131
1;3;7;8361
1;3;8;4749
1;3;9;5038
1;3;10;4981
1;3;11;3018
1;3;12;4801
1;3;13;5126
1;3;14;8030
1;3;15;4977
1;3;16;6887
1;3;17;5787
1;3;18;5189
1;3;19;1728
1;3;20;5362
1;3;21;32102
1;3;22;4911
1;3;23;30229
1;3;24;5788
1;3;25;30968
1;3;26;32778
1;3;27;20793
1;3;28;4904
1;3;29;576
1;3;30;2314
1;3;31;25195
1;3;32;21701
1;3;33;3046
1;3;34;20621
1;3;35;33425
1;3;36;31023
1;3;37;5221
1;3;38;21276
1;3;39;21807
1;3;40;29895
1;3;41;30710
1;3;42;32606
1;3;43;2621
1;3;44;6249
1;3;45;22342
1;3;46;6865
1;3;47;17095
1;3;48;15426
1;3;49;5219
1;3;50;3205
1;3;51;5202
1;3;52;25908
1;3;53;27465
1;3;54;26414
1;3;55;14930
1;3;56;18835
1;3;57;26243
1;3;58;29647
1;3;59;7610
1;3;60;31152
1;3;61;34612
1;3;62;15180
1;3;63;30165
1;3;64;8131
1;3;65;1012
1;3;66;1221
1;3;67;32895
1;3;68;7980
1;3;69;16759
1;3;70;30824
1;3;71;34669
1;3;72;1040
1;3;73;25745
1;3;74;16132
1;3;75;31151
1;3;76;839
1;3;77;881
1;3;78;1065
1;3;79;1064
1;3;80;1015
1;3;81;8363
1;3;82;7747
1;3;83;1602
1;3;84;27700
1;3;85;4234
1;3;86;19000
1;3;87;0
1;3;88;3223
1;3;89;7774
1;3;90;361
1;3;91;358
1;3;92;363
1;3;93;2836
1;3;94;1594
1;3;95;28495
1;3;96;2839
1;3;97;4842
1;3;98;34672
1;3;99;25188
1;3;100;4734
1;3;101;28899
1;3;102;31020
1;3;103;21335
1;3;104;2699
1;3;105;6498
1;3;106;4579
1;3;107;1726
1;3;108;15767
1;3;109;22184
1;3;110;15074
1;3;111;4782
1;3;112;5209
1;3;113;22704
1;3;114;28784
1;3;115;26836
1;3;116;28516
1;3;117;25213
1;3;118;2500
1;3;119;16908
1;3;120;114
1;3;121;23596
1;3;122;1212
1;3;123;27965
1;3;124;29032
1;3;125;406
1;3;126;26515
1;3;127;3219
1;3;128;33686
1;3;129;6771
1;3;130;24043
1;3;131;7492
1;3;132;16575
1;3;133;32774
1;3;134;4825
1;3;135;16919
1;3;136;30730
1;3;137;20215
1;3;138;30026
1;3;139;21343
1;3;140;5215
1;3;141;5037
1;3;142;919
1;3;143;34909
1;3;144;29175
1;3;145;1188
1;3;146;996
1;3;147;5878
1;3;148;1669
1;3;149;880
1;3;150;24389
1;3;151;27100
1;3;152;5473
1;3;153;23880
1;3;154;17665
1;3;155;16093
1;3;156;1013
1;3;157;34306
1;3;158;935
1;3;159;4088
1;3;160;33904
1;3;161;7133
1;3;162;4319
1;3;163;1518
1;3;164;34544
1;3;165;30157
1;3;166;0
2;3;1;33666
2;3;2;32946
2;3;3;8607
2;3;4;8202
2;3;5;24180
2;3;6;562
2;3;7;25920
2;3;8;30375
2;3;9;5682
2;3;10;1934
2;3;11;33976
2;3;12;30411
2;3;13;34199
2;3;14;1324
2;3;15;25776
2;3;16;538
2;3;17;8290
2;3;18;7618
2;3;19;7072
2;3;20;526
2;3;21;30814
2;3;22;572
2;3;23;1000
2;3;24;31507
2;3;25;7472
2;3;26;32245
2;3;27;29931
2;3;28;31051
2;3;29;964
2;3;30;24119
2;3;31;1005
2;3;32;952
2;3;33;944
2;3;34;597
2;3;35;30199
2;3;36;7437
2;3;37;2212
2;3;38;32127
2;3;39;5303
2;3;40;34593
2;3;41;1720
2;3;42;15631
2;3;43;23795
2;3;44;28061
2;3;45;7040
2;3;46;2259
2;3;47;620
2;3;48;449
2;3;49;7314
2;3;50;537
2;3;51;33947
2;3;52;6955
2;3;53;8201
2;3;54;7316
2;3;55;31188
2;3;56;22825
2;3;57;624
2;3;58;7011
2;3;59;7315
2;3;60;1155
2;3;61;7730
2;3;62;32735
2;3;63;2740
2;3;64;4354
2;3;65;7237
2;3;66;622
2;3;67;6248
2;3;68;25262
2;3;69;23110
2;3;70;584
2;3;71;7714
2;3;72;6478
2;3;73;5229
2;3;74;8234
2;3;75;33206
2;3;76;32876
2;3;77;571
2;3;78;141
2;3;79;1007
2;3;80;25584
2;3;81;2652
2;3;82;1063
2;3;83;33781
2;3;84;33840
2;3;85;23391
2;3;86;1213
2;3;87;7791
2;3;88;0
2;3;89;5139
2;3;90;1303
2;3;91;747
2;3;92;811
2;3;93;23955
2;3;94;23990
2;3;95;7083
2;3;96;24047
2;3;97;883
2;3;98;20533
2;3;99;868
2;3;100;22253
2;3;101;1336
2;3;102;32096
2;3;103;31588
2;3;104;766
2;3;105;6169
2;3;106;2593
2;3;107;29744
2;3;108;28198
2;3;109;4454
2;3;110;1018
2;3;111;6863
2;3;112;0
1;4;1;23810
1;4;2;6587
1;4;3;24078
1;4;4;1181
1;4;5;1663
1;4;6;4994
1;4;7;26079
1;4;8;18
1;4;9;5056
1;4;10;22171
1;4;11;1732
1;4;12;4763
1;4;13;24162
1;4;14;4969
1;4;15;7953
1;4;16;24120
1;4;17;3003
1;4;18;30152
1;4;19;33211
1;4;20;7308
1;4;21;5201
1;4;22;30969
1;4;23;7740
1;4;24;1764
1;4;25;2306
1;4;26;4796
1;4;27;20010
1;4;28;31679
1;4;29;23070
1;4;30;29266
1;4;31;5636
1;4;32;3349
1;4;33;24306
1;4;34;7359
1;4;35;7355
1;4;36;7357
1;4;37;1335
1;4;38;1247
1;4;39;4779
1;4;40;1084
1;4;41;5792
1;4;42;32079
1;4;43;6260
1;4;44;789
1;4;45;3333
1;4;46;1584
1;4;47;21094
1;4;48;2741
1;4;49;1522
1;4;50;33996
1;4;51;7009
1;4;52;956
1;4;53;812
1;4;54;7374
1;4;55;17379
1;4;56;5970
1;4;57;162
1;4;58;31483
1;4;59;30657
1;4;60;783
1;4;61;34374
1;4;62;31608
1;4;63;557
1;4;64;1017
1;4;65;1067
1;4;66;23726
1;4;67;34646
1;4;68;34650
1;4;69;7477
1;4;70;573
1;4;71;26046
1;4;72;15674
1;4;73;1174
1;4;74;997
1;4;75;23702
1;4;76;1312
1;4;77;26862
1;4;78;4618
1;4;79;26190
1;4;80;30149
1;4;81;18887
1;4;82;24705
1;4;83;1246
1;4;84;23106
1;4;85;1241
1;4;86;31801
1;4;87;859
1;4;88;4736
1;4;89;1599
1;4;90;1230
1;4;91;885
1;4;92;5344
1;4;93;28702
1;4;94;3322
1;4;95;0
1;4;96;2688
1;4;97;33236
1;4;98;7772
1;4;99;34762
1;4;100;4878
1;4;101;661
1;4;102;18967
1;4;103;32109
1;4;104;7424
1;4;105;960
1;4;106;8188
1;4;107;701
1;4;108;817
1;4;109;34424
1;4;110;27692
1;4;111;7720
1;4;112;4487
1;4;113;7646
1;4;114;29087
1;4;115;34486
1;4;116;835
1;4;117;23037
1;4;118;7137
1;4;119;7979
1;4;120;31441
1;4;121;26070
1;4;122;804
1;4;123;15265
1;4;124;3357
1;4;125;26706
1;4;126;2939
1;4;127;1273
1;4;128;34366
1;4;129;1506
1;4;130;851
1;4;131;31156
1;4;132;0
2;4;1;32813
2;4;2;4926
2;4;3;34582
2;4;4;4814
2;4;5;34288
2;4;6;972
2;4;7;15911
2;4;8;30812
2;4;9;6828
2;4;10;5882
2;4;11;27365
2;4;12;33827
2;4;13;28007
2;4;14;836
2;4;15;20453
2;4;16;20457
2;4;17;6912
2;4;18;4367
2;4;19;33954
2;4;20;30242
2;4;21;29204
2;4;22;24322
2;4;23;205
2;4;24;203
2;4;25;1957
2;4;26;25082
2;4;27;16326
2;4;28;31136
2;4;29;256
2;4;30;29246
2;4;31;8331
2;4;32;1280
2;4;33;22147
2;4;34;1269
2;4;35;21300
2;4;36;32973
2;4;37;1254
2;4;38;34050
2;4;39;1334
2;4;40;891
2;4;41;17541
2;4;42;3134
2;4;43;785
2;4;44;1264
2;4;45;24044
2;4;46;24046
2;4;47;24358
2;4;48;30089
2;4;49;1255
2;4;50;1066
2;4;51;5791
2;4;52;2728
2;4;53;853
2;4;54;4358
2;4;55;6139
2;4;56;33985
2;4;57;2516
2;4;58;2714
2;4;59;20419
2;4;60;751
2;4;61;1083
2;4;62;23852
2;4;63;15168
2;4;64;1924
2;4;65;688
2;4;66;1041
2;4;67;882
2;4;68;1337
2;4;69;31833
2;4;70;17957
2;4;71;31517
2;4;72;30863
2;4;73;27158
2;4;74;17714
2;4;75;32245
2;4;76;4359
2;4;77;6274
2;4;78;19168
2;4;79;395
2;4;80;25704
2;4;81;5794
2;4;82;34343
2;4;83;30440
2;4;84;26317
2;4;85;31025
2;4;86;1068
2;4;87;778
2;4;88;26265
2;4;89;3141
2;4;90;0
2;4;91;23728
2;4;92;7753
2;4;93;31183
2;4;94;34814
2;4;95;22751
2;4;96;936
2;4;97;29342
2;4;98;4201
2;4;99;3308
2;4;100;24882
2;4;101;2456
2;4;102;3348
2;4;103;31961
2;4;104;1278
2;4;105;1268
2;4;106;5036
2;4;107;29893
2;4;108;31900
2;4;109;20963
2;4;110;1256
2;4;111;31904
2;4;112;24461
2;4;113;24294
2;4;114;5679
2;4;115;18009
2;4;116;22771
2;4;117;29839
2;4;118;30383
2;4;119;2094
2;4;120;21297
2;4;121;24449
2;4;122;28517
2;4;123;4357
2;4;124;4328
2;4;125;26373
2;4;126;4333
2;4;127;6527
2;4;128;1189
2;4;129;24822
2;4;130;19441
2;4;131;20844
2;4;132;3209
2;4;133;6270
2;4;134;6181
2;4;135;25543
2;4;136;33951
2;4;137;4318
2;4;138;24330
2;4;139;6321
2;4;140;18963
2;4;141;26558
2;4;142;2511
2;4;143;5296
2;4;144;24042
2;4;145;0
1;5;1;31469
1;5;2;2191
1;5;3;2188
1;5;4;30815
1;5;5;27124
1;5;6;1583
1;5;7;32300
1;5;8;33306
1;5;9;33226
1;5;10;9490
1;5;11;8444
1;5;12;32245
1;5;13;33
1;5;14;7184
1;5;15;15958
1;5;16;27958
1;5;17;18720
1;5;18;33070
1;5;19;1603
1;5;20;34504
1;5;21;1590
1;5;22;3045
1;5;23;26401
1;5;24;1272
1;5;25;697
1;5;26;5793
1;5;27;7814
1;5;28;5053
1;5;29;4631
1;5;30;31661
1;5;31;31658
1;5;32;31663
1;5;33;0
1;5;34;33666
1;5;35;1178
1;5;36;18283
1;5;37;753
1;5;38;1331
1;5;39;23621
1;5;40;1179
1;5;41;4153
1;5;42;23456
1;5;43;28022
1;5;44;34684
1;5;45;32681
1;5;46;8316
1;5;47;5553
1;5;48;6895
1;5;49;143
1;5;50;1228
1;5;51;16661
1;5;52;23160
1;5;53;5297
1;5;54;14927
1;5;55;16067
1;5;56;17733
1;5;57;27561
1;5;58;31750
1;5;59;5773
1;5;60;32261
1;5;61;32370
1;5;62;30075
1;5;63;3197
1;5;64;16062
1;5;65;24229
1;5;66;29892
1;5;67;33071
1;5;68;4576
1;5;69;121
1;5;70;8983
1;5;71;6322
1;5;72;2346
1;5;73;6428
1;5;74;34611
1;5;75;29398
1;5;76;29399
1;5;77;33513
1;5;78;15031
1;5;79;28985
1;5;80;5927
1;5;81;651
1;5;82;18996
1;5;83;21589
1;5;84;28367
1;5;85;7226
1;5;86;19186
1;5;87;1008
1;5;88;32985
1;5;89;658
1;5;90;927
1;5;91;4881
1;5;92;6813
1;5;93;23862
1;5;94;5762
1;5;95;26763
1;5;96;984
1;5;97;24590
1;5;98;5185
1;5;99;34331
1;5;100;1526
1;5;101;8409
1;5;102;31485
1;5;103;0
2;5;1;1854
2;5;2;809
2;5;3;21064
2;5;4;3238
2;5;5;4334
2;5;6;1566
2;5;7;843
2;5;8;1640
2;5;9;945
2;5;10;18716
2;5;11;16472
2;5;12;22341
2;5;13;865
2;5;14;33318
2;5;15;27932
2;5;16;31027
2;5;17;1184
2;5;18;1010
2;5;19;24163
2;5;20;27934
2;5;21;3329
2;5;22;810
2;5;23;30934
2;5;24;942
2;5;25;941
2;5;26;962
2;5;27;18715
2;5;28;696
2;5;29;31905
2;5;30;5298
2;5;31;29911
2;5;32;644
2;5;33;32952
2;5;34;8669
2;5;35;28043
2;5;36;943
2;5;37;5908
2;5;38;32746
2;5;39;4953
2;5;40;981
2;5;41;19950
2;5;42;33953
2;5;43;5576
2;5;44;993
2;5;45;24257
2;5;46;1200
2;5;47;2524
2;5;48;15093
2;5;49;2340
2;5;50;4340
2;5;51;28987
2;5;52;25743
2;5;53;951
2;5;54;7205
2;5;55;23982
2;5;56;4721
2;5;57;940
2;5;58;31189
2;5;59;32949
2;5;60;33003
2;5;61;30190
2;5;62;34825
2;5;63;30218
2;5;64;30243
2;5;65;30186
2;5;66;30160
2;5;67;30351
2;5;68;30352
2;5;69;34197
2;5;70;29943
2;5;71;25649
2;5;72;946
2;5;73;33839
2;5;74;23988
2;5;75;8369
2;5;76;34389
2;5;77;31047
2;5;78;29973
2;5;79;17439
2;5;80;33740
2;5;81;30758
2;5;82;9016
2;5;83;28546
2;5;84;3115
2;5;85;25505
2;5;86;950
2;5;87;948
2;5;88;19770
2;5;89;7706
2;5;90;25586
2;5;91;959
2;5;92;958
2;5;93;23876
2;5;94;890
2;5;95;947
2;5;96;932
2;5;97;7867
2;5;98;6255
2;5;99;21147
2;5;100;33991
2;5;101;8492
2;5;102;6759
2;5;103;2840
2;5;104;8942
2;5;105;6378
2;5;106;8699
2;5;107;6064
2;5;108;577
2;5;109;32386
2;5;110;34111
2;5;111;5532
2;5;112;0
2;5;113;0
