1;1;1;1854
1;1;2;3223
1;1;3;23810
1;1;4;32560
1;1;5;7371
1;1;6;7372
1;1;7;7365
1;1;8;26248
1;1;9;7370
1;1;10;969
1;1;11;6129
1;1;12;21179
1;1;13;909
1;1;14;887
1;1;15;7359
1;1;16;24306
1;1;17;7357
1;1;18;7355
1;1;19;7373
1;1;20;697
1;1;21;1332
1;1;22;31156
1;1;23;6654
1;1;24;5036
1;1;25;1268
1;1;26;1267
1;1;27;1255
1;1;28;24358
1;1;29;18006
1;1;30;29839
1;1;31;203
1;1;32;205
1;1;33;204
1;1;34;2714
1;1;35;20419
1;1;36;26401
1;1;37;29885
1;1;38;1246
1;1;39;1084
1;1;40;32079
1;1;41;33002
1;1;42;1247
1;1;43;28007
1;1;44;30149
1;1;45;26190
1;1;46;34366
1;1;47;1273
1;1;48;2939
1;1;49;24295
1;1;50;33926
1;1;51;26862
1;1;52;1312
1;1;53;33162
1;1;54;6360
1;1;55;20255
1;1;56;853
1;1;57;4358
1;1;58;6139
1;1;59;23702
1;1;60;3295
1;1;61;997
1;1;62;23391
1;1;63;141
1;1;64;574
1;1;65;550
1;1;66;19375
1;1;67;15674
1;1;68;23726
1;1;69;34650
1;1;70;34646
1;1;71;1155
1;1;72;7315
1;1;73;26046
1;1;74;0
1;1;75;0
2;1;1;33236
2;1;2;33666
2;1;3;1374
2;1;4;2091
2;1;5;6587
2;1;6;4851
2;1;7;31663
2;1;8;31658
2;1;9;5542
2;1;10;31661
2;1;11;4852
2;1;12;5131
2;1;13;28082
2;1;14;32809
2;1;15;4829
2;1;16;5205
2;1;17;4823
2;1;18;4949
2;1;19;4774
2;1;20;7617
2;1;21;6340
2;1;22;34762
2;1;23;4878
2;1;24;661
2;1;25;996
2;1;26;5878
2;1;27;24118
2;1;28;33104
2;1;29;7753
2;1;30;31151
2;1;31;1602
2;1;32;34669
2;1;33;30824
2;1;34;16759
2;1;35;7980
2;1;36;34612
2;1;37;15180
2;1;38;31152
2;1;39;23955
2;1;40;21094
2;1;41;7709
2;1;42;1043
2;1;43;8584
2;1;44;8272
2;1;45;32694
2;1;46;7694
2;1;47;20328
2;1;48;2741
2;1;49;1522
2;1;50;33996
2;1;51;956
2;1;52;7646
2;1;53;27692
2;1;54;20412
2;1;55;34424
2;1;56;24389
2;1;57;32109
2;1;58;0
2;1;59;23728
2;1;60;28825
2;1;61;32889
2;1;62;4910
2;1;63;2949
2;1;64;4987
2;1;65;6286
2;1;66;4750
2;1;67;2353
2;1;68;4994
2;1;69;5729
2;1;70;8410
2;1;71;19987
2;1;72;2316
2;1;73;29509
2;1;74;5005
2;1;75;895
2;1;76;4879
2;1;77;4753
2;1;78;4350
2;1;79;5015
2;1;80;15458
2;1;81;5224
2;1;82;34910
2;1;83;26079
2;1;84;4798
2;1;85;34679
2;1;86;4763
2;1;87;27613
2;1;88;24162
2;1;89;5004
2;1;90;22171
2;1;91;7953
2;1;92;34739
2;1;93;24120
2;1;94;15760
2;1;95;7308
2;1;96;25678
2;1;97;4970
2;1;98;26064
2;1;99;16697
2;1;100;6136
2;1;101;4838
2;1;102;1760
2;1;103;7300
2;1;104;4896
2;1;105;32601
2;1;106;1895
2;1;107;2698
2;1;108;6888
2;1;109;15142
2;1;110;1734
2;1;111;2707
2;1;112;1764
2;1;113;5555
2;1;114;2306
2;1;115;1727
2;1;116;7740
2;1;117;1745
2;1;118;1755
2;1;119;1805
2;1;120;5049
2;1;121;4797
2;1;122;26054
2;1;123;576
2;1;124;2314
2;1;125;25195
2;1;126;21701
2;1;127;3046
2;1;128;5221
2;1;129;31023
2;1;130;33425
2;1;131;20621
2;1;132;21276
2;1;133;21807
2;1;134;29895
2;1;135;30710
2;1;136;32606
2;1;137;22342
2;1;138;6865
2;1;139;1824
2;1;140;5362
2;1;141;1728
2;1;142;4958
2;1;143;5010
2;1;144;18
2;1;145;29730
2;1;146;4844
2;1;147;17969
2;1;148;1758
2;1;149;4740
2;1;150;5055
2;1;151;8244
2;1;152;5097
2;1;153;5128
2;1;154;5929
2;1;155;4988
2;1;156;4992
2;1;157;29921
2;1;158;17201
2;1;159;3205
2;1;160;5202
2;1;161;31461
2;1;162;0
1;2;1;8365
1;2;2;6168
1;2;3;4845
1;2;4;8418
1;2;5;5232
1;2;6;34458
1;2;7;26241
1;2;8;2627
1;2;9;6315
1;2;10;3292
1;2;11;2682
1;2;12;4935
1;2;13;2184
1;2;14;24528
1;2;15;28061
1;2;16;2259
1;2;17;7040
1;2;18;34593
1;2;19;2212
1;2;20;15631
1;2;21;32127
1;2;22;23795
1;2;23;5303
1;2;24;1720
1;2;25;7437
1;2;26;7706
1;2;27;25505
1;2;28;3115
1;2;29;28546
1;2;30;6094
1;2;31;1139
1;2;32;16472
1;2;33;22341
1;2;34;27932
1;2;35;33318
1;2;36;865
1;2;37;27934
1;2;38;3329
1;2;39;947
1;2;40;23876
1;2;41;959
1;2;42;890
1;2;43;958
1;2;44;30199
1;2;45;17439
1;2;46;30758
1;2;47;9016
1;2;48;29973
1;2;49;33740
1;2;50;31047
1;2;51;6813
1;2;52;25586
1;2;53;19770
1;2;54;950
1;2;55;948
1;2;56;32950
1;2;57;33306
1;2;58;33226
1;2;59;29598
1;2;60;9490
1;2;61;8444
1;2;62;32245
1;2;63;33
1;2;64;7184
1;2;65;31750
1;2;66;23590
1;2;67;27561
1;2;68;6321
1;2;69;24330
1;2;70;18963
1;2;71;4318
1;2;72;1605
1;2;73;14927
1;2;74;15958
1;2;75;5297
1;2;76;18720
1;2;77;33070
1;2;78;0
1;2;79;5215
1;2;80;34288
1;2;81;919
1;2;82;34909
1;2;83;972
1;2;84;1188
1;2;85;15911
1;2;86;27700
1;2;87;839
1;2;88;6828
1;2;89;5882
1;2;90;23922
1;2;91;7097
1;2;92;930
1;2;93;783
1;2;94;7791
1;2;95;1213
1;2;96;33840
1;2;97;33781
1;2;98;1063
1;2;99;2652
1;2;100;25584
1;2;101;1000
1;2;102;571
1;2;103;584
1;2;104;7714
1;2;105;6955
1;2;106;573
1;2;107;1934
1;2;108;5682
1;2;109;30375
1;2;110;25920
1;2;111;562
1;2;112;24180
1;2;113;8202
1;2;114;2191
1;2;115;2188
1;2;116;0
2;2;1;2839
2;2;2;4842
2;2;3;34672
2;2;4;1594
2;2;5;28495
2;2;6;7772
2;2;7;2836
2;2;8;7161
2;2;9;3018
2;2;10;8211
2;2;11;4801
2;2;12;6395
2;2;13;8319
2;2;14;1601
2;2;15;5190
2;2;16;4857
2;2;17;4824
2;2;18;29035
2;2;19;30528
2;2;20;5140
2;2;21;4955
2;2;22;2334
2;2;23;4991
2;2;24;6359
2;2;25;19377
2;2;26;32559
2;2;27;1739
2;2;28;4783
2;2;29;1751
2;2;30;5550
2;2;31;8414
2;2;32;6603
2;2;33;7541
2;2;34;5127
2;2;35;4766
2;2;36;15825
2;2;37;5351
2;2;38;19697
2;2;39;8141
2;2;40;5159
2;2;41;15940
2;2;42;5339
2;2;43;1771
2;2;44;30370
2;2;45;31679
2;2;46;4796
2;2;47;20010
2;2;48;1888
2;2;49;30875
2;2;50;25860
2;2;51;1995
2;2;52;5093
2;2;53;17262
2;2;54;5082
2;2;55;6144
2;2;56;5142
2;2;57;1876
2;2;58;6272
2;2;59;30238
2;2;60;338
2;2;61;16607
2;2;62;4755
2;2;63;34841
2;2;64;8327
2;2;65;1826
2;2;66;5011
2;2;67;5146
2;2;68;25100
2;2;69;5861
2;2;70;2697
2;2;71;5052
2;2;72;122
2;2;73;28819
2;2;74;4969
2;2;75;5009
2;2;76;6217
2;2;77;2539
2;2;78;32702
2;2;79;4884
2;2;80;6925
2;2;81;31279
2;2;82;7211
2;2;83;5888
2;2;84;4780
2;2;85;31898
2;2;86;1732
2;2;87;6224
2;2;88;5006
2;2;89;28289
2;2;90;5116
2;2;91;1959
2;2;92;7480
2;2;93;34121
2;2;94;5039
2;2;95;34219
2;2;96;4752
2;2;97;32285
2;2;98;31548
2;2;99;4903
2;2;100;5050
2;2;101;5178
2;2;102;898
2;2;103;24125
2;2;104;4895
2;2;105;4816
2;2;106;1875
2;2;107;5564
2;2;108;31913
2;2;109;0
2;2;110;4631
2;2;111;5053
2;2;112;30872
2;2;113;27189
2;2;114;908
2;2;115;907
2;2;116;32538
2;2;117;7814
2;2;118;1069
2;2;119;844
2;2;120;1223
2;2;121;30382
2;2;122;3308
2;2;123;31183
2;2;124;34814
2;2;125;4201
2;2;126;29342
2;2;127;22751
2;2;128;936
2;2;129;30812
2;2;130;2456
2;2;131;18837
2;2;132;25341
2;2;133;8269
2;2;134;835
2;2;135;7374
2;2;136;4487
2;2;137;7720
2;2;138;1731
2;2;139;17665
2;2;140;16093
2;2;141;1013
2;2;142;34306
2;2;143;0
1;3;1;33666
1;3;2;20690
1;3;3;7941
1;3;4;16580
1;3;5;28315
1;3;6;5204
1;3;7;4985
1;3;8;6316
1;3;9;5141
1;3;10;4773
1;3;11;5856
1;3;12;34878
1;3;13;33024
1;3;14;4977
1;3;15;6887
1;3;16;1663
1;3;17;29266
1;3;18;5787
1;3;19;5189
1;3;20;5092
1;3;21;32102
1;3;22;4911
1;3;23;30229
1;3;24;5788
1;3;25;30968
1;3;26;32778
1;3;27;20793
1;3;28;4904
1;3;29;2621
1;3;30;6249
1;3;31;1772
1;3;32;17095
1;3;33;15426
1;3;34;30152
1;3;35;4934
1;3;36;17907
1;3;37;6147
1;3;38;19087
1;3;39;5239
1;3;40;5175
1;3;41;4945
1;3;42;5176
1;3;43;5983
1;3;44;4957
1;3;45;4772
1;3;46;29250
1;3;47;5832
1;3;48;8412
1;3;49;28125
1;3;50;5058
1;3;51;5144
1;3;52;5109
1;3;53;5061
1;3;54;19155
1;3;55;4608
1;3;56;5571
1;3;57;5152
1;3;58;5107
1;3;59;5170
1;3;60;5105
1;3;61;15487
1;3;62;2832
1;3;63;5114
1;3;64;5048
1;3;65;820
1;3;66;3349
1;3;67;6010
1;3;68;5804
1;3;69;4981
1;3;70;5038
1;3;71;20231
1;3;72;30809
1;3;73;19546
1;3;74;1625
1;3;75;15272
1;3;76;8368
1;3;77;33849
1;3;78;4974
1;3;79;1903
1;3;80;7309
1;3;81;4235
1;3;82;1585
1;3;83;2100
1;3;84;18872
1;3;85;0
1;3;86;4734
1;3;87;32813
1;3;88;4926
1;3;89;34582
1;3;90;4814
1;3;91;4858
1;3;92;29175
1;3;93;29647
1;3;94;7610
1;3;95;26243
1;3;96;18835
1;3;97;14930
1;3;98;26414
1;3;99;27465
1;3;100;24047
1;3;101;935
1;3;102;7070
1;3;103;642
1;3;104;817
1;3;105;23890
1;3;106;29087
1;3;107;34486
1;3;108;32168
1;3;109;30165
1;3;110;8131
1;3;111;1221
1;3;112;1012
1;3;113;32895
1;3;114;27365
1;3;115;733
1;3;116;33827
1;3;117;26070
1;3;118;804
1;3;119;15265
1;3;120;3357
1;3;121;32864
1;3;122;30089
1;3;123;1066
1;3;124;22147
1;3;125;15168
1;3;126;1924
1;3;127;24449
1;3;128;28517
1;3;129;3141
1;3;130;26265
1;3;131;778
1;3;132;1068
1;3;133;1337
1;3;134;31833
1;3;135;28985
1;3;136;6759
1;3;137;33991
1;3;138;21147
1;3;139;6255
1;3;140;7867
1;3;141;932
1;3;142;8492
1;3;143;2840
1;3;144;8942
1;3;145;6378
1;3;146;32245
1;3;147;0
2;3;1;4986
2;3;2;875
2;3;3;33203
2;3;4;317
2;3;5;730
2;3;6;19473
2;3;7;8607
2;3;8;33976
2;3;9;30411
2;3;10;7618
2;3;11;34199
2;3;12;27124
2;3;13;1583
2;3;14;32300
2;3;15;33206
2;3;16;32876
2;3;17;1324
2;3;18;25776
2;3;19;8290
2;3;20;30815
2;3;21;538
2;3;22;2862
2;3;23;526
2;3;24;7072
2;3;25;620
2;3;26;25248
2;3;27;552
2;3;28;32562
2;3;29;767
2;3;30;449
2;3;31;7314
2;3;32;33947
2;3;33;537
2;3;34;1517
2;3;35;7730
2;3;36;5264
2;3;37;7011
2;3;38;31188
2;3;39;32735
2;3;40;2740
2;3;41;7237
2;3;42;6248
2;3;43;4354
2;3;44;622
2;3;45;25262
2;3;46;23110
2;3;47;6478
2;3;48;5229
2;3;49;8234
2;3;50;30814
2;3;51;31469
2;3;52;0
2;3;53;358
2;3;54;21335
2;3;55;33346
2;3;56;31661
2;3;57;6503
2;3;58;31663
2;3;59;31658
2;3;60;4907
2;3;61;892
2;3;62;27327
2;3;63;795
2;3;64;19000
2;3;65;18967
2;3;66;1378
2;3;67;1669
2;3;68;27100
2;3;69;880
2;3;70;7424
2;3;71;960
2;3;72;5473
2;3;73;23880
2;3;74;23990
2;3;75;7083
2;3;76;4088
2;3;77;1584
2;3;78;3333
2;3;79;25908
2;3;80;30157
2;3;81;34544
2;3;82;1518
2;3;83;4319
2;3;84;883
2;3;85;789
2;3;86;868
2;3;87;22253
2;3;88;1336
2;3;89;6260
2;3;90;32096
2;3;91;31588
2;3;92;766
2;3;93;6863
2;3;94;6169
2;3;95;2593
2;3;96;1018
2;3;97;29744
2;3;98;4454
2;3;99;28198
2;3;100;0
1;4;1;7104
1;4;2;6289
1;4;3;325
1;4;4;8413
1;4;5;8030
1;4;6;5636
1;4;7;1181
1;4;8;4956
1;4;9;4751
1;4;10;5407
1;4;11;26079
1;4;12;18
1;4;13;5056
1;4;14;6809
1;4;15;5017
1;4;16;4978
1;4;17;4763
1;4;18;1407
1;4;19;4875
1;4;20;5018
1;4;21;7953
1;4;22;24120
1;4;23;3003
1;4;24;5012
1;4;25;25969
1;4;26;33211
1;4;27;7308
1;4;28;2300
1;4;29;4804
1;4;30;5201
1;4;31;30969
1;4;32;7740
1;4;33;2306
1;4;34;2757
1;4;35;4748
1;4;36;5166
1;4;37;23070
1;4;38;5219
1;4;39;24078
1;4;40;5126
1;4;41;5111
1;4;42;4775
1;4;43;22296
1;4;44;32568
1;4;45;4831
1;4;46;5080
1;4;47;4815
1;4;48;1774
1;4;49;16960
1;4;50;7355
1;4;51;7359
1;4;52;7357
1;4;53;24306
1;4;54;1335
1;4;55;4779
1;4;56;24705
1;4;57;16673
1;4;58;5792
1;4;59;32079
1;4;60;2241
1;4;61;3330
1;4;62;1638
1;4;63;29975
1;4;64;2483
1;4;65;8971
1;4;66;33904
1;4;67;7133
1;4;68;2741
1;4;69;7009
1;4;70;812
1;4;71;17379
1;4;72;31441
1;4;73;23037
1;4;74;5970
1;4;75;162
1;4;76;31483
1;4;77;30657
1;4;78;7430
1;4;79;4337
1;4;80;34374
1;4;81;31608
1;4;82;557
1;4;83;22825
1;4;84;624
1;4;85;1017
1;4;86;1067
1;4;87;23726
1;4;88;34646
1;4;89;34650
1;4;90;7477
1;4;91;8201
1;4;92;7316
1;4;93;23155
1;4;94;572
1;4;95;15674
1;4;96;768
1;4;97;26046
1;4;98;0
1;4;99;7774
1;4;100;25188
1;4;101;361
1;4;102;2688
1;4;103;28899
1;4;104;363
1;4;105;31020
1;4;106;2699
1;4;107;6498
1;4;108;4579
1;4;109;1726
1;4;110;15767
1;4;111;22184
1;4;112;20215
1;4;113;4825
1;4;114;7492
1;4;115;30026
1;4;116;2500
1;4;117;24043
1;4;118;16575
1;4;119;1212
1;4;120;27965
1;4;121;29032
1;4;122;4782
1;4;123;21343
1;4;124;26836
1;4;125;114
1;4;126;28516
1;4;127;6771
1;4;128;28784
1;4;129;26515
1;4;130;406
1;4;131;32774
1;4;132;15074
1;4;133;16908
1;4;134;30730
1;4;135;22704
1;4;136;5209
1;4;137;25213
1;4;138;3219
1;4;139;33686
1;4;140;23596
1;4;141;16919
1;4;142;24021
1;4;143;19836
1;4;144;5063
1;4;145;4767
1;4;146;31267
1;4;147;21967
1;4;148;4746
1;4;149;603
1;4;150;4950
1;4;151;3140
1;4;152;33532
1;4;153;6587
1;4;154;4800
1;4;155;5226
1;4;156;0
2;4;1;33236
2;4;2;23728
2;4;3;34762
2;4;4;5037
2;4;5;1303
2;4;6;32109
2;4;7;31323
2;4;8;8188
2;4;9;701
2;4;10;508
2;4;11;7505
2;4;12;22483
2;4;13;7646
2;4;14;8233
2;4;15;8033
2;4;16;7979
2;4;17;7137
2;4;18;30825
2;4;19;31156
2;4;20;2516
2;4;21;1268
2;4;22;5036
2;4;23;29893
2;4;24;5679
2;4;25;31904
2;4;26;24294
2;4;27;24461
2;4;28;31900
2;4;29;20963
2;4;30;1256
2;4;31;21300
2;4;32;29204
2;4;33;30242
2;4;34;4367
2;4;35;33954
2;4;36;6912
2;4;37;25082
2;4;38;1957
2;4;39;1269
2;4;40;17541
2;4;41;3134
2;4;42;785
2;4;43;1264
2;4;44;24044
2;4;45;24046
2;4;46;891
2;4;47;34050
2;4;48;1254
2;4;49;1334
2;4;50;32973
2;4;51;1255
2;4;52;2728
2;4;53;5791
2;4;54;0
2;4;55;5139
2;4;56;4234
2;4;57;25745
2;4;58;1040
2;4;59;16132
2;4;60;30164
2;4;61;747
2;4;62;811
2;4;63;21094
2;4;64;20533
2;4;65;1241
2;4;66;23106
2;4;67;1246
2;4;68;15945
2;4;69;18887
2;4;70;1247
2;4;71;28007
2;4;72;836
2;4;73;1590
2;4;74;3045
2;4;75;751
2;4;76;1083
2;4;77;23852
2;4;78;8331
2;4;79;25465
2;4;80;18009
2;4;81;22771
2;4;82;29839
2;4;83;30383
2;4;84;2094
2;4;85;21297
2;4;86;16326
2;4;87;31136
2;4;88;256
2;4;89;29246
2;4;90;205
2;4;91;24322
2;4;92;20453
2;4;93;20457
2;4;94;851
2;4;95;4618
2;4;96;1506
2;4;97;933
2;4;98;1211
2;4;99;30365
2;4;100;26706
2;4;101;1278
2;4;102;1272
2;4;103;8497
2;4;104;1085
2;4;105;850
2;4;106;808
2;4;107;27137
2;4;108;934
2;4;109;29626
2;4;110;1174
2;4;111;1007
2;4;112;31507
2;4;113;7472
2;4;114;4333
2;4;115;6527
2;4;116;26373
2;4;117;4328
2;4;118;4357
2;4;119;1189
2;4;120;5296
2;4;121;26558
2;4;122;24042
2;4;123;2511
2;4;124;32245
2;4;125;23086
2;4;126;8435
2;4;127;32370
2;4;128;5532
2;4;129;34111
2;4;130;32261
2;4;131;30075
2;4;132;3197
2;4;133;4359
2;4;134;6274
2;4;135;19168
2;4;136;16062
2;4;137;0
1;5;1;20512
1;5;2;2680
1;5;3;4749
1;5;4;4524
1;5;5;32946
1;5;6;2191
1;5;7;2188
1;5;8;32776
1;5;9;19186
1;5;10;7226
1;5;11;28367
1;5;12;21589
1;5;13;18996
1;5;14;651
1;5;15;5927
1;5;16;8699
1;5;17;6064
1;5;18;32386
1;5;19;577
1;5;20;5773
1;5;21;31750
1;5;22;5794
1;5;23;34343
1;5;24;30440
1;5;25;19441
1;5;26;26317
1;5;27;24822
1;5;28;31025
1;5;29;8361
1;5;30;31661
1;5;31;32823
1;5;32;31663
1;5;33;31658
1;5;34;0
1;5;35;1178
1;5;36;18283
1;5;37;753
1;5;38;28022
1;5;39;8316
1;5;40;32681
1;5;41;34684
1;5;42;4153
1;5;43;23456
1;5;44;5553
1;5;45;6895
1;5;46;143
1;5;47;1228
1;5;48;27958
1;5;49;32711
1;5;50;1603
1;5;51;34504
1;5;52;8333
1;5;53;24882
1;5;54;1064
1;5;55;881
1;5;56;1065
1;5;57;8363
1;5;58;1015
1;5;59;7747
1;5;60;3348
1;5;61;5793
1;5;62;31961
1;5;63;33985
1;5;64;1280
1;5;65;688
1;5;66;1041
1;5;67;882
1;5;68;8983
1;5;69;6322
1;5;70;2346
1;5;71;34611
1;5;72;6428
1;5;73;29399
1;5;74;29398
1;5;75;33513
1;5;76;15031
1;5;77;32245
1;5;78;33
1;5;79;395
1;5;80;25704
1;5;81;33951
1;5;82;25543
1;5;83;6181
1;5;84;6270
1;5;85;3209
1;5;86;20844
1;5;87;17733
1;5;88;16067
1;5;89;14927
1;5;90;23160
1;5;91;16661
1;5;92;3322
1;5;93;28702
1;5;94;5344
1;5;95;885
1;5;96;1179
1;5;97;23621
1;5;98;1331
1;5;99;1230
1;5;100;1599
1;5;101;4736
1;5;102;31801
1;5;103;859
1;5;104;0
2;5;1;33666
2;5;2;31485
2;5;3;8409
2;5;4;24164
2;5;5;1526
2;5;6;34331
2;5;7;5185
2;5;8;846
2;5;9;33306
2;5;10;33226
2;5;11;927
2;5;12;658
2;5;13;1008
2;5;14;32985
2;5;15;4881
2;5;16;21839
2;5;17;23862
2;5;18;5762
2;5;19;949
2;5;20;24590
2;5;21;984
2;5;22;26763
2;5;23;28546
2;5;24;1010
2;5;25;1184
2;5;26;31027
2;5;27;27932
2;5;28;18716
2;5;29;945
2;5;30;1640
2;5;31;843
2;5;32;1566
2;5;33;4334
2;5;34;3238
2;5;35;21064
2;5;36;809
2;5;37;27934
2;5;38;24163
2;5;39;810
2;5;40;31905
2;5;41;5298
2;5;42;29911
2;5;43;597
2;5;44;644
2;5;45;24119
2;5;46;8369
2;5;47;28987
2;5;48;5908
2;5;49;943
2;5;50;4340
2;5;51;2340
2;5;52;15093
2;5;53;2524
2;5;54;1200
2;5;55;24257
2;5;56;5576
2;5;57;993
2;5;58;981
2;5;59;33953
2;5;60;19950
2;5;61;4953
2;5;62;32746
2;5;63;32952
2;5;64;8669
2;5;65;28043
2;5;66;34389
2;5;67;33071
2;5;68;29892
2;5;69;4576
2;5;70;121
2;5;71;17957
2;5;72;31517
2;5;73;30863
2;5;74;27158
2;5;75;17714
2;5;76;24229
2;5;77;29931
2;5;78;31051
2;5;79;964
2;5;80;951
2;5;81;25743
2;5;82;23982
2;5;83;7205
2;5;84;1005
2;5;85;4721
2;5;86;952
2;5;87;944
2;5;88;940
2;5;89;23988
2;5;90;30243
2;5;91;30352
2;5;92;34197
2;5;93;29943
2;5;94;25649
2;5;95;33839
2;5;96;946
2;5;97;962
2;5;98;18715
2;5;99;696
2;5;100;941
2;5;101;942
2;5;102;31189
2;5;103;32949
2;5;104;33003
2;5;105;34825
2;5;106;30351
2;5;107;30160
2;5;108;30186
2;5;109;30218
2;5;110;30190
2;5;111;30934
2;5;112;0
2;5;113;0
