1;1;1;31461
1;1;2;3205
1;1;3;29921
1;1;4;5166
1;1;5;1771
1;1;6;5159
1;1;7;5012
1;1;8;122
1;1;9;7308
1;1;10;20010
1;1;11;4796
1;1;12;2306
1;1;13;7740
1;1;14;30370
1;1;15;4956
1;1;16;4977
1;1;17;33024
1;1;18;325
1;1;19;7104
1;1;20;3018
1;1;21;1903
1;1;22;32560
1;1;23;7359
1;1;24;7357
1;1;25;7355
1;1;26;24306
1;1;27;8497
1;1;28;1272
1;1;29;1332
1;1;30;31156
1;1;31;6654
1;1;32;205
1;1;33;29839
1;1;34;18006
1;1;35;1255
1;1;36;1267
1;1;37;1268
1;1;38;5036
1;1;39;26401
1;1;40;29885
1;1;41;26190
1;1;42;30149
1;1;43;28007
1;1;44;4779
1;1;45;24705
1;1;46;1246
1;1;47;1247
1;1;48;1084
1;1;49;5792
1;1;50;1638
1;1;51;3330
1;1;52;32079
1;1;53;32096
1;1;54;1241
1;1;55;789
1;1;56;21094
1;1;57;2741
1;1;58;3295
1;1;59;997
1;1;60;23391
1;1;61;1174
1;1;62;33840
1;1;63;1007
1;1;64;31507
1;1;65;15674
1;1;66;23726
1;1;67;34646
1;1;68;34650
1;1;69;7477
1;1;70;26046
1;1;71;0
1;1;72;1594
1;1;73;28495
1;1;74;2839
1;1;75;34672
1;1;76;4842
1;1;77;0
2;1;1;23728
2;1;2;1374
2;1;3;4800
2;1;4;4845
2;1;5;2091
2;1;6;4851
2;1;7;31661
2;1;8;31663
2;1;9;31658
2;1;10;5131
2;1;11;4852
2;1;12;34458
2;1;13;6315
2;1;14;2184
2;1;15;4935
2;1;16;2682
2;1;17;3292
2;1;18;26241
2;1;19;2627
2;1;20;6587
2;1;21;7309
2;1;22;2100
2;1;23;4235
2;1;24;1585
2;1;25;18872
2;1;26;8418
2;1;27;892
2;1;28;32809
2;1;29;28082
2;1;30;5063
2;1;31;31267
2;1;32;19836
2;1;33;3140
2;1;34;4950
2;1;35;603
2;1;36;4767
2;1;37;21967
2;1;38;4746
2;1;39;4829
2;1;40;5205
2;1;41;4823
2;1;42;4949
2;1;43;4774
2;1;44;7617
2;1;45;6340
2;1;46;795
2;1;47;5053
2;1;48;4631
2;1;49;27327
2;1;50;4974
2;1;51;8361
2;1;52;2680
2;1;53;20512
2;1;54;4981
2;1;55;5038
2;1;56;8368
2;1;57;19546
2;1;58;30809
2;1;59;1625
2;1;60;15272
2;1;61;20231
2;1;62;33532
2;1;63;24021
2;1;64;34762
2;1;65;4858
2;1;66;19000
2;1;67;7753
2;1;68;16132
2;1;69;25745
2;1;70;1040
2;1;71;31151
2;1;72;30812
2;1;73;6828
2;1;74;27365
2;1;75;30165
2;1;76;32895
2;1;77;1012
2;1;78;8131
2;1;79;1221
2;1;80;8233
2;1;81;835
2;1;82;7646
2;1;83;4487
2;1;84;7720
2;1;85;27692
2;1;86;20412
2;1;87;817
2;1;88;34424
2;1;89;7709
2;1;90;1043
2;1;91;642
2;1;92;27100
2;1;93;32109
2;1;94;0
2;1;95;33236
2;1;96;28899
2;1;97;33666
2;1;98;28825
2;1;99;32889
2;1;100;4910
2;1;101;2949
2;1;102;4987
2;1;103;5202
2;1;104;17201
2;1;105;4992
2;1;106;5128
2;1;107;5929
2;1;108;4988
2;1;109;5407
2;1;110;1758
2;1;111;8244
2;1;112;5097
2;1;113;4740
2;1;114;5055
2;1;115;28289
2;1;116;22171
2;1;117;5018
2;1;118;1732
2;1;119;5017
2;1;120;6224
2;1;121;4763
2;1;122;5006
2;1;123;24162
2;1;124;5056
2;1;125;5004
2;1;126;4875
2;1;127;4798
2;1;128;34679
2;1;129;32702
2;1;130;4969
2;1;131;24120
2;1;132;28819
2;1;133;4884
2;1;134;34739
2;1;135;2539
2;1;136;6217
2;1;137;5009
2;1;138;6925
2;1;139;31279
2;1;140;31898
2;1;141;5888
2;1;142;7953
2;1;143;4780
2;1;144;7211
2;1;145;15940
2;1;146;5339
2;1;147;5092
2;1;148;5189
2;1;149;1728
2;1;150;4958
2;1;151;26079
2;1;152;5010
2;1;153;18
2;1;154;29730
2;1;155;4844
2;1;156;17969
2;1;157;0
1;2;1;2191
1;2;2;2188
1;2;3;767
1;2;4;32562
1;2;5;25248
1;2;6;552
1;2;7;809
1;2;8;27934
1;2;9;27932
1;2;10;28546
1;2;11;26763
1;2;12;949
1;2;13;5762
1;2;14;32950
1;2;15;33306
1;2;16;33226
1;2;17;29598
1;2;18;32776
1;2;19;8444
1;2;20;32245
1;2;21;33
1;2;22;7184
1;2;23;16062
1;2;24;31750
1;2;25;23590
1;2;26;1605
1;2;27;14927
1;2;28;32711
1;2;29;8333
1;2;30;19473
1;2;31;730
1;2;32;0
1;2;33;1854
1;2;34;7774
1;2;35;33849
1;2;36;6289
1;2;37;34878
1;2;38;4750
1;2;39;6286
1;2;40;4994
1;2;41;5729
1;2;42;2353
1;2;43;8410
1;2;44;29509
1;2;45;5005
1;2;46;5015
1;2;47;4350
1;2;48;4879
1;2;49;4753
1;2;50;895
1;2;51;15458
1;2;52;2316
1;2;53;5362
1;2;54;15426
1;2;55;1824
1;2;56;6865
1;2;57;17095
1;2;58;1772
1;2;59;22342
1;2;60;6249
1;2;61;32606
1;2;62;2621
1;2;63;2698
1;2;64;26054
1;2;65;32601
1;2;66;1895
1;2;67;4797
1;2;68;4896
1;2;69;5049
1;2;70;7300
1;2;71;1760
1;2;72;4838
1;2;73;19697
1;2;74;25678
1;2;75;34219
1;2;76;4752
1;2;77;33211
1;2;78;25969
1;2;79;4934
1;2;80;17907
1;2;81;6147
1;2;82;8141
1;2;83;1764
1;2;84;1727
1;2;85;5555
1;2;86;2757
1;2;87;1755
1;2;88;6888
1;2;89;2707
1;2;90;1805
1;2;91;1745
1;2;92;1734
1;2;93;15142
1;2;94;31679
1;2;95;5116
1;2;96;19377
1;2;97;1959
1;2;98;0
2;2;1;7161
2;2;2;7941
2;2;3;20690
2;2;4;16580
2;2;5;4773
2;2;6;5856
2;2;7;5204
2;2;8;4985
2;2;9;28315
2;2;10;5141
2;2;11;6316
2;2;12;5111
2;2;13;4775
2;2;14;22296
2;2;15;32568
2;2;16;4831
2;2;17;4801
2;2;18;8211
2;2;19;820
2;2;20;5114
2;2;21;5048
2;2;22;2832
2;2;23;1601
2;2;24;6395
2;2;25;15487
2;2;26;8319
2;2;27;5190
2;2;28;4857
2;2;29;5105
2;2;30;4824
2;2;31;29035
2;2;32;5140
2;2;33;30528
2;2;34;5152
2;2;35;4608
2;2;36;5571
2;2;37;5107
2;2;38;5170
2;2;39;4955
2;2;40;5239
2;2;41;5176
2;2;42;4945
2;2;43;5175
2;2;44;19087
2;2;45;2334
2;2;46;5983
2;2;47;4957
2;2;48;4772
2;2;49;29250
2;2;50;5832
2;2;51;8412
2;2;52;28125
2;2;53;5058
2;2;54;5144
2;2;55;5109
2;2;56;5061
2;2;57;19155
2;2;58;6359
2;2;59;4991
2;2;60;5039
2;2;61;34121
2;2;62;7480
2;2;63;32559
2;2;64;1739
2;2;65;4783
2;2;66;6603
2;2;67;7541
2;2;68;25100
2;2;69;1826
2;2;70;4755
2;2;71;34841
2;2;72;8327
2;2;73;16607
2;2;74;338
2;2;75;4895
2;2;76;4816
2;2;77;30238
2;2;78;6272
2;2;79;1875
2;2;80;1876
2;2;81;5564
2;2;82;5142
2;2;83;31913
2;2;84;6144
2;2;85;5082
2;2;86;16697
2;2;87;6136
2;2;88;26064
2;2;89;5178
2;2;90;898
2;2;91;24125
2;2;92;5146
2;2;93;5011
2;2;94;8414
2;2;95;1751
2;2;96;5550
2;2;97;5861
2;2;98;2697
2;2;99;4766
2;2;100;5127
2;2;101;5050
2;2;102;5052
2;2;103;4903
2;2;104;31548
2;2;105;32285
2;2;106;15825
2;2;107;5351
2;2;108;4970
2;2;109;1888
2;2;110;25860
2;2;111;1995
2;2;112;30875
2;2;113;17262
2;2;114;5093
2;2;115;0
2;2;116;5226
2;2;117;4986
2;2;118;875
2;2;119;317
2;2;120;33203
2;2;121;32538
2;2;122;908
2;2;123;907
2;2;124;27189
2;2;125;30872
2;2;126;1774
2;2;127;7814
2;2;128;887
2;2;129;969
2;2;130;21179
2;2;131;909
2;2;132;6129
2;2;133;7371
2;2;134;7370
2;2;135;26248
2;2;136;7365
2;2;137;16960
2;2;138;7372
2;2;139;1069
2;2;140;27137
2;2;141;850
2;2;142;808
2;2;143;29626
2;2;144;934
2;2;145;1085
2;2;146;844
2;2;147;30382
2;2;148;1223
2;2;149;930
2;2;150;7097
2;2;151;23922
2;2;152;733
2;2;153;18837
2;2;154;25341
2;2;155;8269
2;2;156;34486
2;2;157;29087
2;2;158;7374
2;2;159;23890
2;2;160;33996
2;2;161;812
2;2;162;956
2;2;163;1522
2;2;164;20328
2;2;165;7694
2;2;166;32694
2;2;167;8272
2;2;168;8584
2;2;169;0
1;3;1;361
1;3;2;3223
1;3;3;33346
1;3;4;31663
1;3;5;31661
1;3;6;32823
1;3;7;31658
1;3;8;5542
1;3;9;4749
1;3;10;5804
1;3;11;6010
1;3;12;8413
1;3;13;5126
1;3;14;24078
1;3;15;8030
1;3;16;1181
1;3;17;6887
1;3;18;29266
1;3;19;5787
1;3;20;5219
1;3;21;4911
1;3;22;32102
1;3;23;30229
1;3;24;5788
1;3;25;30968
1;3;26;32778
1;3;27;20793
1;3;28;4904
1;3;29;576
1;3;30;2314
1;3;31;25195
1;3;32;21701
1;3;33;3046
1;3;34;21276
1;3;35;21807
1;3;36;20621
1;3;37;33425
1;3;38;31023
1;3;39;5221
1;3;40;30710
1;3;41;29895
1;3;42;25908
1;3;43;16093
1;3;44;17665
1;3;45;7070
1;3;46;1731
1;3;47;23990
1;3;48;34306
1;3;49;1013
1;3;50;24047
1;3;51;27465
1;3;52;26414
1;3;53;14930
1;3;54;18835
1;3;55;26243
1;3;56;7610
1;3;57;29647
1;3;58;31152
1;3;59;34612
1;3;60;15180
1;3;61;7980
1;3;62;30824
1;3;63;16759
1;3;64;34669
1;3;65;839
1;3;66;7747
1;3;67;881
1;3;68;1065
1;3;69;1064
1;3;70;1015
1;3;71;8363
1;3;72;15911
1;3;73;1188
1;3;74;661
1;3;75;0
1;3;76;31020
1;3;77;2688
1;3;78;358
1;3;79;2699
1;3;80;6498
1;3;81;4579
1;3;82;1726
1;3;83;15767
1;3;84;22184
1;3;85;5209
1;3;86;33686
1;3;87;25213
1;3;88;27965
1;3;89;23596
1;3;90;22704
1;3;91;29032
1;3;92;28516
1;3;93;16908
1;3;94;30026
1;3;95;30730
1;3;96;32774
1;3;97;2500
1;3;98;6771
1;3;99;20215
1;3;100;26836
1;3;101;406
1;3;102;26515
1;3;103;16575
1;3;104;15074
1;3;105;16919
1;3;106;7492
1;3;107;24043
1;3;108;3219
1;3;109;28784
1;3;110;114
1;3;111;4782
1;3;112;4825
1;3;113;1212
1;3;114;21343
1;3;115;4878
1;3;116;919
1;3;117;34909
1;3;118;5878
1;3;119;996
1;3;120;24118
1;3;121;33104
1;3;122;18967
1;3;123;1378
1;3;124;24389
1;3;125;880
1;3;126;5473
1;3;127;23880
1;3;128;4319
1;3;129;1518
1;3;130;34544
1;3;131;30157
1;3;132;0
2;3;1;2836
2;3;2;21335
2;3;3;363
2;3;4;25188
2;3;5;4734
2;3;6;4524
2;3;7;32946
2;3;8;31469
2;3;9;8202
2;3;10;24180
2;3;11;25920
2;3;12;562
2;3;13;30375
2;3;14;5682
2;3;15;1934
2;3;16;33947
2;3;17;537
2;3;18;1517
2;3;19;2740
2;3;20;4354
2;3;21;6248
2;3;22;622
2;3;23;25262
2;3;24;7237
2;3;25;768
2;3;26;23110
2;3;27;584
2;3;28;7714
2;3;29;6478
2;3;30;23155
2;3;31;1583
2;3;32;32300
2;3;33;32245
2;3;34;29931
2;3;35;31051
2;3;36;34389
2;3;37;24119
2;3;38;951
2;3;39;25743
2;3;40;23982
2;3;41;1005
2;3;42;952
2;3;43;944
2;3;44;597
2;3;45;30199
2;3;46;7437
2;3;47;1720
2;3;48;5303
2;3;49;2212
2;3;50;34593
2;3;51;15631
2;3;52;23795
2;3;53;32127
2;3;54;28061
2;3;55;2259
2;3;56;7040
2;3;57;620
2;3;58;449
2;3;59;573
2;3;60;6955
2;3;61;8201
2;3;62;7316
2;3;63;7315
2;3;64;7730
2;3;65;1155
2;3;66;7011
2;3;67;31188
2;3;68;22825
2;3;69;624
2;3;70;1067
2;3;71;5229
2;3;72;8234
2;3;73;550
2;3;74;33206
2;3;75;32876
2;3;76;33976
2;3;77;30411
2;3;78;30814
2;3;79;8290
2;3;80;2862
2;3;81;27124
2;3;82;30815
2;3;83;538
2;3;84;25776
2;3;85;7618
2;3;86;34199
2;3;87;7072
2;3;88;526
2;3;89;1324
2;3;90;572
2;3;91;571
2;3;92;574
2;3;93;1000
2;3;94;141
2;3;95;25584
2;3;96;33781
2;3;97;2652
2;3;98;1063
2;3;99;0
2;3;100;7772
2;3;101;33666
2;3;102;30164
2;3;103;747
2;3;104;811
2;3;105;23955
2;3;106;935
2;3;107;7083
2;3;108;4088
2;3;109;33904
2;3;110;883
2;3;111;20533
2;3;112;868
2;3;113;22253
2;3;114;1336
2;3;115;31588
2;3;116;6260
2;3;117;766
2;3;118;6169
2;3;119;29744
2;3;120;28198
2;3;121;4454
2;3;122;1018
2;3;123;2593
2;3;124;6863
2;3;125;0
1;4;1;6168
1;4;2;6587
1;4;3;3349
1;4;4;5636
1;4;5;1663
1;4;6;19987
1;4;7;5224
1;4;8;34910
1;4;9;26079
1;4;10;18
1;4;11;1407
1;4;12;6809
1;4;13;4978
1;4;14;4763
1;4;15;27613
1;4;16;7953
1;4;17;24120
1;4;18;3003
1;4;19;30152
1;4;20;15760
1;4;21;7308
1;4;22;2300
1;4;23;5201
1;4;24;4804
1;4;25;30969
1;4;26;2306
1;4;27;7740
1;4;28;4748
1;4;29;23070
1;4;30;4751
1;4;31;5080
1;4;32;4815
1;4;33;7359
1;4;34;7355
1;4;35;24306
1;4;36;7357
1;4;37;7373
1;4;38;1335
1;4;39;1247
1;4;40;1246
1;4;41;16673
1;4;42;33002
1;4;43;32079
1;4;44;2241
1;4;45;2483
1;4;46;29975
1;4;47;8971
1;4;48;7133
1;4;49;3333
1;4;50;1584
1;4;51;21094
1;4;52;2741
1;4;53;7009
1;4;54;17379
1;4;55;7137
1;4;56;162
1;4;57;31483
1;4;58;30657
1;4;59;7430
1;4;60;4337
1;4;61;1213
1;4;62;783
1;4;63;7791
1;4;64;34374
1;4;65;31608
1;4;66;557
1;4;67;1017
1;4;68;23726
1;4;69;34650
1;4;70;34646
1;4;71;5264
1;4;72;32735
1;4;73;26046
1;4;74;7314
1;4;75;15674
1;4;76;19375
1;4;77;7472
1;4;78;15945
1;4;79;18887
1;4;80;23106
1;4;81;31801
1;4;82;859
1;4;83;4736
1;4;84;1230
1;4;85;1599
1;4;86;885
1;4;87;5344
1;4;88;28702
1;4;89;3322
1;4;90;0
1;4;91;34762
1;4;92;5037
1;4;93;1303
1;4;94;1669
1;4;95;32109
1;4;96;7424
1;4;97;960
1;4;98;31323
1;4;99;8188
1;4;100;701
1;4;101;508
1;4;102;7505
1;4;103;22483
1;4;104;7646
1;4;105;32168
1;4;106;8033
1;4;107;5970
1;4;108;31441
1;4;109;23037
1;4;110;7979
1;4;111;26070
1;4;112;804
1;4;113;15265
1;4;114;3357
1;4;115;20255
1;4;116;6360
1;4;117;33162
1;4;118;1312
1;4;119;26862
1;4;120;33926
1;4;121;24295
1;4;122;26706
1;4;123;30365
1;4;124;1211
1;4;125;933
1;4;126;4618
1;4;127;851
1;4;128;34366
1;4;129;1273
1;4;130;2939
1;4;131;1506
1;4;132;31156
1;4;133;30825
1;4;134;0
2;4;1;4926
2;4;2;32813
2;4;3;34582
2;4;4;4814
2;4;5;34288
2;4;6;29175
2;4;7;24882
2;4;8;5882
2;4;9;33827
2;4;10;28007
2;4;11;3045
2;4;12;1590
2;4;13;20453
2;4;14;20457
2;4;15;24322
2;4;16;33954
2;4;17;30242
2;4;18;4367
2;4;19;6912
2;4;20;29204
2;4;21;203
2;4;22;205
2;4;23;204
2;4;24;1957
2;4;25;25082
2;4;26;31136
2;4;27;16326
2;4;28;256
2;4;29;29246
2;4;30;1256
2;4;31;31904
2;4;32;24461
2;4;33;20963
2;4;34;31900
2;4;35;24294
2;4;36;5679
2;4;37;3134
2;4;38;1254
2;4;39;17541
2;4;40;785
2;4;41;1264
2;4;42;24046
2;4;43;24044
2;4;44;32973
2;4;45;34050
2;4;46;1334
2;4;47;891
2;4;48;1255
2;4;49;32864
2;4;50;1066
2;4;51;24358
2;4;52;30089
2;4;53;5791
2;4;54;2728
2;4;55;6139
2;4;56;23702
2;4;57;853
2;4;58;4358
2;4;59;33985
2;4;60;2516
2;4;61;2714
2;4;62;20419
2;4;63;751
2;4;64;1083
2;4;65;23852
2;4;66;15168
2;4;67;24449
2;4;68;3141
2;4;69;26265
2;4;70;778
2;4;71;882
2;4;72;31025
2;4;73;31833
2;4;74;17957
2;4;75;31517
2;4;76;30863
2;4;77;27158
2;4;78;17714
2;4;79;32245
2;4;80;23086
2;4;81;19168
2;4;82;6274
2;4;83;4359
2;4;84;30075
2;4;85;3197
2;4;86;395
2;4;87;25704
2;4;88;34343
2;4;89;30440
2;4;90;26317
2;4;91;0
2;4;92;33236
2;4;93;23728
2;4;94;5215
2;4;95;972
2;4;96;4234
2;4;97;27700
2;4;98;1602
2;4;99;31183
2;4;100;29342
2;4;101;4201
2;4;102;34814
2;4;103;936
2;4;104;22751
2;4;105;2456
2;4;106;3348
2;4;107;5793
2;4;108;697
2;4;109;1278
2;4;110;31961
2;4;111;1268
2;4;112;5036
2;4;113;29893
2;4;114;25465
2;4;115;21300
2;4;116;1269
2;4;117;8331
2;4;118;22147
2;4;119;1280
2;4;120;18009
2;4;121;29839
2;4;122;22771
2;4;123;30383
2;4;124;2094
2;4;125;21297
2;4;126;1924
2;4;127;28517
2;4;128;1041
2;4;129;688
2;4;130;1068
2;4;131;1337
2;4;132;4357
2;4;133;4328
2;4;134;6527
2;4;135;4333
2;4;136;26373
2;4;137;1189
2;4;138;24822
2;4;139;19441
2;4;140;3209
2;4;141;20844
2;4;142;6270
2;4;143;6181
2;4;144;25543
2;4;145;33951
2;4;146;4318
2;4;147;6321
2;4;148;24330
2;4;149;18963
2;4;150;27561
2;4;151;2511
2;4;152;26558
2;4;153;5296
2;4;154;24042
2;4;155;0
1;5;1;8607
1;5;2;24528
1;5;3;2188
1;5;4;2191
1;5;5;7706
1;5;6;25586
1;5;7;33306
1;5;8;33226
1;5;9;9490
1;5;10;32245
1;5;11;33
1;5;12;5794
1;5;13;17733
1;5;14;16067
1;5;15;15958
1;5;16;5297
1;5;17;18720
1;5;18;33070
1;5;19;1603
1;5;20;34504
1;5;21;836
1;5;22;3308
1;5;23;5139
1;5;24;8365
1;5;25;23810
1;5;26;5232
1;5;27;4907
1;5;28;6503
1;5;29;31661
1;5;30;31658
1;5;31;31663
1;5;32;0
1;5;33;33666
1;5;34;1178
1;5;35;18283
1;5;36;753
1;5;37;1331
1;5;38;23621
1;5;39;1179
1;5;40;4153
1;5;41;23456
1;5;42;28022
1;5;43;34684
1;5;44;5553
1;5;45;6895
1;5;46;143
1;5;47;1228
1;5;48;23160
1;5;49;16661
1;5;50;27958
1;5;51;14927
1;5;52;31750
1;5;53;5773
1;5;54;32261
1;5;55;32370
1;5;56;8435
1;5;57;24229
1;5;58;121
1;5;59;29892
1;5;60;4576
1;5;61;33071
1;5;62;6322
1;5;63;8983
1;5;64;34611
1;5;65;2346
1;5;66;6428
1;5;67;29398
1;5;68;29399
1;5;69;6378
1;5;70;5927
1;5;71;651
1;5;72;18996
1;5;73;21589
1;5;74;28367
1;5;75;7226
1;5;76;19186
1;5;77;32985
1;5;78;927
1;5;79;658
1;5;80;1008
1;5;81;4881
1;5;82;6813
1;5;83;23862
1;5;84;21839
1;5;85;846
1;5;86;24590
1;5;87;984
1;5;88;5185
1;5;89;34331
1;5;90;1526
1;5;91;24164
1;5;92;8409
1;5;93;31485
1;5;94;0
2;5;1;24163
2;5;2;27934
2;5;3;21064
2;5;4;3238
2;5;5;4334
2;5;6;1566
2;5;7;843
2;5;8;1640
2;5;9;945
2;5;10;18716
2;5;11;16472
2;5;12;22341
2;5;13;865
2;5;14;33318
2;5;15;27932
2;5;16;31027
2;5;17;1184
2;5;18;1010
2;5;19;810
2;5;20;3329
2;5;21;942
2;5;22;941
2;5;23;962
2;5;24;18715
2;5;25;696
2;5;26;31905
2;5;27;5298
2;5;28;29911
2;5;29;644
2;5;30;964
2;5;31;7205
2;5;32;4721
2;5;33;940
2;5;34;31189
2;5;35;32949
2;5;36;30190
2;5;37;30351
2;5;38;30160
2;5;39;30186
2;5;40;34197
2;5;41;32952
2;5;42;943
2;5;43;5908
2;5;44;32746
2;5;45;4953
2;5;46;981
2;5;47;19950
2;5;48;33953
2;5;49;993
2;5;50;5576
2;5;51;24257
2;5;52;1200
2;5;53;2524
2;5;54;15093
2;5;55;2340
2;5;56;4340
2;5;57;28043
2;5;58;28987
2;5;59;8669
2;5;60;8369
2;5;61;23988
2;5;62;33003
2;5;63;34825
2;5;64;30218
2;5;65;30243
2;5;66;30352
2;5;67;29943
2;5;68;25649
2;5;69;946
2;5;70;33839
2;5;71;30934
2;5;72;9016
2;5;73;17439
2;5;74;31047
2;5;75;30758
2;5;76;29973
2;5;77;33740
2;5;78;6094
2;5;79;1139
2;5;80;3115
2;5;81;28546
2;5;82;25505
2;5;83;19770
2;5;84;948
2;5;85;950
2;5;86;959
2;5;87;890
2;5;88;23876
2;5;89;958
2;5;90;947
2;5;91;7867
2;5;92;932
2;5;93;6255
2;5;94;21147
2;5;95;33991
2;5;96;8492
2;5;97;6759
2;5;98;2840
2;5;99;8942
2;5;100;28985
2;5;101;15031
2;5;102;33513
2;5;103;8699
2;5;104;6064
2;5;105;32386
2;5;106;577
2;5;107;5532
2;5;108;34111
2;5;109;32681
2;5;110;8316
2;5;111;0
2;5;112;0
