1;1;1;31461
1;1;2;3205
1;1;3;29921
1;1;4;4748
1;1;5;1771
1;1;6;5159
1;1;7;5012
1;1;8;122
1;1;9;7308
1;1;10;5201
1;1;11;20010
1;1;12;4796
1;1;13;7740
1;1;14;2306
1;1;15;5166
1;1;16;4751
1;1;17;1181
1;1;18;3018
1;1;19;4749
1;1;20;32560
1;1;21;7355
1;1;22;7359
1;1;23;24306
1;1;24;7357
1;1;25;8497
1;1;26;1332
1;1;27;30825
1;1;28;31156
1;1;29;6654
1;1;30;205
1;1;31;204
1;1;32;21297
1;1;33;29839
1;1;34;18009
1;1;35;1255
1;1;36;1267
1;1;37;1268
1;1;38;5036
1;1;39;2516
1;1;40;26401
1;1;41;26190
1;1;42;29885
1;1;43;30149
1;1;44;28007
1;1;45;24705
1;1;46;1246
1;1;47;1247
1;1;48;4779
1;1;49;1084
1;1;50;5792
1;1;51;33002
1;1;52;32079
1;1;53;2241
1;1;54;31588
1;1;55;1241
1;1;56;789
1;1;57;21094
1;1;58;2741
1;1;59;3295
1;1;60;997
1;1;61;1174
1;1;62;23391
1;1;63;33840
1;1;64;1007
1;1;65;31507
1;1;66;15674
1;1;67;23726
1;1;68;34650
1;1;69;34646
1;1;70;7477
1;1;71;7315
1;1;72;32735
1;1;73;26046
1;1;74;0
1;1;75;33236
1;1;76;7774
1;1;77;363
1;1;78;1594
1;1;79;34672
1;1;80;4842
1;1;81;2839
1;1;82;28495
1;1;83;0
2;1;1;33666
2;1;2;1374
2;1;3;795
2;1;4;27327
2;1;5;8418
2;1;6;4851
2;1;7;31658
2;1;8;31663
2;1;9;31661
2;1;10;26241
2;1;11;34458
2;1;12;6315
2;1;13;2184
2;1;14;3292
2;1;15;2682
2;1;16;4935
2;1;17;2627
2;1;18;6587
2;1;19;7309
2;1;20;4235
2;1;21;1585
2;1;22;2100
2;1;23;18872
2;1;24;4845
2;1;25;892
2;1;26;28082
2;1;27;32809
2;1;28;4746
2;1;29;4950
2;1;30;5063
2;1;31;4767
2;1;32;31267
2;1;33;21967
2;1;34;19836
2;1;35;603
2;1;36;3140
2;1;37;4829
2;1;38;5205
2;1;39;4823
2;1;40;4949
2;1;41;4774
2;1;42;6340
2;1;43;7617
2;1;44;6168
2;1;45;5053
2;1;46;4631
2;1;47;2091
2;1;48;2680
2;1;49;20512
2;1;50;4981
2;1;51;5038
2;1;52;30809
2;1;53;19546
2;1;54;20231
2;1;55;1625
2;1;56;15272
2;1;57;8368
2;1;58;33849
2;1;59;4974
2;1;60;33532
2;1;61;4800
2;1;62;23810
2;1;63;8365
2;1;64;34762
2;1;65;34288
2;1;66;661
2;1;67;7753
2;1;68;16132
2;1;69;1040
2;1;70;25745
2;1;71;31151
2;1;72;2456
2;1;73;27365
2;1;74;30165
2;1;75;8131
2;1;76;32895
2;1;77;1221
2;1;78;1012
2;1;79;835
2;1;80;7646
2;1;81;22483
2;1;82;7720
2;1;83;27692
2;1;84;701
2;1;85;817
2;1;86;7709
2;1;87;1043
2;1;88;642
2;1;89;31323
2;1;90;32109
2;1;91;1303
2;1;92;0
2;1;93;23728
2;1;94;28825
2;1;95;32889
2;1;96;4910
2;1;97;2949
2;1;98;4987
2;1;99;5202
2;1;100;17201
2;1;101;4992
2;1;102;5929
2;1;103;5128
2;1;104;4988
2;1;105;5407
2;1;106;1758
2;1;107;5097
2;1;108;8244
2;1;109;5055
2;1;110;4740
2;1;111;28289
2;1;112;6809
2;1;113;5018
2;1;114;1732
2;1;115;5017
2;1;116;4978
2;1;117;6224
2;1;118;4763
2;1;119;27613
2;1;120;24162
2;1;121;1407
2;1;122;5056
2;1;123;4875
2;1;124;4969
2;1;125;7953
2;1;126;6925
2;1;127;2539
2;1;128;32702
2;1;129;4798
2;1;130;34679
2;1;131;7211
2;1;132;31279
2;1;133;5009
2;1;134;4780
2;1;135;24120
2;1;136;28819
2;1;137;5888
2;1;138;31898
2;1;139;4884
2;1;140;6217
2;1;141;15940
2;1;142;5339
2;1;143;5362
2;1;144;5189
2;1;145;1728
2;1;146;4958
2;1;147;34910
2;1;148;26079
2;1;149;5010
2;1;150;18
2;1;151;29730
2;1;152;4844
2;1;153;17969
2;1;154;0
1;2;1;2191
1;2;2;2188
1;2;3;32562
1;2;4;25248
1;2;5;552
1;2;6;809
1;2;7;27934
1;2;8;865
1;2;9;27932
1;2;10;3329
1;2;11;810
1;2;12;28546
1;2;13;3115
1;2;14;24164
1;2;15;5185
1;2;16;846
1;2;17;32950
1;2;18;33306
1;2;19;33226
1;2;20;29598
1;2;21;32776
1;2;22;8444
1;2;23;32245
1;2;24;33
1;2;25;7184
1;2;26;16062
1;2;27;31750
1;2;28;23590
1;2;29;1605
1;2;30;14927
1;2;31;32711
1;2;32;8333
1;2;33;730
1;2;34;19473
1;2;35;0
1;2;36;1854
1;2;37;8211
1;2;38;8413
1;2;39;24078
1;2;40;34878
1;2;41;4750
1;2;42;6286
1;2;43;8410
1;2;44;19987
1;2;45;4994
1;2;46;5729
1;2;47;29509
1;2;48;15458
1;2;49;895
1;2;50;4753
1;2;51;5005
1;2;52;4350
1;2;53;5015
1;2;54;4879
1;2;55;2316
1;2;56;5092
1;2;57;1824
1;2;58;15426
1;2;59;6865
1;2;60;1772
1;2;61;17095
1;2;62;22342
1;2;63;32606
1;2;64;6249
1;2;65;2621
1;2;66;4896
1;2;67;1895
1;2;68;32601
1;2;69;4797
1;2;70;26054
1;2;71;2698
1;2;72;5049
1;2;73;7300
1;2;74;1760
1;2;75;4838
1;2;76;34219
1;2;77;4752
1;2;78;19697
1;2;79;25678
1;2;80;33211
1;2;81;25969
1;2;82;4934
1;2;83;17907
1;2;84;6147
1;2;85;8141
1;2;86;2757
1;2;87;1727
1;2;88;1805
1;2;89;5555
1;2;90;1764
1;2;91;1755
1;2;92;6888
1;2;93;1734
1;2;94;15142
1;2;95;1745
1;2;96;2707
1;2;97;30969
1;2;98;5116
1;2;99;19377
1;2;100;1959
1;2;101;0
2;2;1;7161
2;2;2;7941
2;2;3;20690
2;2;4;16580
2;2;5;5204
2;2;6;5141
2;2;7;4985
2;2;8;4773
2;2;9;5856
2;2;10;6316
2;2;11;28315
2;2;12;5111
2;2;13;4775
2;2;14;32568
2;2;15;22296
2;2;16;4831
2;2;17;4801
2;2;18;6010
2;2;19;820
2;2;20;5114
2;2;21;5048
2;2;22;2832
2;2;23;8319
2;2;24;15487
2;2;25;6395
2;2;26;1601
2;2;27;5190
2;2;28;4857
2;2;29;5105
2;2;30;4824
2;2;31;29035
2;2;32;5170
2;2;33;5107
2;2;34;4608
2;2;35;5571
2;2;36;5152
2;2;37;30528
2;2;38;5140
2;2;39;4955
2;2;40;5175
2;2;41;5176
2;2;42;4945
2;2;43;5239
2;2;44;19087
2;2;45;2334
2;2;46;5983
2;2;47;4957
2;2;48;4772
2;2;49;29250
2;2;50;5832
2;2;51;8412
2;2;52;28125
2;2;53;5058
2;2;54;5144
2;2;55;5109
2;2;56;5061
2;2;57;19155
2;2;58;6359
2;2;59;4991
2;2;60;34121
2;2;61;5039
2;2;62;7480
2;2;63;32559
2;2;64;1739
2;2;65;4783
2;2;66;7541
2;2;67;6603
2;2;68;898
2;2;69;24125
2;2;70;5011
2;2;71;1826
2;2;72;8327
2;2;73;34841
2;2;74;4755
2;2;75;16607
2;2;76;338
2;2;77;4816
2;2;78;4895
2;2;79;30238
2;2;80;6272
2;2;81;1876
2;2;82;1875
2;2;83;5564
2;2;84;5142
2;2;85;31913
2;2;86;5082
2;2;87;6144
2;2;88;16697
2;2;89;6136
2;2;90;26064
2;2;91;5178
2;2;92;25100
2;2;93;5146
2;2;94;5550
2;2;95;8414
2;2;96;1751
2;2;97;5861
2;2;98;2697
2;2;99;5127
2;2;100;4766
2;2;101;5050
2;2;102;5052
2;2;103;4903
2;2;104;31548
2;2;105;32285
2;2;106;15825
2;2;107;5351
2;2;108;4970
2;2;109;1888
2;2;110;30875
2;2;111;25860
2;2;112;5093
2;2;113;17262
2;2;114;1995
2;2;115;0
2;2;116;2688
2;2;117;25188
2;2;118;361
2;2;119;4734
2;2;120;3223
2;2;121;7772
2;2;122;4986
2;2;123;875
2;2;124;317
2;2;125;33203
2;2;126;32538
2;2;127;907
2;2;128;908
2;2;129;27189
2;2;130;30872
2;2;131;1774
2;2;132;7814
2;2;133;26248
2;2;134;7365
2;2;135;7373
2;2;136;7372
2;2;137;7370
2;2;138;887
2;2;139;909
2;2;140;6129
2;2;141;969
2;2;142;21179
2;2;143;16960
2;2;144;7371
2;2;145;1085
2;2;146;27137
2;2;147;808
2;2;148;850
2;2;149;29626
2;2;150;934
2;2;151;1069
2;2;152;844
2;2;153;30382
2;2;154;1223
2;2;155;930
2;2;156;7097
2;2;157;23922
2;2;158;733
2;2;159;18837
2;2;160;25341
2;2;161;8269
2;2;162;32168
2;2;163;34486
2;2;164;29087
2;2;165;23890
2;2;166;7374
2;2;167;812
2;2;168;7009
2;2;169;33996
2;2;170;1522
2;2;171;20328
2;2;172;7694
2;2;173;32694
2;2;174;8272
2;2;175;8584
2;2;176;0
1;3;1;6503
1;3;2;31663
1;3;3;31658
1;3;4;31661
1;3;5;4852
1;3;6;5131
1;3;7;8361
1;3;8;1903
1;3;9;5804
1;3;10;7104
1;3;11;6289
1;3;12;325
1;3;13;33024
1;3;14;4977
1;3;15;6887
1;3;16;1663
1;3;17;29266
1;3;18;5219
1;3;19;4911
1;3;20;32102
1;3;21;30229
1;3;22;5788
1;3;23;30968
1;3;24;32778
1;3;25;20793
1;3;26;4904
1;3;27;576
1;3;28;2314
1;3;29;25195
1;3;30;21701
1;3;31;3046
1;3;32;21276
1;3;33;21807
1;3;34;20621
1;3;35;33425
1;3;36;31023
1;3;37;5221
1;3;38;30710
1;3;39;29895
1;3;40;25908
1;3;41;16093
1;3;42;17665
1;3;43;7070
1;3;44;1731
1;3;45;935
1;3;46;34306
1;3;47;1013
1;3;48;24047
1;3;49;27465
1;3;50;26414
1;3;51;14930
1;3;52;18835
1;3;53;26243
1;3;54;29647
1;3;55;7610
1;3;56;31152
1;3;57;34612
1;3;58;15180
1;3;59;7980
1;3;60;16759
1;3;61;30824
1;3;62;34669
1;3;63;7747
1;3;64;1015
1;3;65;1065
1;3;66;881
1;3;67;1064
1;3;68;8363
1;3;69;839
1;3;70;27700
1;3;71;4234
1;3;72;29175
1;3;73;0
1;3;74;28899
1;3;75;33346
1;3;76;2836
1;3;77;21335
1;3;78;2699
1;3;79;6498
1;3;80;4579
1;3;81;1726
1;3;82;15767
1;3;83;22184
1;3;84;24043
1;3;85;25213
1;3;86;29032
1;3;87;30730
1;3;88;16919
1;3;89;1212
1;3;90;21343
1;3;91;16908
1;3;92;32774
1;3;93;4825
1;3;94;26515
1;3;95;15074
1;3;96;6771
1;3;97;16575
1;3;98;2500
1;3;99;22704
1;3;100;5209
1;3;101;30026
1;3;102;33686
1;3;103;28784
1;3;104;28516
1;3;105;27965
1;3;106;7492
1;3;107;26836
1;3;108;4782
1;3;109;114
1;3;110;23596
1;3;111;406
1;3;112;20215
1;3;113;3219
1;3;114;5215
1;3;115;34909
1;3;116;919
1;3;117;5878
1;3;118;996
1;3;119;24118
1;3;120;33104
1;3;121;18967
1;3;122;1378
1;3;123;1669
1;3;124;24389
1;3;125;880
1;3;126;5473
1;3;127;23880
1;3;128;7083
1;3;129;4088
1;3;130;4319
1;3;131;1518
1;3;132;34544
1;3;133;30157
1;3;134;0
2;3;1;4524
2;3;2;31469
2;3;3;8202
2;3;4;24180
2;3;5;25920
2;3;6;562
2;3;7;30375
2;3;8;5682
2;3;9;1934
2;3;10;1517
2;3;11;2740
2;3;12;622
2;3;13;25262
2;3;14;4354
2;3;15;6248
2;3;16;7237
2;3;17;23110
2;3;18;768
2;3;19;584
2;3;20;1583
2;3;21;32300
2;3;22;32245
2;3;23;29931
2;3;24;31051
2;3;25;34389
2;3;26;964
2;3;27;24119
2;3;28;25743
2;3;29;951
2;3;30;7205
2;3;31;952
2;3;32;944
2;3;33;597
2;3;34;30199
2;3;35;7437
2;3;36;34593
2;3;37;15631
2;3;38;5303
2;3;39;23795
2;3;40;2212
2;3;41;1720
2;3;42;32127
2;3;43;28061
2;3;44;2259
2;3;45;7040
2;3;46;620
2;3;47;449
2;3;48;537
2;3;49;6955
2;3;50;8201
2;3;51;7316
2;3;52;5264
2;3;53;7730
2;3;54;7011
2;3;55;31188
2;3;56;22825
2;3;57;624
2;3;58;1067
2;3;59;8234
2;3;60;5229
2;3;61;550
2;3;62;32876
2;3;63;33206
2;3;64;23155
2;3;65;7714
2;3;66;6478
2;3;67;33976
2;3;68;30411
2;3;69;7072
2;3;70;526
2;3;71;27124
2;3;72;7618
2;3;73;538
2;3;74;8290
2;3;75;25776
2;3;76;30815
2;3;77;2862
2;3;78;30814
2;3;79;34199
2;3;80;1324
2;3;81;572
2;3;82;1000
2;3;83;574
2;3;84;571
2;3;85;141
2;3;86;25584
2;3;87;2652
2;3;88;1063
2;3;89;33781
2;3;90;0
2;3;91;33666
2;3;92;4858
2;3;93;30164
2;3;94;747
2;3;95;811
2;3;96;23955
2;3;97;23990
2;3;98;33904
2;3;99;883
2;3;100;20533
2;3;101;868
2;3;102;22253
2;3;103;1336
2;3;104;32096
2;3;105;6260
2;3;106;766
2;3;107;6169
2;3;108;2593
2;3;109;1018
2;3;110;4454
2;3;111;28198
2;3;112;29744
2;3;113;6863
2;3;114;0
1;4;1;5226
1;4;2;6587
1;4;3;3349
1;4;4;8030
1;4;5;4956
1;4;6;2353
1;4;7;5224
1;4;8;26079
1;4;9;18
1;4;10;5004
1;4;11;22171
1;4;12;4763
1;4;13;5006
1;4;14;34739
1;4;15;7953
1;4;16;24120
1;4;17;3003
1;4;18;30152
1;4;19;15760
1;4;20;7308
1;4;21;2300
1;4;22;4804
1;4;23;31679
1;4;24;2306
1;4;25;7740
1;4;26;30370
1;4;27;23070
1;4;28;5787
1;4;29;5636
1;4;30;5126
1;4;31;5080
1;4;32;4815
1;4;33;7357
1;4;34;7355
1;4;35;24306
1;4;36;7359
1;4;37;1335
1;4;38;1246
1;4;39;15945
1;4;40;16673
1;4;41;1638
1;4;42;3330
1;4;43;32079
1;4;44;29975
1;4;45;2483
1;4;46;8971
1;4;47;7133
1;4;48;3333
1;4;49;1584
1;4;50;21094
1;4;51;2741
1;4;52;956
1;4;53;17379
1;4;54;5970
1;4;55;162
1;4;56;31483
1;4;57;30657
1;4;58;7430
1;4;59;4337
1;4;60;1213
1;4;61;783
1;4;62;7791
1;4;63;34374
1;4;64;31608
1;4;65;557
1;4;66;1017
1;4;67;23726
1;4;68;34650
1;4;69;34646
1;4;70;1155
1;4;71;26046
1;4;72;7314
1;4;73;33947
1;4;74;573
1;4;75;15674
1;4;76;19375
1;4;77;7472
1;4;78;1247
1;4;79;18887
1;4;80;23106
1;4;81;31801
1;4;82;859
1;4;83;4736
1;4;84;1230
1;4;85;1599
1;4;86;885
1;4;87;28702
1;4;88;5344
1;4;89;3322
1;4;90;0
1;4;91;33236
1;4;92;34762
1;4;93;32109
1;4;94;27100
1;4;95;7424
1;4;96;960
1;4;97;8188
1;4;98;34424
1;4;99;20412
1;4;100;508
1;4;101;7505
1;4;102;4487
1;4;103;7646
1;4;104;8233
1;4;105;8033
1;4;106;23037
1;4;107;7137
1;4;108;7979
1;4;109;31441
1;4;110;26070
1;4;111;804
1;4;112;15265
1;4;113;3357
1;4;114;20255
1;4;115;6360
1;4;116;1312
1;4;117;33162
1;4;118;26862
1;4;119;33926
1;4;120;24295
1;4;121;26706
1;4;122;30365
1;4;123;1211
1;4;124;933
1;4;125;851
1;4;126;2939
1;4;127;1273
1;4;128;34366
1;4;129;4618
1;4;130;1506
1;4;131;31156
1;4;132;0
2;4;1;32813
2;4;2;4926
2;4;3;34582
2;4;4;4814
2;4;5;4878
2;4;6;5139
2;4;7;1602
2;4;8;3308
2;4;9;5882
2;4;10;33827
2;4;11;28007
2;4;12;3045
2;4;13;1590
2;4;14;20457
2;4;15;20453
2;4;16;6912
2;4;17;33954
2;4;18;4367
2;4;19;30242
2;4;20;29204
2;4;21;24322
2;4;22;203
2;4;23;205
2;4;24;1957
2;4;25;25082
2;4;26;31136
2;4;27;16326
2;4;28;256
2;4;29;29246
2;4;30;31904
2;4;31;5679
2;4;32;31900
2;4;33;24461
2;4;34;20963
2;4;35;1256
2;4;36;24294
2;4;37;1334
2;4;38;891
2;4;39;34050
2;4;40;17541
2;4;41;3134
2;4;42;1254
2;4;43;785
2;4;44;1264
2;4;45;24046
2;4;46;24044
2;4;47;32973
2;4;48;24358
2;4;49;30089
2;4;50;1066
2;4;51;5791
2;4;52;2728
2;4;53;853
2;4;54;4358
2;4;55;6139
2;4;56;23702
2;4;57;32864
2;4;58;1255
2;4;59;2714
2;4;60;20419
2;4;61;751
2;4;62;1083
2;4;63;23852
2;4;64;24449
2;4;65;28517
2;4;66;3141
2;4;67;26265
2;4;68;778
2;4;69;882
2;4;70;1068
2;4;71;1337
2;4;72;31025
2;4;73;31833
2;4;74;17957
2;4;75;31517
2;4;76;30863
2;4;77;27158
2;4;78;17714
2;4;79;32245
2;4;80;23086
2;4;81;19168
2;4;82;4359
2;4;83;6274
2;4;84;30075
2;4;85;3197
2;4;86;395
2;4;87;25704
2;4;88;30440
2;4;89;34343
2;4;90;26317
2;4;91;0
2;4;92;31020
2;4;93;358
2;4;94;23728
2;4;95;5037
2;4;96;19000
2;4;97;1188
2;4;98;15911
2;4;99;31183
2;4;100;936
2;4;101;34814
2;4;102;22751
2;4;103;29342
2;4;104;4201
2;4;105;30812
2;4;106;6828
2;4;107;3348
2;4;108;5793
2;4;109;697
2;4;110;1272
2;4;111;31961
2;4;112;1278
2;4;113;33985
2;4;114;5036
2;4;115;1268
2;4;116;29893
2;4;117;1280
2;4;118;1269
2;4;119;25465
2;4;120;8331
2;4;121;21300
2;4;122;22147
2;4;123;18006
2;4;124;29839
2;4;125;30383
2;4;126;22771
2;4;127;2094
2;4;128;15168
2;4;129;1924
2;4;130;1041
2;4;131;688
2;4;132;4357
2;4;133;4328
2;4;134;6527
2;4;135;4333
2;4;136;26373
2;4;137;1189
2;4;138;24822
2;4;139;19441
2;4;140;6270
2;4;141;3209
2;4;142;20844
2;4;143;6181
2;4;144;25543
2;4;145;33951
2;4;146;6321
2;4;147;18963
2;4;148;4318
2;4;149;24330
2;4;150;27561
2;4;151;26558
2;4;152;5296
2;4;153;24042
2;4;154;2511
2;4;155;0
1;5;1;32946
1;5;2;8607
1;5;3;24528
1;5;4;2191
1;5;5;2188
1;5;6;767
1;5;7;7706
1;5;8;25586
1;5;9;33306
1;5;10;33226
1;5;11;9490
1;5;12;32245
1;5;13;33
1;5;14;5794
1;5;15;17733
1;5;16;16067
1;5;17;15958
1;5;18;27958
1;5;19;5297
1;5;20;18720
1;5;21;33070
1;5;22;1603
1;5;23;34504
1;5;24;836
1;5;25;24882
1;5;26;972
1;5;27;24021
1;5;28;5232
1;5;29;4907
1;5;30;32823
1;5;31;31661
1;5;32;5542
1;5;33;31663
1;5;34;31658
1;5;35;0
1;5;36;33666
1;5;37;1178
1;5;38;18283
1;5;39;753
1;5;40;1331
1;5;41;23621
1;5;42;1179
1;5;43;4153
1;5;44;23456
1;5;45;28022
1;5;46;34684
1;5;47;5553
1;5;48;6895
1;5;49;143
1;5;50;1228
1;5;51;16661
1;5;52;23160
1;5;53;14927
1;5;54;31750
1;5;55;5773
1;5;56;32261
1;5;57;32370
1;5;58;8435
1;5;59;24229
1;5;60;121
1;5;61;29892
1;5;62;33071
1;5;63;4576
1;5;64;8983
1;5;65;6322
1;5;66;2346
1;5;67;34611
1;5;68;6428
1;5;69;29399
1;5;70;29398
1;5;71;6378
1;5;72;5927
1;5;73;651
1;5;74;18996
1;5;75;21589
1;5;76;28367
1;5;77;7226
1;5;78;19186
1;5;79;658
1;5;80;927
1;5;81;1008
1;5;82;32985
1;5;83;4881
1;5;84;21839
1;5;85;5762
1;5;86;26763
1;5;87;24590
1;5;88;984
1;5;89;34331
1;5;90;1526
1;5;91;8409
1;5;92;31485
1;5;93;0
2;5;1;24163
2;5;2;27934
2;5;3;21064
2;5;4;3238
2;5;5;4334
2;5;6;1566
2;5;7;843
2;5;8;1640
2;5;9;945
2;5;10;18716
2;5;11;16472
2;5;12;22341
2;5;13;33318
2;5;14;27932
2;5;15;31027
2;5;16;1184
2;5;17;1010
2;5;18;942
2;5;19;962
2;5;20;941
2;5;21;18715
2;5;22;696
2;5;23;31905
2;5;24;5298
2;5;25;29911
2;5;26;644
2;5;27;1005
2;5;28;23982
2;5;29;4721
2;5;30;940
2;5;31;31189
2;5;32;33003
2;5;33;34197
2;5;34;30186
2;5;35;30160
2;5;36;30351
2;5;37;30243
2;5;38;34825
2;5;39;30190
2;5;40;8669
2;5;41;32952
2;5;42;28043
2;5;43;32746
2;5;44;4953
2;5;45;981
2;5;46;19950
2;5;47;33953
2;5;48;993
2;5;49;5576
2;5;50;1200
2;5;51;24257
2;5;52;2524
2;5;53;15093
2;5;54;2340
2;5;55;4340
2;5;56;5908
2;5;57;943
2;5;58;28987
2;5;59;8369
2;5;60;23988
2;5;61;32949
2;5;62;30218
2;5;63;30352
2;5;64;29943
2;5;65;25649
2;5;66;33839
2;5;67;946
2;5;68;30934
2;5;69;9016
2;5;70;29973
2;5;71;33740
2;5;72;30758
2;5;73;31047
2;5;74;17439
2;5;75;1139
2;5;76;6094
2;5;77;28546
2;5;78;25505
2;5;79;19770
2;5;80;948
2;5;81;950
2;5;82;949
2;5;83;23862
2;5;84;6813
2;5;85;959
2;5;86;958
2;5;87;23876
2;5;88;890
2;5;89;947
2;5;90;7867
2;5;91;932
2;5;92;6255
2;5;93;21147
2;5;94;33991
2;5;95;8492
2;5;96;6759
2;5;97;2840
2;5;98;8942
2;5;99;28985
2;5;100;15031
2;5;101;33513
2;5;102;8699
2;5;103;6064
2;5;104;32386
2;5;105;577
2;5;106;5532
2;5;107;34111
2;5;108;32681
2;5;109;8316
2;5;110;0
2;5;111;0
