1;1;1;7772
1;1;2;5202
1;1;3;29921
1;1;4;4958
1;1;5;26079
1;1;6;3003
1;1;7;7308
1;1;8;4804
1;1;9;31679
1;1;10;7740
1;1;11;2306
1;1;12;1764
1;1;13;1745
1;1;14;5166
1;1;15;23070
1;1;16;29266
1;1;17;34878
1;1;18;6289
1;1;19;6010
1;1;20;7359
1;1;21;7357
1;1;22;7355
1;1;23;24306
1;1;24;8497
1;1;25;31156
1;1;26;6654
1;1;27;1268
1;1;28;29839
1;1;29;24449
1;1;30;32245
1;1;31;205
1;1;32;1255
1;1;33;5036
1;1;34;2516
1;1;35;26401
1;1;36;26190
1;1;37;29885
1;1;38;30149
1;1;39;28007
1;1;40;1246
1;1;41;1247
1;1;42;1084
1;1;43;5792
1;1;44;2241
1;1;45;32079
1;1;46;6260
1;1;47;20533
1;1;48;21094
1;1;49;23955
1;1;50;32109
1;1;51;31323
1;1;52;8188
1;1;53;1043
1;1;54;2741
1;1;55;3295
1;1;56;997
1;1;57;23391
1;1;58;1007
1;1;59;15674
1;1;60;572
1;1;61;23726
1;1;62;34646
1;1;63;34650
1;1;64;7315
1;1;65;33947
1;1;66;26046
1;1;67;573
1;1;68;5682
1;1;69;562
1;1;70;0
1;1;71;4842
1;1;72;28495
1;1;73;34672
1;1;74;1594
1;1;75;2839
1;1;76;1854
1;1;77;33236
1;1;78;31020
1;1;79;2699
1;1;80;6498
1;1;81;4579
1;1;82;1726
1;1;83;15767
1;1;84;22184
1;1;85;27965
1;1;86;29032
1;1;87;6771
1;1;88;30026
1;1;89;5209
1;1;90;7492
1;1;91;33686
1;1;92;4782
1;1;93;114
1;1;94;26515
1;1;95;16575
1;1;96;4825
1;1;97;26836
1;1;98;2500
1;1;99;3219
1;1;100;16919
1;1;101;20215
1;1;102;1212
1;1;103;28784
1;1;104;28516
1;1;105;30730
1;1;106;32774
1;1;107;21343
1;1;108;406
1;1;109;23596
1;1;110;22704
1;1;111;16908
1;1;112;25213
1;1;113;15074
1;1;114;24043
1;1;115;0
2;1;1;33666
2;1;2;31661
2;1;3;31663
2;1;4;6503
2;1;5;32823
2;1;6;31658
2;1;7;4852
2;1;8;5131
2;1;9;26241
2;1;10;2627
2;1;11;34458
2;1;12;6315
2;1;13;3292
2;1;14;4935
2;1;15;2682
2;1;16;2184
2;1;17;20512
2;1;18;2680
2;1;19;1903
2;1;20;7309
2;1;21;2100
2;1;22;4235
2;1;23;1585
2;1;24;18872
2;1;25;6587
2;1;26;892
2;1;27;32809
2;1;28;28082
2;1;29;21967
2;1;30;603
2;1;31;3140
2;1;32;4950
2;1;33;31267
2;1;34;4746
2;1;35;5063
2;1;36;19836
2;1;37;4767
2;1;38;4949
2;1;39;4823
2;1;40;5205
2;1;41;4829
2;1;42;4774
2;1;43;7617
2;1;44;6340
2;1;45;24021
2;1;46;8365
2;1;47;34762
2;1;48;4814
2;1;49;4926
2;1;50;32813
2;1;51;34582
2;1;52;661
2;1;53;15911
2;1;54;4234
2;1;55;16132
2;1;56;1040
2;1;57;25745
2;1;58;31151
2;1;59;1602
2;1;60;31183
2;1;61;936
2;1;62;34814
2;1;63;22751
2;1;64;29342
2;1;65;4201
2;1;66;30812
2;1;67;2456
2;1;68;24882
2;1;69;3348
2;1;70;27365
2;1;71;1221
2;1;72;30165
2;1;73;32895
2;1;74;1012
2;1;75;8131
2;1;76;31441
2;1;77;7137
2;1;78;23037
2;1;79;7979
2;1;80;5970
2;1;81;8269
2;1;82;25341
2;1;83;32168
2;1;84;8033
2;1;85;8233
2;1;86;835
2;1;87;34486
2;1;88;7646
2;1;89;22483
2;1;90;0
2;1;91;23728
2;1;92;28825
2;1;93;32889
2;1;94;4910
2;1;95;2949
2;1;96;4987
2;1;97;31461
2;1;98;3205
2;1;99;17201
2;1;100;4992
2;1;101;5929
2;1;102;5128
2;1;103;4988
2;1;104;5407
2;1;105;1758
2;1;106;28289
2;1;107;6809
2;1;108;5017
2;1;109;4978
2;1;110;6224
2;1;111;4763
2;1;112;5006
2;1;113;27613
2;1;114;24162
2;1;115;1407
2;1;116;5056
2;1;117;5004
2;1;118;4875
2;1;119;6925
2;1;120;2539
2;1;121;6217
2;1;122;7211
2;1;123;4969
2;1;124;4780
2;1;125;7953
2;1;126;4884
2;1;127;31279
2;1;128;5009
2;1;129;31898
2;1;130;28819
2;1;131;24120
2;1;132;8141
2;1;133;5159
2;1;134;5362
2;1;135;5189
2;1;136;5092
2;1;137;1728
2;1;138;5010
2;1;139;18
2;1;140;29730
2;1;141;4844
2;1;142;5097
2;1;143;8244
2;1;144;4740
2;1;145;5055
2;1;146;22171
2;1;147;5018
2;1;148;5888
2;1;149;34739
2;1;150;4798
2;1;151;34679
2;1;152;0
1;2;1;2188
1;2;2;2191
1;2;3;31485
1;2;4;3329
1;2;5;27934
1;2;6;27932
1;2;7;28546
1;2;8;5185
1;2;9;24590
1;2;10;846
1;2;11;33306
1;2;12;33226
1;2;13;29598
1;2;14;9490
1;2;15;8444
1;2;16;23590
1;2;17;25543
1;2;18;16067
1;2;19;14927
1;2;20;33951
1;2;21;31750
1;2;22;32245
1;2;23;33
1;2;24;31025
1;2;25;3141
1;2;26;8331
1;2;27;33985
1;2;28;20255
1;2;29;6360
1;2;30;5793
1;2;31;730
1;2;32;19473
1;2;33;0
1;2;34;361
1;2;35;7774
1;2;36;21335
1;2;37;33346
1;2;38;28899
1;2;39;6168
1;2;40;23810
1;2;41;795
1;2;42;5053
1;2;43;4631
1;2;44;27327
1;2;45;5232
1;2;46;5038
1;2;47;4981
1;2;48;3018
1;2;49;8211
1;2;50;325
1;2;51;8413
1;2;52;820
1;2;53;5048
1;2;54;2832
1;2;55;5114
1;2;56;8030
1;2;57;1181
1;2;58;4750
1;2;59;6286
1;2;60;19987
1;2;61;2353
1;2;62;8410
1;2;63;5729
1;2;64;29509
1;2;65;2316
1;2;66;5015
1;2;67;5005
1;2;68;15458
1;2;69;4879
1;2;70;4350
1;2;71;895
1;2;72;4753
1;2;73;5224
1;2;74;34910
1;2;75;5339
1;2;76;15940
1;2;77;15426
1;2;78;1824
1;2;79;17095
1;2;80;6865
1;2;81;1772
1;2;82;22342
1;2;83;6249
1;2;84;32606
1;2;85;2621
1;2;86;32601
1;2;87;5049
1;2;88;2698
1;2;89;1895
1;2;90;4896
1;2;91;4797
1;2;92;26054
1;2;93;7300
1;2;94;1760
1;2;95;20010
1;2;96;4796
1;2;97;5555
1;2;98;1734
1;2;99;2757
1;2;100;1727
1;2;101;15142
1;2;102;1755
1;2;103;2707
1;2;104;6888
1;2;105;1805
1;2;106;30969
1;2;107;2300
1;2;108;30152
1;2;109;25678
1;2;110;4752
1;2;111;34219
1;2;112;33211
1;2;113;122
1;2;114;25969
1;2;115;4934
1;2;116;17907
1;2;117;6147
1;2;118;1959
1;2;119;19377
1;2;120;5116
1;2;121;0
2;2;1;3223
2;2;2;7161
2;2;3;20690
2;2;4;7941
2;2;5;16580
2;2;6;5204
2;2;7;6316
2;2;8;28315
2;2;9;4985
2;2;10;5141
2;2;11;4831
2;2;12;22296
2;2;13;32568
2;2;14;4775
2;2;15;20231
2;2;16;8368
2;2;17;15272
2;2;18;1625
2;2;19;30809
2;2;20;19546
2;2;21;5804
2;2;22;4801
2;2;23;6395
2;2;24;15487
2;2;25;8319
2;2;26;1601
2;2;27;5190
2;2;28;4857
2;2;29;5105
2;2;30;4824
2;2;31;29035
2;2;32;5140
2;2;33;5176
2;2;34;5239
2;2;35;5175
2;2;36;4945
2;2;37;5983
2;2;38;5832
2;2;39;8412
2;2;40;28125
2;2;41;5058
2;2;42;5107
2;2;43;5571
2;2;44;5152
2;2;45;4608
2;2;46;5170
2;2;47;30528
2;2;48;4955
2;2;49;2334
2;2;50;19087
2;2;51;4957
2;2;52;4772
2;2;53;29250
2;2;54;5144
2;2;55;5109
2;2;56;5061
2;2;57;19155
2;2;58;4991
2;2;59;6359
2;2;60;34121
2;2;61;5039
2;2;62;7480
2;2;63;32559
2;2;64;1739
2;2;65;4783
2;2;66;6603
2;2;67;7541
2;2;68;4766
2;2;69;5127
2;2;70;2697
2;2;71;24125
2;2;72;5146
2;2;73;1826
2;2;74;8327
2;2;75;34841
2;2;76;4755
2;2;77;16607
2;2;78;338
2;2;79;4895
2;2;80;4816
2;2;81;30238
2;2;82;6272
2;2;83;1875
2;2;84;1876
2;2;85;5564
2;2;86;5142
2;2;87;31913
2;2;88;6144
2;2;89;5082
2;2;90;16697
2;2;91;6136
2;2;92;26064
2;2;93;5178
2;2;94;898
2;2;95;5861
2;2;96;25100
2;2;97;5011
2;2;98;1751
2;2;99;5550
2;2;100;8414
2;2;101;5050
2;2;102;5052
2;2;103;4903
2;2;104;31548
2;2;105;32285
2;2;106;15825
2;2;107;5351
2;2;108;4970
2;2;109;19697
2;2;110;4838
2;2;111;17262
2;2;112;5093
2;2;113;1888
2;2;114;1995
2;2;115;30875
2;2;116;25860
2;2;117;0
2;2;118;5226
2;2;119;4986
2;2;120;875
2;2;121;33203
2;2;122;317
2;2;123;32538
2;2;124;907
2;2;125;908
2;2;126;27189
2;2;127;30872
2;2;128;1774
2;2;129;7814
2;2;130;969
2;2;131;6129
2;2;132;21179
2;2;133;909
2;2;134;887
2;2;135;26248
2;2;136;7373
2;2;137;7370
2;2;138;7365
2;2;139;7372
2;2;140;16960
2;2;141;27137
2;2;142;808
2;2;143;850
2;2;144;934
2;2;145;29626
2;2;146;1085
2;2;147;1069
2;2;148;844
2;2;149;30382
2;2;150;1223
2;2;151;930
2;2;152;7097
2;2;153;23922
2;2;154;733
2;2;155;18837
2;2;156;17379
2;2;157;29087
2;2;158;23890
2;2;159;7374
2;2;160;7009
2;2;161;33996
2;2;162;1522
2;2;163;20328
2;2;164;7694
2;2;165;32694
2;2;166;8272
2;2;167;8584
2;2;168;0
1;3;1;33666
1;3;2;996
1;3;3;5878
1;3;4;1188
1;3;5;5139
1;3;6;5037
1;3;7;4800
1;3;8;33532
1;3;9;8418
1;3;10;4845
1;3;11;2091
1;3;12;4907
1;3;13;31663
1;3;14;31661
1;3;15;31658
1;3;16;5542
1;3;17;4851
1;3;18;4749
1;3;19;4974
1;3;20;33849
1;3;21;5111
1;3;22;4773
1;3;23;5856
1;3;24;33024
1;3;25;6887
1;3;26;1663
1;3;27;5219
1;3;28;4911
1;3;29;32102
1;3;30;30229
1;3;31;30968
1;3;32;32778
1;3;33;20793
1;3;34;4904
1;3;35;576
1;3;36;29895
1;3;37;2314
1;3;38;25195
1;3;39;21701
1;3;40;3046
1;3;41;21276
1;3;42;21807
1;3;43;20621
1;3;44;33425
1;3;45;31023
1;3;46;5221
1;3;47;30710
1;3;48;5788
1;3;49;34288
1;3;50;24118
1;3;51;33104
1;3;52;1378
1;3;53;880
1;3;54;7070
1;3;55;16093
1;3;56;17665
1;3;57;642
1;3;58;20412
1;3;59;701
1;3;60;7709
1;3;61;1013
1;3;62;34306
1;3;63;935
1;3;64;7083
1;3;65;4088
1;3;66;1584
1;3;67;3333
1;3;68;24047
1;3;69;25908
1;3;70;27465
1;3;71;26414
1;3;72;14930
1;3;73;18835
1;3;74;26243
1;3;75;29647
1;3;76;7610
1;3;77;31152
1;3;78;15180
1;3;79;34612
1;3;80;7980
1;3;81;30824
1;3;82;16759
1;3;83;34669
1;3;84;839
1;3;85;7747
1;3;86;1015
1;3;87;8363
1;3;88;1064
1;3;89;1065
1;3;90;881
1;3;91;0
1;3;92;34909
1;3;93;919
1;3;94;1669
1;3;95;27100
1;3;96;7424
1;3;97;960
1;3;98;5473
1;3;99;23880
1;3;100;23990
1;3;101;4319
1;3;102;1518
1;3;103;34544
1;3;104;30157
1;3;105;0
2;3;1;363
2;3;2;358
2;3;3;4734
2;3;4;2688
2;3;5;4524
2;3;6;32946
2;3;7;8202
2;3;8;24180
2;3;9;25920
2;3;10;30375
2;3;11;1934
2;3;12;7314
2;3;13;1517
2;3;14;2740
2;3;15;4354
2;3;16;622
2;3;17;6248
2;3;18;25262
2;3;19;7237
2;3;20;768
2;3;21;584
2;3;22;23110
2;3;23;7714
2;3;24;6478
2;3;25;23155
2;3;26;1324
2;3;27;34199
2;3;28;8290
2;3;29;27124
2;3;30;538
2;3;31;7618
2;3;32;7072
2;3;33;2862
2;3;34;25776
2;3;35;30411
2;3;36;33976
2;3;37;7437
2;3;38;32127
2;3;39;2212
2;3;40;15631
2;3;41;1720
2;3;42;34593
2;3;43;23795
2;3;44;5303
2;3;45;28061
2;3;46;7040
2;3;47;2259
2;3;48;620
2;3;49;449
2;3;50;537
2;3;51;6955
2;3;52;8201
2;3;53;7316
2;3;54;1155
2;3;55;5264
2;3;56;7730
2;3;57;7011
2;3;58;31188
2;3;59;22825
2;3;60;624
2;3;61;557
2;3;62;1017
2;3;63;1067
2;3;64;32876
2;3;65;33206
2;3;66;1583
2;3;67;32300
2;3;68;8234
2;3;69;5229
2;3;70;550
2;3;71;30814
2;3;72;30815
2;3;73;526
2;3;74;1000
2;3;75;574
2;3;76;31507
2;3;77;4337
2;3;78;7430
2;3;79;30657
2;3;80;783
2;3;81;7791
2;3;82;1213
2;3;83;2652
2;3;84;1063
2;3;85;33781
2;3;86;25584
2;3;87;33840
2;3;88;1174
2;3;89;34374
2;3;90;31608
2;3;91;0
2;3;92;25188
2;3;93;2836
2;3;94;972
2;3;95;18967
2;3;96;30164
2;3;97;747
2;3;98;811
2;3;99;1241
2;3;100;32096
2;3;101;1336
2;3;102;22253
2;3;103;868
2;3;104;766
2;3;105;6169
2;3;106;6863
2;3;107;2593
2;3;108;1018
2;3;109;29744
2;3;110;4454
2;3;111;28198
2;3;112;0
1;4;1;23728
1;4;2;1374
1;4;3;6587
1;4;4;7104
1;4;5;3349
1;4;6;24078
1;4;7;4956
1;4;8;5787
1;4;9;4994
1;4;10;26079
1;4;11;18
1;4;12;17969
1;4;13;1732
1;4;14;4763
1;4;15;32702
1;4;16;7953
1;4;17;24120
1;4;18;5012
1;4;19;15760
1;4;20;7308
1;4;21;5201
1;4;22;7740
1;4;23;2306
1;4;24;30370
1;4;25;1771
1;4;26;4748
1;4;27;4751
1;4;28;4977
1;4;29;5636
1;4;30;5126
1;4;31;5080
1;4;32;4815
1;4;33;32560
1;4;34;7357
1;4;35;7355
1;4;36;24306
1;4;37;7371
1;4;38;7359
1;4;39;1335
1;4;40;1247
1;4;41;16673
1;4;42;33002
1;4;43;3330
1;4;44;32079
1;4;45;1638
1;4;46;29975
1;4;47;2483
1;4;48;8971
1;4;49;1731
1;4;50;34424
1;4;51;817
1;4;52;508
1;4;53;27692
1;4;54;7505
1;4;55;7720
1;4;56;4487
1;4;57;7646
1;4;58;956
1;4;59;812
1;4;60;2741
1;4;61;141
1;4;62;571
1;4;63;23726
1;4;64;34646
1;4;65;34650
1;4;66;7477
1;4;67;32735
1;4;68;26046
1;4;69;15674
1;4;70;19375
1;4;71;31483
1;4;72;24705
1;4;73;1246
1;4;74;4779
1;4;75;18887
1;4;76;23106
1;4;77;31801
1;4;78;859
1;4;79;4736
1;4;80;1230
1;4;81;1599
1;4;82;1331
1;4;83;1179
1;4;84;23621
1;4;85;885
1;4;86;28702
1;4;87;5344
1;4;88;3322
1;4;89;32711
1;4;90;33070
1;4;91;0
1;4;92;34762
1;4;93;4858
1;4;94;29175
1;4;95;6828
1;4;96;5882
1;4;97;26070
1;4;98;804
1;4;99;15265
1;4;100;3357
1;4;101;1312
1;4;102;33162
1;4;103;26862
1;4;104;24295
1;4;105;33926
1;4;106;26706
1;4;107;30365
1;4;108;1211
1;4;109;933
1;4;110;851
1;4;111;34366
1;4;112;2939
1;4;113;1273
1;4;114;1506
1;4;115;4618
1;4;116;31156
1;4;117;30825
1;4;118;5036
1;4;119;21300
1;4;120;18009
1;4;121;18006
1;4;122;22771
1;4;123;29839
1;4;124;30383
1;4;125;2094
1;4;126;21297
1;4;127;25465
1;4;128;0
2;4;1;33236
2;4;2;5215
2;4;3;4878
2;4;4;1303
2;4;5;32109
2;4;6;24389
2;4;7;21094
2;4;8;7133
2;4;9;33904
2;4;10;883
2;4;11;789
2;4;12;31588
2;4;13;15945
2;4;14;28007
2;4;15;836
2;4;16;3045
2;4;17;1590
2;4;18;34504
2;4;19;1603
2;4;20;8333
2;4;21;20453
2;4;22;20457
2;4;23;24322
2;4;24;30242
2;4;25;33954
2;4;26;4367
2;4;27;29204
2;4;28;6912
2;4;29;25082
2;4;30;1957
2;4;31;16326
2;4;32;31136
2;4;33;29246
2;4;34;256
2;4;35;1280
2;4;36;1269
2;4;37;1256
2;4;38;31900
2;4;39;20963
2;4;40;31904
2;4;41;24461
2;4;42;24294
2;4;43;5679
2;4;44;17541
2;4;45;1254
2;4;46;32973
2;4;47;34050
2;4;48;1334
2;4;49;3134
2;4;50;891
2;4;51;785
2;4;52;1264
2;4;53;24044
2;4;54;24046
2;4;55;1255
2;4;56;24358
2;4;57;2728
2;4;58;5791
2;4;59;853
2;4;60;6139
2;4;61;23702
2;4;62;4358
2;4;63;30089
2;4;64;1066
2;4;65;32864
2;4;66;1267
2;4;67;1083
2;4;68;751
2;4;69;20419
2;4;70;2714
2;4;71;23852
2;4;72;1924
2;4;73;1041
2;4;74;882
2;4;75;1068
2;4;76;1337
2;4;77;31833
2;4;78;17957
2;4;79;31517
2;4;80;30863
2;4;81;27158
2;4;82;17714
2;4;83;7184
2;4;84;16062
2;4;85;24229
2;4;86;30075
2;4;87;3197
2;4;88;6274
2;4;89;19168
2;4;90;4359
2;4;91;395
2;4;92;25704
2;4;93;5794
2;4;94;30440
2;4;95;34343
2;4;96;0
2;4;97;19000
2;4;98;7753
2;4;99;27700
2;4;100;3308
2;4;101;162
2;4;102;33827
2;4;103;697
2;4;104;1272
2;4;105;1332
2;4;106;1278
2;4;107;31961
2;4;108;1268
2;4;109;29893
2;4;110;22147
2;4;111;15168
2;4;112;28517
2;4;113;205
2;4;114;203
2;4;115;204
2;4;116;26265
2;4;117;778
2;4;118;688
2;4;119;4357
2;4;120;4328
2;4;121;6527
2;4;122;4333
2;4;123;26373
2;4;124;1189
2;4;125;24822
2;4;126;26317
2;4;127;19441
2;4;128;3209
2;4;129;20844
2;4;130;6270
2;4;131;6181
2;4;132;17733
2;4;133;1605
2;4;134;4318
2;4;135;18963
2;4;136;6321
2;4;137;24330
2;4;138;27561
2;4;139;32245
2;4;140;2511
2;4;141;24042
2;4;142;5296
2;4;143;26558
2;4;144;0
1;5;1;8607
1;5;2;24528
1;5;3;31469
1;5;4;2191
1;5;5;2188
1;5;6;767
1;5;7;32562
1;5;8;25248
1;5;9;552
1;5;10;24163
1;5;11;27934
1;5;12;945
1;5;13;865
1;5;14;33318
1;5;15;27932
1;5;16;22341
1;5;17;16472
1;5;18;18716
1;5;19;24164
1;5;20;34331
1;5;21;26763
1;5;22;949
1;5;23;23862
1;5;24;32950
1;5;25;33306
1;5;26;33226
1;5;27;927
1;5;28;7472
1;5;29;8361
1;5;30;31663
1;5;31;31661
1;5;32;31658
1;5;33;0
1;5;34;33666
1;5;35;1178
1;5;36;18283
1;5;37;753
1;5;38;34684
1;5;39;28022
1;5;40;4153
1;5;41;23456
1;5;42;5553
1;5;43;6895
1;5;44;143
1;5;45;1228
1;5;46;23160
1;5;47;16661
1;5;48;18720
1;5;49;5297
1;5;50;27958
1;5;51;14927
1;5;52;15958
1;5;53;33
1;5;54;32245
1;5;55;23086
1;5;56;8435
1;5;57;32370
1;5;58;32261
1;5;59;5773
1;5;60;31750
1;5;61;121
1;5;62;4576
1;5;63;33071
1;5;64;29892
1;5;65;6322
1;5;66;8983
1;5;67;2346
1;5;68;6428
1;5;69;34611
1;5;70;29398
1;5;71;29399
1;5;72;33513
1;5;73;15031
1;5;74;28985
1;5;75;5927
1;5;76;651
1;5;77;18996
1;5;78;21589
1;5;79;28367
1;5;80;7226
1;5;81;19186
1;5;82;32776
1;5;83;32985
1;5;84;658
1;5;85;1008
1;5;86;4881
1;5;87;6813
1;5;88;5762
1;5;89;21839
1;5;90;984
1;5;91;1526
1;5;92;8409
1;5;93;1139
1;5;94;6094
1;5;95;28546
1;5;96;3115
1;5;97;25505
1;5;98;0
2;5;1;809
2;5;2;21064
2;5;3;3238
2;5;4;4334
2;5;5;1566
2;5;6;1640
2;5;7;843
2;5;8;31027
2;5;9;1184
2;5;10;1010
2;5;11;810
2;5;12;942
2;5;13;18715
2;5;14;696
2;5;15;5298
2;5;16;31905
2;5;17;941
2;5;18;597
2;5;19;644
2;5;20;964
2;5;21;24119
2;5;22;34389
2;5;23;32952
2;5;24;8669
2;5;25;28987
2;5;26;28043
2;5;27;5908
2;5;28;943
2;5;29;4340
2;5;30;15093
2;5;31;2340
2;5;32;32746
2;5;33;4953
2;5;34;19950
2;5;35;981
2;5;36;33953
2;5;37;5576
2;5;38;993
2;5;39;24257
2;5;40;1200
2;5;41;2524
2;5;42;29931
2;5;43;31051
2;5;44;951
2;5;45;25743
2;5;46;1005
2;5;47;7205
2;5;48;23982
2;5;49;4721
2;5;50;952
2;5;51;944
2;5;52;8369
2;5;53;23988
2;5;54;940
2;5;55;31189
2;5;56;32949
2;5;57;33003
2;5;58;30190
2;5;59;34825
2;5;60;30218
2;5;61;30243
2;5;62;30351
2;5;63;30160
2;5;64;30186
2;5;65;30352
2;5;66;34197
2;5;67;29943
2;5;68;25649
2;5;69;33839
2;5;70;946
2;5;71;30934
2;5;72;962
2;5;73;29911
2;5;74;30199
2;5;75;33740
2;5;76;30758
2;5;77;9016
2;5;78;29973
2;5;79;31047
2;5;80;17439
2;5;81;25586
2;5;82;7706
2;5;83;19770
2;5;84;950
2;5;85;948
2;5;86;958
2;5;87;23876
2;5;88;890
2;5;89;959
2;5;90;947
2;5;91;33991
2;5;92;21147
2;5;93;6255
2;5;94;932
2;5;95;7867
2;5;96;8492
2;5;97;6759
2;5;98;2840
2;5;99;8942
2;5;100;6378
2;5;101;8699
2;5;102;32386
2;5;103;577
2;5;104;6064
2;5;105;5532
2;5;106;34111
2;5;107;8316
2;5;108;32681
2;5;109;0
2;5;110;0
