1;1;1;31461
1;1;2;3205
1;1;3;23070
1;1;4;30152
1;1;5;7308
1;1;6;5201
1;1;7;30969
1;1;8;7740
1;1;9;2306
1;1;10;5166
1;1;11;29266
1;1;12;24078
1;1;13;325
1;1;14;6010
1;1;15;33849
1;1;16;5080
1;1;17;4815
1;1;18;7359
1;1;19;7355
1;1;20;24306
1;1;21;7357
1;1;22;8497
1;1;23;205
1;1;24;29839
1;1;25;30383
1;1;26;22771
1;1;27;2094
1;1;28;1255
1;1;29;5036
1;1;30;1268
1;1;31;2516
1;1;32;6654
1;1;33;31156
1;1;34;29885
1;1;35;26190
1;1;36;28007
1;1;37;1247
1;1;38;1246
1;1;39;15945
1;1;40;16673
1;1;41;33002
1;1;42;32079
1;1;43;3330
1;1;44;2241
1;1;45;1638
1;1;46;2483
1;1;47;789
1;1;48;21094
1;1;49;23880
1;1;50;32109
1;1;51;5473
1;1;52;7709
1;1;53;1043
1;1;54;2741
1;1;55;3295
1;1;56;997
1;1;57;1174
1;1;58;141
1;1;59;574
1;1;60;572
1;1;61;15674
1;1;62;19375
1;1;63;23726
1;1;64;34650
1;1;65;34646
1;1;66;7477
1;1;67;5264
1;1;68;32735
1;1;69;26046
1;1;70;0
1;1;71;33236
1;1;72;1854
1;1;73;28495
1;1;74;1594
1;1;75;2839
1;1;76;34672
1;1;77;4842
1;1;78;4734
1;1;79;2699
1;1;80;6498
1;1;81;4579
1;1;82;1726
1;1;83;15767
1;1;84;22184
1;1;85;25213
1;1;86;24043
1;1;87;2500
1;1;88;6771
1;1;89;28784
1;1;90;16908
1;1;91;20215
1;1;92;23596
1;1;93;22704
1;1;94;114
1;1;95;28516
1;1;96;30730
1;1;97;15074
1;1;98;1212
1;1;99;406
1;1;100;30026
1;1;101;27965
1;1;102;16575
1;1;103;4782
1;1;104;5209
1;1;105;29032
1;1;106;7492
1;1;107;32774
1;1;108;16919
1;1;109;21343
1;1;110;26515
1;1;111;33686
1;1;112;4825
1;1;113;26836
1;1;114;3219
1;1;115;0
2;1;1;33666
2;1;2;1374
2;1;3;23810
2;1;4;27327
2;1;5;4845
2;1;6;6587
2;1;7;4907
2;1;8;31663
2;1;9;31661
2;1;10;31658
2;1;11;5131
2;1;12;4852
2;1;13;34458
2;1;14;26241
2;1;15;2627
2;1;16;6315
2;1;17;4935
2;1;18;2682
2;1;19;3292
2;1;20;2184
2;1;21;8361
2;1;22;20512
2;1;23;2680
2;1;24;4974
2;1;25;1903
2;1;26;4235
2;1;27;2100
2;1;28;1585
2;1;29;18872
2;1;30;7309
2;1;31;5232
2;1;32;892
2;1;33;32809
2;1;34;28082
2;1;35;31267
2;1;36;4767
2;1;37;21967
2;1;38;4950
2;1;39;19836
2;1;40;3140
2;1;41;5063
2;1;42;4746
2;1;43;603
2;1;44;4774
2;1;45;4949
2;1;46;4823
2;1;47;5205
2;1;48;4829
2;1;49;7617
2;1;50;6340
2;1;51;24021
2;1;52;34762
2;1;53;4814
2;1;54;32813
2;1;55;4926
2;1;56;34582
2;1;57;972
2;1;58;4234
2;1;59;16132
2;1;60;1040
2;1;61;25745
2;1;62;1602
2;1;63;31183
2;1;64;936
2;1;65;29342
2;1;66;22751
2;1;67;4201
2;1;68;34814
2;1;69;6828
2;1;70;27365
2;1;71;1221
2;1;72;1012
2;1;73;32895
2;1;74;30165
2;1;75;8131
2;1;76;7137
2;1;77;23037
2;1;78;31441
2;1;79;5970
2;1;80;7979
2;1;81;25341
2;1;82;8269
2;1;83;34486
2;1;84;29087
2;1;85;7646
2;1;86;4487
2;1;87;7720
2;1;88;0
2;1;89;23728
2;1;90;28825
2;1;91;32889
2;1;92;4910
2;1;93;2949
2;1;94;4987
2;1;95;5202
2;1;96;17201
2;1;97;29921
2;1;98;4992
2;1;99;5929
2;1;100;5128
2;1;101;4988
2;1;102;5407
2;1;103;5010
2;1;104;4844
2;1;105;5004
2;1;106;5018
2;1;107;1732
2;1;108;5017
2;1;109;4978
2;1;110;6224
2;1;111;4763
2;1;112;5006
2;1;113;27613
2;1;114;24162
2;1;115;5056
2;1;116;4875
2;1;117;31279
2;1;118;32702
2;1;119;7953
2;1;120;7211
2;1;121;4884
2;1;122;2539
2;1;123;5009
2;1;124;6217
2;1;125;4780
2;1;126;6925
2;1;127;5888
2;1;128;34739
2;1;129;24120
2;1;130;3003
2;1;131;8141
2;1;132;5159
2;1;133;1771
2;1;134;4748
2;1;135;5362
2;1;136;5189
2;1;137;5092
2;1;138;1728
2;1;139;4958
2;1;140;34910
2;1;141;26079
2;1;142;18
2;1;143;29730
2;1;144;17969
2;1;145;1758
2;1;146;5097
2;1;147;8244
2;1;148;5055
2;1;149;4740
2;1;150;28289
2;1;151;22171
2;1;152;4969
2;1;153;31898
2;1;154;4798
2;1;155;34679
2;1;156;0
1;2;1;31469
1;2;2;2188
1;2;3;2191
1;2;4;25248
1;2;5;552
1;2;6;24163
1;2;7;27934
1;2;8;16472
1;2;9;22341
1;2;10;33318
1;2;11;27932
1;2;12;28546
1;2;13;846
1;2;14;5762
1;2;15;23862
1;2;16;32950
1;2;17;33306
1;2;18;33226
1;2;19;29598
1;2;20;32776
1;2;21;8444
1;2;22;5794
1;2;23;14927
1;2;24;31750
1;2;25;32245
1;2;26;33
1;2;27;882
1;2;28;26265
1;2;29;3141
1;2;30;8331
1;2;31;1312
1;2;32;1278
1;2;33;5793
1;2;34;730
1;2;35;19473
1;2;36;0
1;2;37;21335
1;2;38;25188
1;2;39;7161
1;2;40;5038
1;2;41;4981
1;2;42;5804
1;2;43;8211
1;2;44;7104
1;2;45;8413
1;2;46;5126
1;2;47;2832
1;2;48;5048
1;2;49;5114
1;2;50;34878
1;2;51;4750
1;2;52;6286
1;2;53;2353
1;2;54;5729
1;2;55;19987
1;2;56;8410
1;2;57;2316
1;2;58;29509
1;2;59;5005
1;2;60;5015
1;2;61;4350
1;2;62;15458
1;2;63;895
1;2;64;4753
1;2;65;4879
1;2;66;5224
1;2;67;5339
1;2;68;15940
1;2;69;15426
1;2;70;1824
1;2;71;6865
1;2;72;1772
1;2;73;17095
1;2;74;22342
1;2;75;6249
1;2;76;2621
1;2;77;32606
1;2;78;4896
1;2;79;1895
1;2;80;32601
1;2;81;5049
1;2;82;4797
1;2;83;2698
1;2;84;26054
1;2;85;7300
1;2;86;1760
1;2;87;20010
1;2;88;4796
1;2;89;6888
1;2;90;1745
1;2;91;1764
1;2;92;15142
1;2;93;1755
1;2;94;1734
1;2;95;2707
1;2;96;2757
1;2;97;1727
1;2;98;1805
1;2;99;5555
1;2;100;31679
1;2;101;4804
1;2;102;2300
1;2;103;25969
1;2;104;33211
1;2;105;25678
1;2;106;4752
1;2;107;34219
1;2;108;15760
1;2;109;4934
1;2;110;17907
1;2;111;6147
1;2;112;1959
1;2;113;19377
1;2;114;5116
1;2;115;0
2;2;1;7941
2;2;2;20690
2;2;3;16580
2;2;4;5111
2;2;5;4775
2;2;6;22296
2;2;7;32568
2;2;8;4831
2;2;9;8368
2;2;10;19546
2;2;11;30809
2;2;12;1625
2;2;13;15272
2;2;14;20231
2;2;15;3018
2;2;16;4801
2;2;17;6395
2;2;18;15487
2;2;19;8319
2;2;20;1601
2;2;21;5190
2;2;22;4857
2;2;23;5105
2;2;24;4824
2;2;25;29035
2;2;26;5170
2;2;27;30528
2;2;28;4945
2;2;29;5175
2;2;30;5239
2;2;31;5176
2;2;32;5983
2;2;33;4772
2;2;34;5832
2;2;35;8412
2;2;36;28125
2;2;37;5058
2;2;38;5107
2;2;39;5571
2;2;40;5152
2;2;41;4608
2;2;42;5140
2;2;43;4955
2;2;44;2334
2;2;45;19087
2;2;46;4957
2;2;47;29250
2;2;48;5144
2;2;49;5109
2;2;50;5061
2;2;51;19155
2;2;52;4991
2;2;53;6359
2;2;54;5039
2;2;55;34121
2;2;56;7480
2;2;57;32559
2;2;58;4783
2;2;59;1739
2;2;60;7541
2;2;61;6603
2;2;62;5127
2;2;63;1826
2;2;64;8327
2;2;65;34841
2;2;66;4755
2;2;67;16607
2;2;68;338
2;2;69;4816
2;2;70;4895
2;2;71;30238
2;2;72;6272
2;2;73;1876
2;2;74;1875
2;2;75;5564
2;2;76;5142
2;2;77;31913
2;2;78;5082
2;2;79;6144
2;2;80;16697
2;2;81;6136
2;2;82;26064
2;2;83;5178
2;2;84;2697
2;2;85;898
2;2;86;5861
2;2;87;5146
2;2;88;24125
2;2;89;25100
2;2;90;5011
2;2;91;8414
2;2;92;1751
2;2;93;5550
2;2;94;4766
2;2;95;5050
2;2;96;5052
2;2;97;4903
2;2;98;31548
2;2;99;32285
2;2;100;15825
2;2;101;5351
2;2;102;4970
2;2;103;19697
2;2;104;4838
2;2;105;17262
2;2;106;1995
2;2;107;1888
2;2;108;5093
2;2;109;25860
2;2;110;30875
2;2;111;576
2;2;112;0
2;2;113;7774
2;2;114;28899
2;2;115;361
2;2;116;4986
2;2;117;875
2;2;118;1774
2;2;119;33203
2;2;120;317
2;2;121;32538
2;2;122;908
2;2;123;907
2;2;124;27189
2;2;125;32560
2;2;126;7814
2;2;127;887
2;2;128;6129
2;2;129;21179
2;2;130;909
2;2;131;969
2;2;132;7371
2;2;133;7370
2;2;134;7373
2;2;135;7372
2;2;136;7365
2;2;137;26248
2;2;138;16960
2;2;139;29626
2;2;140;850
2;2;141;808
2;2;142;27137
2;2;143;934
2;2;144;1085
2;2;145;1069
2;2;146;844
2;2;147;30382
2;2;148;1223
2;2;149;930
2;2;150;7097
2;2;151;23922
2;2;152;733
2;2;153;18837
2;2;154;8233
2;2;155;8033
2;2;156;835
2;2;157;32168
2;2;158;7374
2;2;159;23890
2;2;160;812
2;2;161;33996
2;2;162;1522
2;2;163;20328
2;2;164;7694
2;2;165;32694
2;2;166;8272
2;2;167;8584
2;2;168;0
1;3;1;5139
1;3;2;1188
1;3;3;5878
1;3;4;996
1;3;5;29175
1;3;6;8365
1;3;7;6168
1;3;8;4800
1;3;9;4851
1;3;10;31661
1;3;11;31658
1;3;12;6503
1;3;13;31663
1;3;14;4749
1;3;15;28315
1;3;16;6316
1;3;17;5141
1;3;18;4985
1;3;19;5204
1;3;20;4773
1;3;21;5856
1;3;22;5636
1;3;23;8030
1;3;24;33024
1;3;25;1181
1;3;26;5787
1;3;27;1663
1;3;28;5219
1;3;29;4911
1;3;30;32102
1;3;31;30229
1;3;32;5788
1;3;33;30968
1;3;34;4904
1;3;35;2314
1;3;36;25195
1;3;37;21701
1;3;38;3046
1;3;39;21276
1;3;40;21807
1;3;41;20621
1;3;42;33425
1;3;43;31023
1;3;44;5221
1;3;45;30710
1;3;46;29895
1;3;47;32778
1;3;48;20793
1;3;49;34288
1;3;50;24118
1;3;51;18967
1;3;52;1669
1;3;53;34424
1;3;54;27692
1;3;55;508
1;3;56;817
1;3;57;642
1;3;58;7070
1;3;59;1731
1;3;60;17665
1;3;61;16093
1;3;62;1013
1;3;63;34306
1;3;64;935
1;3;65;1584
1;3;66;3333
1;3;67;24047
1;3;68;25908
1;3;69;27465
1;3;70;26414
1;3;71;14930
1;3;72;18835
1;3;73;26243
1;3;74;7610
1;3;75;29647
1;3;76;31152
1;3;77;34612
1;3;78;15180
1;3;79;7980
1;3;80;16759
1;3;81;30824
1;3;82;34669
1;3;83;7747
1;3;84;1015
1;3;85;1064
1;3;86;8363
1;3;87;1065
1;3;88;881
1;3;89;3308
1;3;90;33827
1;3;91;697
1;3;92;1272
1;3;93;33985
1;3;94;1066
1;3;95;21300
1;3;96;22147
1;3;97;1269
1;3;98;1280
1;3;99;21297
1;3;100;24449
1;3;101;24822
1;3;102;32245
1;3;103;31025
1;3;104;0
1;3;105;33666
1;3;106;4858
1;3;107;34909
1;3;108;919
1;3;109;1303
1;3;110;23955
1;3;111;7083
1;3;112;33904
1;3;113;7133
1;3;114;4319
1;3;115;1518
1;3;116;34544
1;3;117;30157
1;3;118;0
2;3;1;7772
2;3;2;31020
2;3;3;8607
2;3;4;24528
2;3;5;8202
2;3;6;24180
2;3;7;25920
2;3;8;1934
2;3;9;537
2;3;10;2740
2;3;11;4354
2;3;12;6248
2;3;13;7237
2;3;14;25262
2;3;15;622
2;3;16;23110
2;3;17;584
2;3;18;34199
2;3;19;25776
2;3;20;8290
2;3;21;30411
2;3;22;33976
2;3;23;7437
2;3;24;34593
2;3;25;15631
2;3;26;5303
2;3;27;1720
2;3;28;32127
2;3;29;23795
2;3;30;2212
2;3;31;28061
2;3;32;7040
2;3;33;2259
2;3;34;620
2;3;35;449
2;3;36;33947
2;3;37;6955
2;3;38;7316
2;3;39;8201
2;3;40;1155
2;3;41;7315
2;3;42;31188
2;3;43;7011
2;3;44;624
2;3;45;22825
2;3;46;557
2;3;47;1017
2;3;48;1067
2;3;49;33206
2;3;50;32876
2;3;51;32300
2;3;52;1583
2;3;53;8234
2;3;54;5229
2;3;55;550
2;3;56;23155
2;3;57;6478
2;3;58;7714
2;3;59;768
2;3;60;7314
2;3;61;573
2;3;62;5682
2;3;63;30375
2;3;64;562
2;3;65;767
2;3;66;32562
2;3;67;27124
2;3;68;2862
2;3;69;1324
2;3;70;526
2;3;71;7072
2;3;72;538
2;3;73;7618
2;3;74;30814
2;3;75;30815
2;3;76;1000
2;3;77;571
2;3;78;31507
2;3;79;23391
2;3;80;4337
2;3;81;7430
2;3;82;30657
2;3;83;783
2;3;84;7791
2;3;85;1213
2;3;86;25584
2;3;87;33781
2;3;88;1063
2;3;89;2652
2;3;90;33840
2;3;91;34374
2;3;92;31608
2;3;93;0
2;3;94;3223
2;3;95;33104
2;3;96;880
2;3;97;27100
2;3;98;24389
2;3;99;7424
2;3;100;960
2;3;101;31323
2;3;102;8188
2;3;103;23990
2;3;104;4088
2;3;105;883
2;3;106;20533
2;3;107;868
2;3;108;22253
2;3;109;1336
2;3;110;31588
2;3;111;766
2;3;112;6169
2;3;113;6863
2;3;114;2593
2;3;115;1018
2;3;116;29744
2;3;117;4454
2;3;118;28198
2;3;119;0
1;4;1;23728
1;4;2;820
1;4;3;3349
1;4;4;4977
1;4;5;4956
1;4;6;4994
1;4;7;26079
1;4;8;18
1;4;9;1407
1;4;10;6809
1;4;11;4763
1;4;12;7953
1;4;13;28819
1;4;14;24120
1;4;15;5012
1;4;16;122
1;4;17;7308
1;4;18;2306
1;4;19;7740
1;4;20;30370
1;4;21;4751
1;4;22;6887
1;4;23;6289
1;4;24;6587
1;4;25;4631
1;4;26;7359
1;4;27;7355
1;4;28;24306
1;4;29;7357
1;4;30;1335
1;4;31;24705
1;4;32;1084
1;4;33;5792
1;4;34;32079
1;4;35;29975
1;4;36;8971
1;4;37;21094
1;4;38;20412
1;4;39;701
1;4;40;7505
1;4;41;22483
1;4;42;7009
1;4;43;2741
1;4;44;956
1;4;45;7646
1;4;46;17379
1;4;47;162
1;4;48;31483
1;4;49;1007
1;4;50;23726
1;4;51;34646
1;4;52;34650
1;4;53;7730
1;4;54;1517
1;4;55;26046
1;4;56;15674
1;4;57;7472
1;4;58;204
1;4;59;29839
1;4;60;18009
1;4;61;18006
1;4;62;25465
1;4;63;26401
1;4;64;30149
1;4;65;1247
1;4;66;23106
1;4;67;31801
1;4;68;859
1;4;69;4736
1;4;70;1599
1;4;71;1230
1;4;72;1331
1;4;73;1179
1;4;74;23621
1;4;75;885
1;4;76;28702
1;4;77;5344
1;4;78;3322
1;4;79;0
1;4;80;363
1;4;81;2688
1;4;82;5215
1;4;83;4878
1;4;84;661
1;4;85;7753
1;4;86;27700
1;4;87;839
1;4;88;31151
1;4;89;30812
1;4;90;24882
1;4;91;2456
1;4;92;5882
1;4;93;26070
1;4;94;804
1;4;95;15265
1;4;96;3357
1;4;97;853
1;4;98;4358
1;4;99;23702
1;4;100;6139
1;4;101;20255
1;4;102;6360
1;4;103;33162
1;4;104;26862
1;4;105;33926
1;4;106;24295
1;4;107;26706
1;4;108;30365
1;4;109;1211
1;4;110;933
1;4;111;4618
1;4;112;34366
1;4;113;2939
1;4;114;1273
1;4;115;851
1;4;116;1506
1;4;117;31156
1;4;118;30825
1;4;119;1332
1;4;120;0
2;4;1;33346
2;4;2;358
2;4;3;2836
2;4;4;5226
2;4;5;30164
2;4;6;1378
2;4;7;32109
2;4;8;747
2;4;9;811
2;4;10;1241
2;4;11;6260
2;4;12;32096
2;4;13;1246
2;4;14;4779
2;4;15;18887
2;4;16;28007
2;4;17;3045
2;4;18;1590
2;4;19;34504
2;4;20;20453
2;4;21;20457
2;4;22;24322
2;4;23;6912
2;4;24;33954
2;4;25;30242
2;4;26;4367
2;4;27;29204
2;4;28;205
2;4;29;203
2;4;30;1957
2;4;31;25082
2;4;32;16326
2;4;33;31136
2;4;34;256
2;4;35;29246
2;4;36;24294
2;4;37;31900
2;4;38;31904
2;4;39;5679
2;4;40;20963
2;4;41;24461
2;4;42;1256
2;4;43;891
2;4;44;1334
2;4;45;17541
2;4;46;1254
2;4;47;32973
2;4;48;785
2;4;49;1264
2;4;50;24044
2;4;51;24046
2;4;52;34050
2;4;53;3134
2;4;54;24358
2;4;55;32864
2;4;56;2728
2;4;57;5791
2;4;58;30089
2;4;59;1255
2;4;60;1267
2;4;61;1083
2;4;62;751
2;4;63;20419
2;4;64;2714
2;4;65;23852
2;4;66;778
2;4;67;1041
2;4;68;1068
2;4;69;1337
2;4;70;17957
2;4;71;31517
2;4;72;30863
2;4;73;27158
2;4;74;17714
2;4;75;7184
2;4;76;16062
2;4;77;8435
2;4;78;30075
2;4;79;3197
2;4;80;19168
2;4;81;6274
2;4;82;4359
2;4;83;32245
2;4;84;23086
2;4;85;395
2;4;86;25704
2;4;87;0
2;4;88;33236
2;4;89;34762
2;4;90;5037
2;4;91;19000
2;4;92;15911
2;4;93;3348
2;4;94;31961
2;4;95;1268
2;4;96;5036
2;4;97;29893
2;4;98;15168
2;4;99;1924
2;4;100;28517
2;4;101;688
2;4;102;4357
2;4;103;4328
2;4;104;6527
2;4;105;4333
2;4;106;26373
2;4;107;1189
2;4;108;31833
2;4;109;26317
2;4;110;19441
2;4;111;6270
2;4;112;20844
2;4;113;3209
2;4;114;6181
2;4;115;17733
2;4;116;25543
2;4;117;33951
2;4;118;24330
2;4;119;6321
2;4;120;4318
2;4;121;18963
2;4;122;2511
2;4;123;5296
2;4;124;24042
2;4;125;26558
2;4;126;0
1;5;1;4524
1;5;2;32946
1;5;3;2188
1;5;4;2191
1;5;5;31485
1;5;6;8409
1;5;7;1526
1;5;8;26763
1;5;9;949
1;5;10;33306
1;5;11;33226
1;5;12;9490
1;5;13;23590
1;5;14;1605
1;5;15;16067
1;5;16;15958
1;5;17;5297
1;5;18;18720
1;5;19;33070
1;5;20;32711
1;5;21;1603
1;5;22;8333
1;5;23;836
1;5;24;30872
1;5;25;5053
1;5;26;795
1;5;27;8418
1;5;28;33532
1;5;29;2091
1;5;30;31663
1;5;31;32823
1;5;32;31661
1;5;33;31658
1;5;34;5542
1;5;35;0
1;5;36;33666
1;5;37;1178
1;5;38;18283
1;5;39;753
1;5;40;34684
1;5;41;28022
1;5;42;4153
1;5;43;23456
1;5;44;5553
1;5;45;6895
1;5;46;143
1;5;47;1228
1;5;48;23160
1;5;49;16661
1;5;50;27958
1;5;51;14927
1;5;52;34343
1;5;53;30440
1;5;54;27561
1;5;55;5773
1;5;56;32261
1;5;57;32370
1;5;58;31750
1;5;59;24229
1;5;60;4576
1;5;61;33071
1;5;62;121
1;5;63;29892
1;5;64;8983
1;5;65;6322
1;5;66;6428
1;5;67;34611
1;5;68;2346
1;5;69;29398
1;5;70;29399
1;5;71;33513
1;5;72;15031
1;5;73;32245
1;5;74;33
1;5;75;28985
1;5;76;5927
1;5;77;651
1;5;78;18996
1;5;79;21589
1;5;80;28367
1;5;81;7226
1;5;82;19186
1;5;83;1008
1;5;84;927
1;5;85;32985
1;5;86;658
1;5;87;4881
1;5;88;6813
1;5;89;21839
1;5;90;24590
1;5;91;984
1;5;92;5185
1;5;93;34331
1;5;94;24164
1;5;95;1139
1;5;96;6094
1;5;97;28546
1;5;98;3115
1;5;99;25505
1;5;100;0
2;5;1;809
2;5;2;810
2;5;3;3329
2;5;4;27934
2;5;5;21064
2;5;6;3238
2;5;7;4334
2;5;8;1566
2;5;9;843
2;5;10;1640
2;5;11;945
2;5;12;18716
2;5;13;865
2;5;14;27932
2;5;15;31027
2;5;16;1184
2;5;17;1010
2;5;18;31905
2;5;19;5298
2;5;20;941
2;5;21;18715
2;5;22;696
2;5;23;962
2;5;24;597
2;5;25;644
2;5;26;34389
2;5;27;28987
2;5;28;28043
2;5;29;8669
2;5;30;32952
2;5;31;15093
2;5;32;2340
2;5;33;4340
2;5;34;943
2;5;35;5908
2;5;36;32746
2;5;37;4953
2;5;38;19950
2;5;39;33953
2;5;40;981
2;5;41;5576
2;5;42;993
2;5;43;1200
2;5;44;24257
2;5;45;2524
2;5;46;29931
2;5;47;31051
2;5;48;8369
2;5;49;964
2;5;50;24119
2;5;51;951
2;5;52;25743
2;5;53;1005
2;5;54;7205
2;5;55;23982
2;5;56;4721
2;5;57;952
2;5;58;944
2;5;59;940
2;5;60;23988
2;5;61;31189
2;5;62;32949
2;5;63;33003
2;5;64;34825
2;5;65;30190
2;5;66;30218
2;5;67;30243
2;5;68;30352
2;5;69;30351
2;5;70;30186
2;5;71;30160
2;5;72;34197
2;5;73;29943
2;5;74;25649
2;5;75;33839
2;5;76;946
2;5;77;30934
2;5;78;942
2;5;79;29911
2;5;80;30199
2;5;81;17439
2;5;82;31047
2;5;83;33740
2;5;84;9016
2;5;85;30758
2;5;86;29973
2;5;87;25586
2;5;88;7706
2;5;89;19770
2;5;90;950
2;5;91;948
2;5;92;958
2;5;93;959
2;5;94;23876
2;5;95;890
2;5;96;947
2;5;97;33991
2;5;98;21147
2;5;99;6255
2;5;100;932
2;5;101;7867
2;5;102;8492
2;5;103;6759
2;5;104;2840
2;5;105;8942
2;5;106;6378
2;5;107;8699
2;5;108;32386
2;5;109;577
2;5;110;6064
2;5;111;5532
2;5;112;34111
2;5;113;8316
2;5;114;32681
2;5;115;0
2;5;116;0
