1;1;1;4734
1;1;2;5202
1;1;3;3205
1;1;4;2353
1;1;5;4994
1;1;6;18
1;1;7;5056
1;1;8;22171
1;1;9;4969
1;1;10;5012
1;1;11;33211
1;1;12;7308
1;1;13;4804
1;1;14;31679
1;1;15;7740
1;1;16;2306
1;1;17;30370
1;1;18;5126
1;1;19;8413
1;1;20;6289
1;1;21;6010
1;1;22;33532
1;1;23;1374
1;1;24;4986
1;1;25;875
1;1;26;32560
1;1;27;7359
1;1;28;7355
1;1;29;24306
1;1;30;7357
1;1;31;1332
1;1;32;30825
1;1;33;31156
1;1;34;6654
1;1;35;205
1;1;36;29839
1;1;37;18006
1;1;38;1255
1;1;39;1268
1;1;40;5036
1;1;41;2516
1;1;42;26190
1;1;43;28007
1;1;44;1246
1;1;45;1247
1;1;46;1084
1;1;47;5792
1;1;48;1638
1;1;49;32079
1;1;50;2241
1;1;51;6260
1;1;52;21094
1;1;53;32109
1;1;54;7424
1;1;55;5473
1;1;56;7709
1;1;57;8584
1;1;58;32694
1;1;59;2741
1;1;60;812
1;1;61;956
1;1;62;17379
1;1;63;7137
1;1;64;31483
1;1;65;7791
1;1;66;1007
1;1;67;571
1;1;68;572
1;1;69;15674
1;1;70;7477
1;1;71;34650
1;1;72;23726
1;1;73;34646
1;1;74;7730
1;1;75;26046
1;1;76;0
1;1;77;25188
1;1;78;2688
1;1;79;358
1;1;80;7774
1;1;81;4842
1;1;82;1594
1;1;83;34672
1;1;84;2839
1;1;85;28495
1;1;86;363
1;1;87;3223
1;1;88;2699
1;1;89;6498
1;1;90;4579
1;1;91;1726
1;1;92;15767
1;1;93;22184
1;1;94;1212
1;1;95;22704
1;1;96;29032
1;1;97;33686
1;1;98;6771
1;1;99;406
1;1;100;30730
1;1;101;30026
1;1;102;114
1;1;103;28784
1;1;104;16919
1;1;105;25213
1;1;106;7492
1;1;107;4825
1;1;108;15074
1;1;109;5209
1;1;110;32774
1;1;111;16908
1;1;112;20215
1;1;113;16575
1;1;114;28516
1;1;115;26836
1;1;116;26515
1;1;117;24043
1;1;118;2500
1;1;119;4782
1;1;120;27965
1;1;121;21343
1;1;122;3219
1;1;123;23596
1;1;124;0
2;1;1;33346
2;1;2;2836
2;1;3;361
2;1;4;33236
2;1;5;31020
2;1;6;28899
2;1;7;1854
2;1;8;23810
2;1;9;6587
2;1;10;8418
2;1;11;4907
2;1;12;31658
2;1;13;31661
2;1;14;31663
2;1;15;5131
2;1;16;4852
2;1;17;26241
2;1;18;34458
2;1;19;2627
2;1;20;6315
2;1;21;2682
2;1;22;3292
2;1;23;4935
2;1;24;2184
2;1;25;4749
2;1;26;2680
2;1;27;20512
2;1;28;18872
2;1;29;4235
2;1;30;2100
2;1;31;1585
2;1;32;7309
2;1;33;4845
2;1;34;2091
2;1;35;4800
2;1;36;892
2;1;37;32809
2;1;38;28082
2;1;39;21967
2;1;40;4950
2;1;41;4767
2;1;42;3140
2;1;43;19836
2;1;44;31267
2;1;45;4746
2;1;46;603
2;1;47;5063
2;1;48;4774
2;1;49;4949
2;1;50;4823
2;1;51;5205
2;1;52;4829
2;1;53;6340
2;1;54;7617
2;1;55;24021
2;1;56;34762
2;1;57;4814
2;1;58;34582
2;1;59;32813
2;1;60;4926
2;1;61;5037
2;1;62;24118
2;1;63;33104
2;1;64;7753
2;1;65;16132
2;1;66;25745
2;1;67;1040
2;1;68;31151
2;1;69;839
2;1;70;31183
2;1;71;34814
2;1;72;936
2;1;73;22751
2;1;74;29342
2;1;75;4201
2;1;76;30812
2;1;77;3308
2;1;78;24882
2;1;79;6828
2;1;80;3348
2;1;81;27365
2;1;82;1221
2;1;83;1012
2;1;84;30165
2;1;85;32895
2;1;86;8131
2;1;87;31441
2;1;88;7979
2;1;89;23037
2;1;90;5970
2;1;91;8269
2;1;92;25341
2;1;93;835
2;1;94;7374
2;1;95;7646
2;1;96;22483
2;1;97;7720
2;1;98;0
2;1;99;33666
2;1;100;23728
2;1;101;28825
2;1;102;32889
2;1;103;4910
2;1;104;2949
2;1;105;4987
2;1;106;31461
2;1;107;17201
2;1;108;29921
2;1;109;4992
2;1;110;5128
2;1;111;5929
2;1;112;4988
2;1;113;5407
2;1;114;5055
2;1;115;4740
2;1;116;5018
2;1;117;1732
2;1;118;5017
2;1;119;6224
2;1;120;4763
2;1;121;5006
2;1;122;27613
2;1;123;24162
2;1;124;5004
2;1;125;4875
2;1;126;24120
2;1;127;8141
2;1;128;5159
2;1;129;1771
2;1;130;5166
2;1;131;5092
2;1;132;5362
2;1;133;5189
2;1;134;1728
2;1;135;4958
2;1;136;5224
2;1;137;34910
2;1;138;26079
2;1;139;5010
2;1;140;17969
2;1;141;1758
2;1;142;5097
2;1;143;8244
2;1;144;28289
2;1;145;5009
2;1;146;31279
2;1;147;31898
2;1;148;2539
2;1;149;32702
2;1;150;7953
2;1;151;4884
2;1;152;34739
2;1;153;6217
2;1;154;4780
2;1;155;7211
2;1;156;6925
2;1;157;5888
2;1;158;4798
2;1;159;34679
2;1;160;0
1;2;1;8607
1;2;2;31469
1;2;3;2188
1;2;4;2191
1;2;5;767
1;2;6;32562
1;2;7;25248
1;2;8;552
1;2;9;24163
1;2;10;27934
1;2;11;16472
1;2;12;865
1;2;13;22341
1;2;14;33318
1;2;15;27932
1;2;16;28546
1;2;17;846
1;2;18;33306
1;2;19;33226
1;2;20;29598
1;2;21;32776
1;2;22;8444
1;2;23;5794
1;2;24;1605
1;2;25;14927
1;2;26;31750
1;2;27;32245
1;2;28;33
1;2;29;24822
1;2;30;31025
1;2;31;3141
1;2;32;1269
1;2;33;19473
1;2;34;730
1;2;35;0
1;2;36;5038
1;2;37;4981
1;2;38;5804
1;2;39;3349
1;2;40;820
1;2;41;5048
1;2;42;2832
1;2;43;5114
1;2;44;24078
1;2;45;34878
1;2;46;1181
1;2;47;6887
1;2;48;4956
1;2;49;4750
1;2;50;6286
1;2;51;8410
1;2;52;5729
1;2;53;19987
1;2;54;29509
1;2;55;2316
1;2;56;5015
1;2;57;4753
1;2;58;15458
1;2;59;4350
1;2;60;5005
1;2;61;4879
1;2;62;895
1;2;63;5339
1;2;64;15940
1;2;65;15426
1;2;66;1824
1;2;67;1772
1;2;68;17095
1;2;69;6865
1;2;70;22342
1;2;71;32606
1;2;72;2621
1;2;73;6249
1;2;74;4896
1;2;75;32601
1;2;76;1895
1;2;77;26054
1;2;78;5049
1;2;79;4797
1;2;80;2698
1;2;81;7300
1;2;82;1760
1;2;83;20010
1;2;84;4796
1;2;85;15142
1;2;86;2707
1;2;87;1727
1;2;88;1734
1;2;89;1745
1;2;90;2757
1;2;91;1755
1;2;92;1805
1;2;93;6888
1;2;94;5555
1;2;95;1764
1;2;96;30969
1;2;97;5201
1;2;98;34219
1;2;99;4752
1;2;100;19697
1;2;101;25678
1;2;102;15760
1;2;103;25969
1;2;104;4934
1;2;105;17907
1;2;106;6147
1;2;107;1959
1;2;108;19377
1;2;109;5116
1;2;110;0
2;2;1;7161
2;2;2;20690
2;2;3;7941
2;2;4;16580
2;2;5;32568
2;2;6;22296
2;2;7;4831
2;2;8;4775
2;2;9;20231
2;2;10;19546
2;2;11;30809
2;2;12;1625
2;2;13;15272
2;2;14;8368
2;2;15;8211
2;2;16;4801
2;2;17;6395
2;2;18;15487
2;2;19;8319
2;2;20;1601
2;2;21;5190
2;2;22;4857
2;2;23;5105
2;2;24;4824
2;2;25;29035
2;2;26;5170
2;2;27;5140
2;2;28;4955
2;2;29;5239
2;2;30;5176
2;2;31;4945
2;2;32;5175
2;2;33;5983
2;2;34;4957
2;2;35;29250
2;2;36;8412
2;2;37;28125
2;2;38;5058
2;2;39;5107
2;2;40;5571
2;2;41;5152
2;2;42;4608
2;2;43;30528
2;2;44;19087
2;2;45;2334
2;2;46;4772
2;2;47;5832
2;2;48;5144
2;2;49;5109
2;2;50;19155
2;2;51;5061
2;2;52;6359
2;2;53;4991
2;2;54;34121
2;2;55;5039
2;2;56;7480
2;2;57;32559
2;2;58;1739
2;2;59;4783
2;2;60;7541
2;2;61;6603
2;2;62;4766
2;2;63;1826
2;2;64;8327
2;2;65;34841
2;2;66;4755
2;2;67;16607
2;2;68;338
2;2;69;4816
2;2;70;4895
2;2;71;30238
2;2;72;6272
2;2;73;1876
2;2;74;1875
2;2;75;5564
2;2;76;5142
2;2;77;31913
2;2;78;5082
2;2;79;6144
2;2;80;16697
2;2;81;6136
2;2;82;26064
2;2;83;5178
2;2;84;5861
2;2;85;8414
2;2;86;5550
2;2;87;1751
2;2;88;5011
2;2;89;25100
2;2;90;24125
2;2;91;5146
2;2;92;898
2;2;93;2697
2;2;94;5127
2;2;95;5050
2;2;96;5052
2;2;97;4903
2;2;98;31548
2;2;99;32285
2;2;100;15825
2;2;101;5351
2;2;102;4970
2;2;103;4838
2;2;104;17262
2;2;105;1888
2;2;106;30875
2;2;107;5093
2;2;108;1995
2;2;109;25860
2;2;110;576
2;2;111;0
2;2;112;8365
2;2;113;6168
2;2;114;795
2;2;115;5053
2;2;116;33203
2;2;117;317
2;2;118;32538
2;2;119;27189
2;2;120;907
2;2;121;908
2;2;122;30872
2;2;123;1774
2;2;124;16960
2;2;125;7373
2;2;126;887
2;2;127;909
2;2;128;21179
2;2;129;6129
2;2;130;969
2;2;131;7365
2;2;132;26248
2;2;133;7371
2;2;134;7370
2;2;135;27137
2;2;136;29626
2;2;137;850
2;2;138;808
2;2;139;934
2;2;140;1069
2;2;141;1085
2;2;142;844
2;2;143;30382
2;2;144;1223
2;2;145;930
2;2;146;162
2;2;147;7097
2;2;148;23922
2;2;149;733
2;2;150;18837
2;2;151;8233
2;2;152;8033
2;2;153;32168
2;2;154;34486
2;2;155;29087
2;2;156;23890
2;2;157;7009
2;2;158;1522
2;2;159;20328
2;2;160;7694
2;2;161;8272
2;2;162;1043
2;2;163;0
1;3;1;33666
1;3;2;34288
1;3;3;972
1;3;4;996
1;3;5;5878
1;3;6;1188
1;3;7;19000
1;3;8;4631
1;3;9;27327
1;3;10;5232
1;3;11;4851
1;3;12;31658
1;3;13;31661
1;3;14;6503
1;3;15;32823
1;3;16;31663
1;3;17;5111
1;3;18;28315
1;3;19;5204
1;3;20;6316
1;3;21;4985
1;3;22;5141
1;3;23;4773
1;3;24;5856
1;3;25;8030
1;3;26;4977
1;3;27;4751
1;3;28;5219
1;3;29;4911
1;3;30;32102
1;3;31;30229
1;3;32;5788
1;3;33;30968
1;3;34;32778
1;3;35;20793
1;3;36;4904
1;3;37;29895
1;3;38;2314
1;3;39;25195
1;3;40;21701
1;3;41;3046
1;3;42;21276
1;3;43;21807
1;3;44;20621
1;3;45;33425
1;3;46;31023
1;3;47;5221
1;3;48;30710
1;3;49;25908
1;3;50;935
1;3;51;7070
1;3;52;34424
1;3;53;817
1;3;54;701
1;3;55;20412
1;3;56;642
1;3;57;1731
1;3;58;17665
1;3;59;16093
1;3;60;1013
1;3;61;34306
1;3;62;3333
1;3;63;1584
1;3;64;24047
1;3;65;27465
1;3;66;26414
1;3;67;14930
1;3;68;18835
1;3;69;26243
1;3;70;29647
1;3;71;7610
1;3;72;31152
1;3;73;15180
1;3;74;34612
1;3;75;7980
1;3;76;30824
1;3;77;16759
1;3;78;34669
1;3;79;1602
1;3;80;1064
1;3;81;1015
1;3;82;881
1;3;83;1065
1;3;84;8363
1;3;85;7747
1;3;86;33827
1;3;87;697
1;3;88;1272
1;3;89;20255
1;3;90;29893
1;3;91;28517
1;3;92;688
1;3;93;1068
1;3;94;32245
1;3;95;0
1;3;96;7772
1;3;97;919
1;3;98;34909
1;3;99;18967
1;3;100;1378
1;3;101;1669
1;3;102;27100
1;3;103;24389
1;3;104;880
1;3;105;23880
1;3;106;7083
1;3;107;4319
1;3;108;1518
1;3;109;34544
1;3;110;30157
1;3;111;0
2;3;1;4524
2;3;2;32946
2;3;3;24528
2;3;4;8202
2;3;5;24180
2;3;6;25920
2;3;7;562
2;3;8;30375
2;3;9;5682
2;3;10;1934
2;3;11;33947
2;3;12;573
2;3;13;1517
2;3;14;2740
2;3;15;7237
2;3;16;622
2;3;17;6248
2;3;18;4354
2;3;19;25262
2;3;20;768
2;3;21;7714
2;3;22;23110
2;3;23;584
2;3;24;6478
2;3;25;23155
2;3;26;526
2;3;27;30815
2;3;28;1324
2;3;29;25776
2;3;30;2862
2;3;31;8290
2;3;32;30814
2;3;33;7618
2;3;34;27124
2;3;35;34199
2;3;36;538
2;3;37;7072
2;3;38;30411
2;3;39;33976
2;3;40;7437
2;3;41;1720
2;3;42;2212
2;3;43;15631
2;3;44;23795
2;3;45;34593
2;3;46;5303
2;3;47;32127
2;3;48;2259
2;3;49;7040
2;3;50;28061
2;3;51;620
2;3;52;449
2;3;53;537
2;3;54;7314
2;3;55;6955
2;3;56;8201
2;3;57;7316
2;3;58;7315
2;3;59;32735
2;3;60;1155
2;3;61;7011
2;3;62;31188
2;3;63;22825
2;3;64;624
2;3;65;557
2;3;66;1017
2;3;67;1067
2;3;68;33206
2;3;69;32876
2;3;70;1583
2;3;71;32300
2;3;72;19375
2;3;73;5229
2;3;74;8234
2;3;75;574
2;3;76;141
2;3;77;23391
2;3;78;1213
2;3;79;783
2;3;80;30657
2;3;81;7430
2;3;82;4337
2;3;83;33781
2;3;84;1063
2;3;85;2652
2;3;86;25584
2;3;87;33840
2;3;88;34374
2;3;89;31608
2;3;90;0
2;3;91;21335
2;3;92;29175
2;3;93;1303
2;3;94;747
2;3;95;811
2;3;96;23990
2;3;97;4088
2;3;98;7133
2;3;99;33904
2;3;100;883
2;3;101;20533
2;3;102;1241
2;3;103;31588
2;3;104;1336
2;3;105;22253
2;3;106;868
2;3;107;766
2;3;108;6863
2;3;109;6169
2;3;110;2593
2;3;111;29744
2;3;112;1018
2;3;113;4454
2;3;114;28198
2;3;115;0
1;4;1;5226
1;4;2;6587
1;4;3;4974
1;4;4;33849
1;4;5;325
1;4;6;33024
1;4;7;1663
1;4;8;26079
1;4;9;18
1;4;10;29730
1;4;11;4844
1;4;12;1407
1;4;13;6809
1;4;14;4978
1;4;15;4763
1;4;16;7953
1;4;17;28819
1;4;18;24120
1;4;19;3003
1;4;20;30152
1;4;21;122
1;4;22;7308
1;4;23;2300
1;4;24;7740
1;4;25;2306
1;4;26;4748
1;4;27;23070
1;4;28;5787
1;4;29;29266
1;4;30;5636
1;4;31;7104
1;4;32;3018
1;4;33;1903
1;4;34;4815
1;4;35;7814
1;4;36;7357
1;4;37;24306
1;4;38;7355
1;4;39;7359
1;4;40;7372
1;4;41;8497
1;4;42;26401
1;4;43;29885
1;4;44;30149
1;4;45;1247
1;4;46;16673
1;4;47;33002
1;4;48;3330
1;4;49;32079
1;4;50;29975
1;4;51;2483
1;4;52;8971
1;4;53;32109
1;4;54;31323
1;4;55;960
1;4;56;8188
1;4;57;508
1;4;58;7505
1;4;59;27692
1;4;60;4487
1;4;61;7646
1;4;62;33996
1;4;63;2741
1;4;64;7472
1;4;65;31507
1;4;66;1000
1;4;67;23726
1;4;68;34646
1;4;69;34650
1;4;70;5264
1;4;71;26046
1;4;72;15674
1;4;73;550
1;4;74;1174
1;4;75;997
1;4;76;3295
1;4;77;4779
1;4;78;32096
1;4;79;31801
1;4;80;859
1;4;81;4736
1;4;82;1230
1;4;83;1599
1;4;84;1331
1;4;85;1179
1;4;86;23621
1;4;87;885
1;4;88;28702
1;4;89;5344
1;4;90;3322
1;4;91;0
1;4;92;661
1;4;93;4234
1;4;94;27700
1;4;95;2456
1;4;96;26070
1;4;97;804
1;4;98;15265
1;4;99;3357
1;4;100;6139
1;4;101;23702
1;4;102;853
1;4;103;4358
1;4;104;1312
1;4;105;33926
1;4;106;26706
1;4;107;24295
1;4;108;30365
1;4;109;1211
1;4;110;933
1;4;111;34366
1;4;112;2939
1;4;113;1273
1;4;114;1506
1;4;115;851
1;4;116;4618
1;4;117;31156
1;4;118;1278
1;4;119;26862
1;4;120;33162
1;4;121;6360
1;4;122;33985
1;4;123;8331
1;4;124;22147
1;4;125;1280
1;4;126;21297
1;4;127;2094
1;4;128;22771
1;4;129;30383
1;4;130;29839
1;4;131;18009
1;4;132;21300
1;4;133;0
2;4;1;23728
2;4;2;5215
2;4;3;4858
2;4;4;30164
2;4;5;23955
2;4;6;21094
2;4;7;789
2;4;8;23106
2;4;9;15945
2;4;10;18887
2;4;11;24705
2;4;12;1246
2;4;13;28007
2;4;14;836
2;4;15;3045
2;4;16;1590
2;4;17;34504
2;4;18;20457
2;4;19;20453
2;4;20;24322
2;4;21;4367
2;4;22;30242
2;4;23;33954
2;4;24;29204
2;4;25;6912
2;4;26;205
2;4;27;204
2;4;28;203
2;4;29;1957
2;4;30;25082
2;4;31;31136
2;4;32;16326
2;4;33;29246
2;4;34;256
2;4;35;20963
2;4;36;24461
2;4;37;5679
2;4;38;31904
2;4;39;1256
2;4;40;24294
2;4;41;31900
2;4;42;1254
2;4;43;17541
2;4;44;785
2;4;45;1264
2;4;46;24044
2;4;47;24046
2;4;48;34050
2;4;49;32973
2;4;50;3134
2;4;51;1334
2;4;52;891
2;4;53;24358
2;4;54;2728
2;4;55;5791
2;4;56;1066
2;4;57;1255
2;4;58;32864
2;4;59;30089
2;4;60;1267
2;4;61;1083
2;4;62;751
2;4;63;20419
2;4;64;2714
2;4;65;23852
2;4;66;1924
2;4;67;24449
2;4;68;1041
2;4;69;882
2;4;70;1337
2;4;71;31833
2;4;72;17957
2;4;73;31517
2;4;74;30863
2;4;75;27158
2;4;76;17714
2;4;77;32245
2;4;78;23086
2;4;79;6274
2;4;80;4359
2;4;81;19168
2;4;82;30075
2;4;83;3197
2;4;84;395
2;4;85;25704
2;4;86;23590
2;4;87;30440
2;4;88;34343
2;4;89;0
2;4;90;33236
2;4;91;34762
2;4;92;4878
2;4;93;5139
2;4;94;15911
2;4;95;5882
2;4;96;5793
2;4;97;31961
2;4;98;5036
2;4;99;1268
2;4;100;25465
2;4;101;15168
2;4;102;26265
2;4;103;778
2;4;104;4357
2;4;105;4328
2;4;106;6527
2;4;107;4333
2;4;108;26373
2;4;109;1189
2;4;110;26317
2;4;111;19441
2;4;112;3209
2;4;113;20844
2;4;114;6270
2;4;115;6181
2;4;116;25543
2;4;117;33951
2;4;118;18963
2;4;119;4318
2;4;120;6321
2;4;121;24330
2;4;122;5296
2;4;123;2511
2;4;124;24042
2;4;125;26558
2;4;126;0
1;5;1;2191
1;5;2;2188
1;5;3;31485
1;5;4;34331
1;5;5;5185
1;5;6;24590
1;5;7;949
1;5;8;4881
1;5;9;33306
1;5;10;33226
1;5;11;9490
1;5;12;5297
1;5;13;18720
1;5;14;33070
1;5;15;32711
1;5;16;1603
1;5;17;8333
1;5;18;1335
1;5;19;5080
1;5;20;8361
1;5;21;5542
1;5;22;31658
1;5;23;31661
1;5;24;31663
1;5;25;0
1;5;26;33666
1;5;27;1178
1;5;28;18283
1;5;29;753
1;5;30;34684
1;5;31;28022
1;5;32;4153
1;5;33;23456
1;5;34;5553
1;5;35;6895
1;5;36;143
1;5;37;1228
1;5;38;16661
1;5;39;23160
1;5;40;27958
1;5;41;15958
1;5;42;14927
1;5;43;16067
1;5;44;17733
1;5;45;27561
1;5;46;32245
1;5;47;33
1;5;48;7184
1;5;49;16062
1;5;50;31750
1;5;51;5773
1;5;52;32261
1;5;53;32370
1;5;54;8435
1;5;55;24229
1;5;56;33071
1;5;57;121
1;5;58;29892
1;5;59;4576
1;5;60;8983
1;5;61;6322
1;5;62;6428
1;5;63;2346
1;5;64;34611
1;5;65;29398
1;5;66;29399
1;5;67;33513
1;5;68;15031
1;5;69;28985
1;5;70;5927
1;5;71;651
1;5;72;18996
1;5;73;21589
1;5;74;28367
1;5;75;7226
1;5;76;19186
1;5;77;658
1;5;78;32985
1;5;79;927
1;5;80;1008
1;5;81;32950
1;5;82;21839
1;5;83;984
1;5;84;26763
1;5;85;1526
1;5;86;24164
1;5;87;8409
1;5;88;1139
1;5;89;6094
1;5;90;28546
1;5;91;3115
1;5;92;25505
1;5;93;19770
1;5;94;25586
1;5;95;7706
1;5;96;0
2;5;1;809
2;5;2;21064
2;5;3;3238
2;5;4;4334
2;5;5;1566
2;5;6;843
2;5;7;1640
2;5;8;945
2;5;9;18716
2;5;10;27932
2;5;11;31027
2;5;12;1184
2;5;13;1010
2;5;14;27934
2;5;15;3329
2;5;16;810
2;5;17;31905
2;5;18;5298
2;5;19;29911
2;5;20;941
2;5;21;962
2;5;22;18715
2;5;23;696
2;5;24;942
2;5;25;597
2;5;26;644
2;5;27;24119
2;5;28;951
2;5;29;964
2;5;30;28987
2;5;31;28043
2;5;32;8669
2;5;33;32952
2;5;34;943
2;5;35;4340
2;5;36;2340
2;5;37;15093
2;5;38;5908
2;5;39;32746
2;5;40;4953
2;5;41;19950
2;5;42;33953
2;5;43;981
2;5;44;993
2;5;45;5576
2;5;46;1200
2;5;47;24257
2;5;48;2524
2;5;49;29931
2;5;50;31051
2;5;51;25743
2;5;52;1005
2;5;53;7205
2;5;54;23982
2;5;55;4721
2;5;56;952
2;5;57;944
2;5;58;30934
2;5;59;31189
2;5;60;32949
2;5;61;33003
2;5;62;34825
2;5;63;30190
2;5;64;30218
2;5;65;30243
2;5;66;30352
2;5;67;30351
2;5;68;30186
2;5;69;30160
2;5;70;34197
2;5;71;29943
2;5;72;25649
2;5;73;946
2;5;74;33839
2;5;75;940
2;5;76;23988
2;5;77;8369
2;5;78;34389
2;5;79;30199
2;5;80;33740
2;5;81;29973
2;5;82;9016
2;5;83;31047
2;5;84;17439
2;5;85;30758
2;5;86;6813
2;5;87;23862
2;5;88;5762
2;5;89;948
2;5;90;950
2;5;91;959
2;5;92;890
2;5;93;958
2;5;94;23876
2;5;95;947
2;5;96;33991
2;5;97;21147
2;5;98;6255
2;5;99;932
2;5;100;7867
2;5;101;8492
2;5;102;6759
2;5;103;2840
2;5;104;8942
2;5;105;6378
2;5;106;8699
2;5;107;32386
2;5;108;6064
2;5;109;577
2;5;110;5532
2;5;111;34111
2;5;112;32681
2;5;113;8316
2;5;114;0
2;5;115;0
