1;1;1;33666
1;1;2;29921
1;1;3;26079
1;1;4;24120
1;1;5;3003
1;1;6;7308
1;1;7;31679
1;1;8;7740
1;1;9;2306
1;1;10;5126
1;1;11;7359
1;1;12;24306
1;1;13;7355
1;1;14;7372
1;1;15;7357
1;1;16;8497
1;1;17;31156
1;1;18;2516
1;1;19;29839
1;1;20;22771
1;1;21;28517
1;1;22;32245
1;1;23;205
1;1;24;1255
1;1;25;1066
1;1;26;1267
1;1;27;1268
1;1;28;5036
1;1;29;26401
1;1;30;29885
1;1;31;26190
1;1;32;28007
1;1;33;1246
1;1;34;1247
1;1;35;32079
1;1;36;32096
1;1;37;21094
1;1;38;23955
1;1;39;32109
1;1;40;2741
1;1;41;1007
1;1;42;572
1;1;43;15674
1;1;44;19375
1;1;45;550
1;1;46;23726
1;1;47;34646
1;1;48;34650
1;1;49;7315
1;1;50;26046
1;1;51;5682
1;1;52;8361
1;1;53;34762
1;1;54;0
1;1;55;4842
1;1;56;2839
1;1;57;28495
1;1;58;34672
1;1;59;1594
1;1;60;7772
1;1;61;2688
1;1;62;28899
1;1;63;7774
1;1;64;2699
1;1;65;6498
1;1;66;4579
1;1;67;1726
1;1;68;15767
1;1;69;22184
1;1;70;26515
1;1;71;30026
1;1;72;406
1;1;73;2500
1;1;74;33686
1;1;75;6771
1;1;76;23596
1;1;77;30730
1;1;78;16908
1;1;79;4825
1;1;80;4782
1;1;81;20215
1;1;82;3219
1;1;83;26836
1;1;84;27965
1;1;85;15074
1;1;86;29032
1;1;87;5209
1;1;88;28516
1;1;89;21343
1;1;90;24043
1;1;91;22704
1;1;92;16575
1;1;93;7492
1;1;94;114
1;1;95;28784
1;1;96;1212
1;1;97;32774
1;1;98;25213
1;1;99;16919
1;1;100;0
2;1;1;3223
2;1;2;8365
2;1;3;6168
2;1;4;23810
2;1;5;5053
2;1;6;795
2;1;7;4845
2;1;8;6587
2;1;9;892
2;1;10;4907
2;1;11;4852
2;1;12;31658
2;1;13;6503
2;1;14;31663
2;1;15;31661
2;1;16;32823
2;1;17;26241
2;1;18;34458
2;1;19;2627
2;1;20;6315
2;1;21;3292
2;1;22;2682
2;1;23;4935
2;1;24;2184
2;1;25;20512
2;1;26;2680
2;1;27;4749
2;1;28;1903
2;1;29;18872
2;1;30;4235
2;1;31;2100
2;1;32;1585
2;1;33;7309
2;1;34;5232
2;1;35;8418
2;1;36;2091
2;1;37;4800
2;1;38;28082
2;1;39;32809
2;1;40;31267
2;1;41;3140
2;1;42;19836
2;1;43;4746
2;1;44;21967
2;1;45;603
2;1;46;4767
2;1;47;5063
2;1;48;4950
2;1;49;4949
2;1;50;4823
2;1;51;5205
2;1;52;4829
2;1;53;4774
2;1;54;7617
2;1;55;6340
2;1;56;24021
2;1;57;4926
2;1;58;32813
2;1;59;34582
2;1;60;4814
2;1;61;34288
2;1;62;27700
2;1;63;7747
2;1;64;31151
2;1;65;16132
2;1;66;1040
2;1;67;25745
2;1;68;1602
2;1;69;31183
2;1;70;34814
2;1;71;4201
2;1;72;22751
2;1;73;29342
2;1;74;936
2;1;75;30812
2;1;76;6828
2;1;77;27365
2;1;78;30165
2;1;79;1221
2;1;80;8131
2;1;81;1012
2;1;82;32895
2;1;83;7979
2;1;84;23037
2;1;85;5970
2;1;86;7137
2;1;87;31441
2;1;88;25341
2;1;89;8269
2;1;90;8233
2;1;91;8033
2;1;92;32168
2;1;93;34486
2;1;94;29087
2;1;95;7646
2;1;96;22483
2;1;97;0
2;1;98;33236
2;1;99;23728
2;1;100;28825
2;1;101;32889
2;1;102;4910
2;1;103;2949
2;1;104;4987
2;1;105;31461
2;1;106;5202
2;1;107;3205
2;1;108;17201
2;1;109;4992
2;1;110;5128
2;1;111;5929
2;1;112;4988
2;1;113;5407
2;1;114;1758
2;1;115;5055
2;1;116;4740
2;1;117;1732
2;1;118;4763
2;1;119;5006
2;1;120;27613
2;1;121;24162
2;1;122;28289
2;1;123;4875
2;1;124;2539
2;1;125;6217
2;1;126;5888
2;1;127;5009
2;1;128;7953
2;1;129;31279
2;1;130;7211
2;1;131;34739
2;1;132;4780
2;1;133;4969
2;1;134;32702
2;1;135;28819
2;1;136;5159
2;1;137;1771
2;1;138;5166
2;1;139;23070
2;1;140;5219
2;1;141;5189
2;1;142;5362
2;1;143;5092
2;1;144;1728
2;1;145;4958
2;1;146;29730
2;1;147;5097
2;1;148;8244
2;1;149;5010
2;1;150;18
2;1;151;4844
2;1;152;17969
2;1;153;5004
2;1;154;6809
2;1;155;5018
2;1;156;4884
2;1;157;6925
2;1;158;31898
2;1;159;4798
2;1;160;34679
2;1;161;0
1;2;1;2191
1;2;2;2188
1;2;3;31485
1;2;4;3329
1;2;5;27934
1;2;6;27932
1;2;7;28546
1;2;8;1526
1;2;9;24590
1;2;10;846
1;2;11;33306
1;2;12;33226
1;2;13;25543
1;2;14;14927
1;2;15;31750
1;2;16;32245
1;2;17;33
1;2;18;31833
1;2;19;31025
1;2;20;688
1;2;21;26265
1;2;22;3141
1;2;23;1280
1;2;24;24358
1;2;25;32864
1;2;26;33985
1;2;27;6360
1;2;28;33162
1;2;29;1332
1;2;30;730
1;2;31;19473
1;2;32;0
1;2;33;4631
1;2;34;27327
1;2;35;33532
1;2;36;4981
1;2;37;5038
1;2;38;3018
1;2;39;8211
1;2;40;325
1;2;41;8413
1;2;42;3349
1;2;43;820
1;2;44;5048
1;2;45;5114
1;2;46;2832
1;2;47;15487
1;2;48;8319
1;2;49;8030
1;2;50;4977
1;2;51;6887
1;2;52;4750
1;2;53;6286
1;2;54;4994
1;2;55;2353
1;2;56;8410
1;2;57;29509
1;2;58;2316
1;2;59;5005
1;2;60;5015
1;2;61;4350
1;2;62;4879
1;2;63;4753
1;2;64;15458
1;2;65;895
1;2;66;5224
1;2;67;34910
1;2;68;5339
1;2;69;15940
1;2;70;15426
1;2;71;1824
1;2;72;6865
1;2;73;1772
1;2;74;17095
1;2;75;22342
1;2;76;32606
1;2;77;2621
1;2;78;6249
1;2;79;32601
1;2;80;2698
1;2;81;26054
1;2;82;5049
1;2;83;1895
1;2;84;4797
1;2;85;4896
1;2;86;7300
1;2;87;1760
1;2;88;20010
1;2;89;4796
1;2;90;1764
1;2;91;5555
1;2;92;6888
1;2;93;1755
1;2;94;15142
1;2;95;1745
1;2;96;2757
1;2;97;2707
1;2;98;1734
1;2;99;1805
1;2;100;1727
1;2;101;30969
1;2;102;4804
1;2;103;5201
1;2;104;2300
1;2;105;30152
1;2;106;33211
1;2;107;34219
1;2;108;4752
1;2;109;4970
1;2;110;19697
1;2;111;25678
1;2;112;122
1;2;113;25969
1;2;114;4934
1;2;115;17907
1;2;116;6147
1;2;117;1959
1;2;118;19377
1;2;119;5116
1;2;120;0
2;2;1;7161
2;2;2;20690
2;2;3;7941
2;2;4;16580
2;2;5;28315
2;2;6;5111
2;2;7;4775
2;2;8;22296
2;2;9;32568
2;2;10;4831
2;2;11;30809
2;2;12;15272
2;2;13;1625
2;2;14;8368
2;2;15;20231
2;2;16;19546
2;2;17;5804
2;2;18;4801
2;2;19;6395
2;2;20;1601
2;2;21;5190
2;2;22;4857
2;2;23;5105
2;2;24;4824
2;2;25;29035
2;2;26;30528
2;2;27;5170
2;2;28;5983
2;2;29;5175
2;2;30;5176
2;2;31;4945
2;2;32;5239
2;2;33;5832
2;2;34;29250
2;2;35;8412
2;2;36;28125
2;2;37;5058
2;2;38;5107
2;2;39;5152
2;2;40;5571
2;2;41;4608
2;2;42;5140
2;2;43;4955
2;2;44;2334
2;2;45;19087
2;2;46;4957
2;2;47;4772
2;2;48;5144
2;2;49;5109
2;2;50;19155
2;2;51;5061
2;2;52;6359
2;2;53;4991
2;2;54;34121
2;2;55;5039
2;2;56;7480
2;2;57;32559
2;2;58;1739
2;2;59;4783
2;2;60;6603
2;2;61;7541
2;2;62;5050
2;2;63;5127
2;2;64;4766
2;2;65;1826
2;2;66;8327
2;2;67;34841
2;2;68;4755
2;2;69;16607
2;2;70;338
2;2;71;4895
2;2;72;4816
2;2;73;30238
2;2;74;6272
2;2;75;1876
2;2;76;1875
2;2;77;5564
2;2;78;5142
2;2;79;31913
2;2;80;5082
2;2;81;6144
2;2;82;16697
2;2;83;6136
2;2;84;26064
2;2;85;5178
2;2;86;898
2;2;87;24125
2;2;88;5011
2;2;89;5550
2;2;90;1751
2;2;91;8414
2;2;92;5146
2;2;93;25100
2;2;94;5861
2;2;95;2697
2;2;96;4903
2;2;97;5052
2;2;98;31548
2;2;99;32285
2;2;100;15825
2;2;101;5351
2;2;102;4838
2;2;103;25860
2;2;104;30875
2;2;105;1995
2;2;106;1888
2;2;107;17262
2;2;108;5093
2;2;109;576
2;2;110;32778
2;2;111;20793
2;2;112;0
2;2;113;4986
2;2;114;875
2;2;115;1774
2;2;116;317
2;2;117;33203
2;2;118;32538
2;2;119;907
2;2;120;908
2;2;121;27189
2;2;122;30872
2;2;123;32560
2;2;124;7371
2;2;125;7365
2;2;126;21179
2;2;127;969
2;2;128;6129
2;2;129;909
2;2;130;887
2;2;131;1085
2;2;132;934
2;2;133;29626
2;2;134;808
2;2;135;850
2;2;136;27137
2;2;137;1069
2;2;138;844
2;2;139;30382
2;2;140;1223
2;2;141;930
2;2;142;162
2;2;143;7097
2;2;144;23922
2;2;145;733
2;2;146;18837
2;2;147;835
2;2;148;17379
2;2;149;7374
2;2;150;23890
2;2;151;812
2;2;152;1522
2;2;153;20328
2;2;154;7694
2;2;155;8272
2;2;156;32694
2;2;157;8584
2;2;158;0
1;3;1;29175
1;3;2;5878
1;3;3;996
1;3;4;972
1;3;5;31663
1;3;6;31661
1;3;7;31658
1;3;8;4974
1;3;9;6316
1;3;10;5141
1;3;11;5204
1;3;12;4985
1;3;13;4773
1;3;14;5856
1;3;15;34878
1;3;16;33024
1;3;17;1663
1;3;18;29266
1;3;19;5787
1;3;20;32102
1;3;21;4911
1;3;22;30229
1;3;23;5788
1;3;24;30968
1;3;25;4904
1;3;26;30710
1;3;27;29895
1;3;28;2314
1;3;29;25195
1;3;30;21701
1;3;31;3046
1;3;32;21276
1;3;33;21807
1;3;34;20621
1;3;35;33425
1;3;36;31023
1;3;37;5221
1;3;38;33666
1;3;39;5215
1;3;40;4878
1;3;41;24118
1;3;42;33104
1;3;43;1378
1;3;44;24389
1;3;45;880
1;3;46;31323
1;3;47;7070
1;3;48;1731
1;3;49;17665
1;3;50;16093
1;3;51;642
1;3;52;701
1;3;53;508
1;3;54;7505
1;3;55;27692
1;3;56;20412
1;3;57;7709
1;3;58;1043
1;3;59;1013
1;3;60;34306
1;3;61;935
1;3;62;1584
1;3;63;3333
1;3;64;24047
1;3;65;25908
1;3;66;27465
1;3;67;26414
1;3;68;14930
1;3;69;18835
1;3;70;26243
1;3;71;7610
1;3;72;29647
1;3;73;31152
1;3;74;15180
1;3;75;34612
1;3;76;7980
1;3;77;16759
1;3;78;30824
1;3;79;34669
1;3;80;839
1;3;81;1064
1;3;82;8363
1;3;83;1015
1;3;84;1065
1;3;85;881
1;3;86;0
1;3;87;363
1;3;88;4734
1;3;89;919
1;3;90;34909
1;3;91;661
1;3;92;18967
1;3;93;1303
1;3;94;1669
1;3;95;27100
1;3;96;7424
1;3;97;960
1;3;98;5473
1;3;99;23880
1;3;100;4088
1;3;101;4319
1;3;102;1518
1;3;103;34544
1;3;104;30157
1;3;105;0
2;3;1;33346
2;3;2;4524
2;3;3;32946
2;3;4;8607
2;3;5;24528
2;3;6;8202
2;3;7;24180
2;3;8;25920
2;3;9;30375
2;3;10;7314
2;3;11;1517
2;3;12;2740
2;3;13;4354
2;3;14;25262
2;3;15;622
2;3;16;6248
2;3;17;7237
2;3;18;23110
2;3;19;584
2;3;20;23155
2;3;21;25776
2;3;22;538
2;3;23;2862
2;3;24;7618
2;3;25;526
2;3;26;30814
2;3;27;30815
2;3;28;34199
2;3;29;7437
2;3;30;23795
2;3;31;34593
2;3;32;5303
2;3;33;1720
2;3;34;2212
2;3;35;32127
2;3;36;15631
2;3;37;2259
2;3;38;7040
2;3;39;28061
2;3;40;620
2;3;41;449
2;3;42;573
2;3;43;6955
2;3;44;8201
2;3;45;7316
2;3;46;5264
2;3;47;1155
2;3;48;32735
2;3;49;7730
2;3;50;7011
2;3;51;31188
2;3;52;557
2;3;53;22825
2;3;54;624
2;3;55;1017
2;3;56;1067
2;3;57;32876
2;3;58;33206
2;3;59;1583
2;3;60;32300
2;3;61;8234
2;3;62;5229
2;3;63;6478
2;3;64;7714
2;3;65;768
2;3;66;537
2;3;67;33947
2;3;68;1934
2;3;69;562
2;3;70;767
2;3;71;33976
2;3;72;30411
2;3;73;27124
2;3;74;1324
2;3;75;7072
2;3;76;8290
2;3;77;1000
2;3;78;574
2;3;79;141
2;3;80;1213
2;3;81;4337
2;3;82;7430
2;3;83;30657
2;3;84;7791
2;3;85;783
2;3;86;997
2;3;87;1174
2;3;88;33840
2;3;89;25584
2;3;90;33781
2;3;91;1063
2;3;92;2652
2;3;93;7472
2;3;94;31507
2;3;95;34374
2;3;96;31608
2;3;97;0
2;3;98;4858
2;3;99;30164
2;3;100;747
2;3;101;811
2;3;102;883
2;3;103;20533
2;3;104;1084
2;3;105;16673
2;3;106;1336
2;3;107;22253
2;3;108;868
2;3;109;29975
2;3;110;2483
2;3;111;1638
2;3;112;33002
2;3;113;5792
2;3;114;31588
2;3;115;766
2;3;116;6169
2;3;117;6863
2;3;118;2593
2;3;119;29744
2;3;120;1018
2;3;121;4454
2;3;122;28198
2;3;123;0
1;4;1;23728
1;4;2;1374
1;4;3;6587
1;4;4;7104
1;4;5;24078
1;4;6;4956
1;4;7;19987
1;4;8;5729
1;4;9;18
1;4;10;1407
1;4;11;5056
1;4;12;22171
1;4;13;5017
1;4;14;4978
1;4;15;6224
1;4;16;4763
1;4;17;26079
1;4;18;7953
1;4;19;24120
1;4;20;8141
1;4;21;5012
1;4;22;15760
1;4;23;7308
1;4;24;30370
1;4;25;7740
1;4;26;2306
1;4;27;4748
1;4;28;4751
1;4;29;1181
1;4;30;5636
1;4;31;6289
1;4;32;6010
1;4;33;33849
1;4;34;4815
1;4;35;7814
1;4;36;7359
1;4;37;7355
1;4;38;26248
1;4;39;24306
1;4;40;7357
1;4;41;16960
1;4;42;7373
1;4;43;7370
1;4;44;697
1;4;45;32079
1;4;46;2241
1;4;47;3330
1;4;48;8971
1;4;49;21094
1;4;50;7083
1;4;51;23990
1;4;52;32109
1;4;53;8188
1;4;54;34424
1;4;55;817
1;4;56;7720
1;4;57;4487
1;4;58;7646
1;4;59;7009
1;4;60;956
1;4;61;33996
1;4;62;2741
1;4;63;3295
1;4;64;23391
1;4;65;571
1;4;66;23726
1;4;67;34650
1;4;68;34646
1;4;69;7477
1;4;70;26046
1;4;71;15674
1;4;72;31483
1;4;73;1335
1;4;74;24705
1;4;75;18887
1;4;76;4779
1;4;77;23106
1;4;78;31801
1;4;79;859
1;4;80;4736
1;4;81;1599
1;4;82;1230
1;4;83;1331
1;4;84;1179
1;4;85;23621
1;4;86;885
1;4;87;28702
1;4;88;5344
1;4;89;3322
1;4;90;32711
1;4;91;33070
1;4;92;0
1;4;93;361
1;4;94;34762
1;4;95;5037
1;4;96;5139
1;4;97;1188
1;4;98;4234
1;4;99;7753
1;4;100;15911
1;4;101;3308
1;4;102;2456
1;4;103;5882
1;4;104;26070
1;4;105;804
1;4;106;15265
1;4;107;3357
1;4;108;20255
1;4;109;1312
1;4;110;26862
1;4;111;26706
1;4;112;24295
1;4;113;33926
1;4;114;30365
1;4;115;1211
1;4;116;933
1;4;117;1506
1;4;118;6654
1;4;119;851
1;4;120;34366
1;4;121;1273
1;4;122;2939
1;4;123;4618
1;4;124;31156
1;4;125;30825
1;4;126;18009
1;4;127;18006
1;4;128;29839
1;4;129;30383
1;4;130;2094
1;4;131;21297
1;4;132;1269
1;4;133;1255
1;4;134;30089
1;4;135;0
2;4;1;33904
2;4;2;7133
2;4;3;789
2;4;4;1241
2;4;5;6260
2;4;6;1247
2;4;7;15945
2;4;8;1246
2;4;9;30149
2;4;10;28007
2;4;11;836
2;4;12;3045
2;4;13;1590
2;4;14;34504
2;4;15;1603
2;4;16;8333
2;4;17;20457
2;4;18;20453
2;4;19;24322
2;4;20;6912
2;4;21;29204
2;4;22;4367
2;4;23;30242
2;4;24;33954
2;4;25;31136
2;4;26;16326
2;4;27;1957
2;4;28;25082
2;4;29;29246
2;4;30;256
2;4;31;22147
2;4;32;8331
2;4;33;21300
2;4;34;24461
2;4;35;5679
2;4;36;20963
2;4;37;31900
2;4;38;1256
2;4;39;31904
2;4;40;24294
2;4;41;17541
2;4;42;785
2;4;43;1264
2;4;44;24044
2;4;45;24046
2;4;46;1334
2;4;47;3134
2;4;48;1254
2;4;49;891
2;4;50;32973
2;4;51;34050
2;4;52;2728
2;4;53;5791
2;4;54;6139
2;4;55;4358
2;4;56;23702
2;4;57;853
2;4;58;1083
2;4;59;751
2;4;60;20419
2;4;61;2714
2;4;62;23852
2;4;63;24449
2;4;64;1068
2;4;65;1337
2;4;66;24822
2;4;67;17957
2;4;68;31517
2;4;69;30863
2;4;70;27158
2;4;71;17714
2;4;72;7184
2;4;73;16062
2;4;74;24229
2;4;75;30075
2;4;76;3197
2;4;77;19168
2;4;78;6274
2;4;79;4359
2;4;80;395
2;4;81;25704
2;4;82;5794
2;4;83;23590
2;4;84;30440
2;4;85;34343
2;4;86;0
2;4;87;33236
2;4;88;21335
2;4;89;1854
2;4;90;358
2;4;91;31020
2;4;92;25188
2;4;93;5226
2;4;94;19000
2;4;95;24882
2;4;96;3348
2;4;97;33827
2;4;98;5793
2;4;99;1272
2;4;100;1278
2;4;101;31961
2;4;102;1268
2;4;103;5036
2;4;104;29893
2;4;105;25465
2;4;106;15168
2;4;107;1924
2;4;108;203
2;4;109;205
2;4;110;204
2;4;111;778
2;4;112;1041
2;4;113;882
2;4;114;4357
2;4;115;4328
2;4;116;6527
2;4;117;4333
2;4;118;26373
2;4;119;1189
2;4;120;26317
2;4;121;19441
2;4;122;6181
2;4;123;20844
2;4;124;3209
2;4;125;6270
2;4;126;17733
2;4;127;1605
2;4;128;4318
2;4;129;18963
2;4;130;24330
2;4;131;6321
2;4;132;32245
2;4;133;24042
2;4;134;2511
2;4;135;5296
2;4;136;26558
2;4;137;0
1;5;1;5080
1;5;2;31469
1;5;3;2191
1;5;4;2188
1;5;5;32562
1;5;6;25248
1;5;7;552
1;5;8;27934
1;5;9;945
1;5;10;865
1;5;11;33318
1;5;12;27932
1;5;13;22341
1;5;14;16472
1;5;15;18716
1;5;16;34331
1;5;17;26763
1;5;18;5762
1;5;19;32950
1;5;20;33306
1;5;21;33226
1;5;22;29598
1;5;23;32776
1;5;24;8444
1;5;25;9490
1;5;26;4851
1;5;27;5131
1;5;28;31661
1;5;29;5542
1;5;30;31658
1;5;31;31663
1;5;32;33666
1;5;33;0
1;5;34;1178
1;5;35;18283
1;5;36;34684
1;5;37;28022
1;5;38;753
1;5;39;4153
1;5;40;23456
1;5;41;5553
1;5;42;6895
1;5;43;143
1;5;44;1228
1;5;45;23160
1;5;46;16661
1;5;47;27958
1;5;48;5297
1;5;49;18720
1;5;50;14927
1;5;51;15958
1;5;52;16067
1;5;53;33951
1;5;54;27561
1;5;55;32245
1;5;56;33
1;5;57;23086
1;5;58;8435
1;5;59;31750
1;5;60;32370
1;5;61;32261
1;5;62;5773
1;5;63;4576
1;5;64;121
1;5;65;33071
1;5;66;29892
1;5;67;6322
1;5;68;8983
1;5;69;34611
1;5;70;2346
1;5;71;6428
1;5;72;29398
1;5;73;29399
1;5;74;33513
1;5;75;15031
1;5;76;28985
1;5;77;5927
1;5;78;651
1;5;79;18996
1;5;80;21589
1;5;81;28367
1;5;82;7226
1;5;83;19186
1;5;84;927
1;5;85;658
1;5;86;1008
1;5;87;32985
1;5;88;4881
1;5;89;6813
1;5;90;21839
1;5;91;949
1;5;92;984
1;5;93;5185
1;5;94;24164
1;5;95;8409
1;5;96;1139
1;5;97;6094
1;5;98;3115
1;5;99;28546
1;5;100;25505
1;5;101;0
2;5;1;2836
2;5;2;809
2;5;3;21064
2;5;4;3238
2;5;5;4334
2;5;6;1566
2;5;7;843
2;5;8;1640
2;5;9;31027
2;5;10;1184
2;5;11;1010
2;5;12;24163
2;5;13;810
2;5;14;942
2;5;15;941
2;5;16;18715
2;5;17;696
2;5;18;31905
2;5;19;5298
2;5;20;29911
2;5;21;597
2;5;22;644
2;5;23;964
2;5;24;24119
2;5;25;34389
2;5;26;32952
2;5;27;28043
2;5;28;28987
2;5;29;8669
2;5;30;5908
2;5;31;943
2;5;32;4340
2;5;33;15093
2;5;34;2340
2;5;35;32746
2;5;36;4953
2;5;37;33953
2;5;38;981
2;5;39;19950
2;5;40;5576
2;5;41;993
2;5;42;1200
2;5;43;24257
2;5;44;2524
2;5;45;29931
2;5;46;31051
2;5;47;25743
2;5;48;951
2;5;49;7205
2;5;50;23982
2;5;51;1005
2;5;52;4721
2;5;53;952
2;5;54;944
2;5;55;8369
2;5;56;23988
2;5;57;940
2;5;58;31189
2;5;59;32949
2;5;60;33003
2;5;61;30190
2;5;62;34825
2;5;63;30218
2;5;64;30243
2;5;65;30351
2;5;66;30186
2;5;67;30160
2;5;68;30352
2;5;69;34197
2;5;70;29943
2;5;71;25649
2;5;72;946
2;5;73;33839
2;5;74;30934
2;5;75;962
2;5;76;30199
2;5;77;30758
2;5;78;9016
2;5;79;31047
2;5;80;33740
2;5;81;17439
2;5;82;29973
2;5;83;25586
2;5;84;7706
2;5;85;19770
2;5;86;950
2;5;87;948
2;5;88;23862
2;5;89;959
2;5;90;890
2;5;91;958
2;5;92;23876
2;5;93;947
2;5;94;33991
2;5;95;21147
2;5;96;6255
2;5;97;932
2;5;98;7867
2;5;99;8492
2;5;100;6759
2;5;101;2840
2;5;102;8942
2;5;103;6378
2;5;104;8699
2;5;105;32386
2;5;106;6064
2;5;107;577
2;5;108;5532
2;5;109;34111
2;5;110;8316
2;5;111;32681
2;5;112;0
2;5;113;0
