1;1;1;33666
1;1;2;29921
1;1;3;2353
1;1;4;26079
1;1;5;24120
1;1;6;3003
1;1;7;7308
1;1;8;31679
1;1;9;7740
1;1;10;2306
1;1;11;29266
1;1;12;5126
1;1;13;7359
1;1;14;24306
1;1;15;7355
1;1;16;7357
1;1;17;8497
1;1;18;31156
1;1;19;2516
1;1;20;29839
1;1;21;22771
1;1;22;28517
1;1;23;32245
1;1;24;205
1;1;25;1255
1;1;26;1267
1;1;27;1268
1;1;28;5036
1;1;29;26401
1;1;30;29885
1;1;31;26190
1;1;32;28007
1;1;33;1246
1;1;34;1247
1;1;35;32079
1;1;36;32096
1;1;37;21094
1;1;38;23955
1;1;39;32109
1;1;40;2741
1;1;41;1007
1;1;42;572
1;1;43;15674
1;1;44;19375
1;1;45;550
1;1;46;23726
1;1;47;34650
1;1;48;34646
1;1;49;7315
1;1;50;26046
1;1;51;5682
1;1;52;8361
1;1;53;31658
1;1;54;34762
1;1;55;0
1;1;56;4842
1;1;57;28495
1;1;58;34672
1;1;59;2839
1;1;60;1594
1;1;61;21335
1;1;62;31020
1;1;63;2836
1;1;64;2699
1;1;65;6498
1;1;66;4579
1;1;67;1726
1;1;68;15767
1;1;69;22184
1;1;70;30730
1;1;71;27965
1;1;72;7492
1;1;73;4825
1;1;74;32774
1;1;75;24043
1;1;76;16919
1;1;77;26515
1;1;78;406
1;1;79;15074
1;1;80;114
1;1;81;22704
1;1;82;23596
1;1;83;16908
1;1;84;5209
1;1;85;3219
1;1;86;2500
1;1;87;4782
1;1;88;20215
1;1;89;21343
1;1;90;28516
1;1;91;29032
1;1;92;25213
1;1;93;16575
1;1;94;33686
1;1;95;30026
1;1;96;6771
1;1;97;1212
1;1;98;28784
1;1;99;26836
1;1;100;0
2;1;1;8365
2;1;2;6168
2;1;3;23810
2;1;4;5053
2;1;5;795
2;1;6;5232
2;1;7;4845
2;1;8;8418
2;1;9;2091
2;1;10;6587
2;1;11;892
2;1;12;4907
2;1;13;31663
2;1;14;31661
2;1;15;32823
2;1;16;6503
2;1;17;34458
2;1;18;26241
2;1;19;2627
2;1;20;6315
2;1;21;3292
2;1;22;2682
2;1;23;4935
2;1;24;2184
2;1;25;1903
2;1;26;4749
2;1;27;2680
2;1;28;20512
2;1;29;18872
2;1;30;2100
2;1;31;4235
2;1;32;1585
2;1;33;7309
2;1;34;4800
2;1;35;28082
2;1;36;32809
2;1;37;4767
2;1;38;4746
2;1;39;31267
2;1;40;21967
2;1;41;19836
2;1;42;603
2;1;43;3140
2;1;44;5063
2;1;45;4950
2;1;46;4774
2;1;47;4949
2;1;48;4823
2;1;49;5205
2;1;50;4829
2;1;51;7617
2;1;52;6340
2;1;53;24021
2;1;54;4926
2;1;55;32813
2;1;56;34582
2;1;57;4814
2;1;58;34288
2;1;59;27700
2;1;60;7747
2;1;61;31151
2;1;62;16132
2;1;63;1040
2;1;64;25745
2;1;65;1602
2;1;66;31183
2;1;67;34814
2;1;68;4201
2;1;69;22751
2;1;70;29342
2;1;71;936
2;1;72;30812
2;1;73;6828
2;1;74;2456
2;1;75;27365
2;1;76;30165
2;1;77;8131
2;1;78;1221
2;1;79;1012
2;1;80;32895
2;1;81;5970
2;1;82;23037
2;1;83;7137
2;1;84;7979
2;1;85;31441
2;1;86;8269
2;1;87;25341
2;1;88;8033
2;1;89;32168
2;1;90;8233
2;1;91;34486
2;1;92;29087
2;1;93;7646
2;1;94;22483
2;1;95;0
2;1;96;361
2;1;97;7772
2;1;98;33236
2;1;99;23728
2;1;100;28825
2;1;101;32889
2;1;102;4910
2;1;103;2949
2;1;104;4987
2;1;105;31461
2;1;106;5202
2;1;107;3205
2;1;108;17201
2;1;109;4992
2;1;110;5128
2;1;111;5929
2;1;112;4988
2;1;113;5407
2;1;114;1758
2;1;115;5055
2;1;116;4740
2;1;117;1732
2;1;118;4763
2;1;119;27613
2;1;120;24162
2;1;121;28289
2;1;122;4875
2;1;123;5888
2;1;124;6217
2;1;125;5009
2;1;126;4969
2;1;127;4884
2;1;128;7953
2;1;129;31279
2;1;130;31898
2;1;131;4780
2;1;132;32702
2;1;133;6925
2;1;134;28819
2;1;135;5159
2;1;136;1771
2;1;137;5166
2;1;138;23070
2;1;139;5219
2;1;140;5189
2;1;141;5362
2;1;142;5092
2;1;143;1728
2;1;144;4958
2;1;145;5010
2;1;146;29730
2;1;147;8244
2;1;148;5097
2;1;149;18
2;1;150;17969
2;1;151;5004
2;1;152;6809
2;1;153;7211
2;1;154;2539
2;1;155;34739
2;1;156;4798
2;1;157;34679
2;1;158;0
1;2;1;2191
1;2;2;2188
1;2;3;31485
1;2;4;3329
1;2;5;27934
1;2;6;27932
1;2;7;28546
1;2;8;1526
1;2;9;846
1;2;10;24590
1;2;11;33306
1;2;12;33226
1;2;13;25543
1;2;14;14927
1;2;15;31750
1;2;16;32245
1;2;17;33
1;2;18;31833
1;2;19;26265
1;2;20;3141
1;2;21;1280
1;2;22;32864
1;2;23;1066
1;2;24;33985
1;2;25;6360
1;2;26;33162
1;2;27;1332
1;2;28;730
1;2;29;19473
1;2;30;0
1;2;31;4631
1;2;32;27327
1;2;33;33532
1;2;34;4981
1;2;35;5038
1;2;36;3018
1;2;37;8211
1;2;38;325
1;2;39;8413
1;2;40;3349
1;2;41;820
1;2;42;5048
1;2;43;5114
1;2;44;2832
1;2;45;8319
1;2;46;15487
1;2;47;8030
1;2;48;4977
1;2;49;6887
1;2;50;4750
1;2;51;6286
1;2;52;4994
1;2;53;19987
1;2;54;8410
1;2;55;29509
1;2;56;2316
1;2;57;4879
1;2;58;5015
1;2;59;4350
1;2;60;15458
1;2;61;5005
1;2;62;4753
1;2;63;895
1;2;64;5224
1;2;65;34910
1;2;66;5339
1;2;67;15940
1;2;68;15426
1;2;69;1824
1;2;70;6865
1;2;71;1772
1;2;72;17095
1;2;73;22342
1;2;74;32606
1;2;75;6249
1;2;76;2621
1;2;77;2698
1;2;78;26054
1;2;79;5049
1;2;80;4896
1;2;81;1895
1;2;82;4797
1;2;83;32601
1;2;84;7300
1;2;85;1760
1;2;86;20010
1;2;87;4796
1;2;88;1764
1;2;89;5555
1;2;90;6888
1;2;91;1745
1;2;92;15142
1;2;93;2757
1;2;94;1727
1;2;95;1734
1;2;96;1805
1;2;97;1755
1;2;98;30969
1;2;99;4804
1;2;100;5201
1;2;101;2300
1;2;102;30152
1;2;103;33211
1;2;104;34219
1;2;105;4752
1;2;106;5351
1;2;107;4970
1;2;108;19697
1;2;109;25678
1;2;110;122
1;2;111;25969
1;2;112;4934
1;2;113;17907
1;2;114;6147
1;2;115;1959
1;2;116;19377
1;2;117;5116
1;2;118;0
2;2;1;7161
2;2;2;20690
2;2;3;7941
2;2;4;16580
2;2;5;6316
2;2;6;5141
2;2;7;28315
2;2;8;4985
2;2;9;5111
2;2;10;4775
2;2;11;22296
2;2;12;32568
2;2;13;4831
2;2;14;30809
2;2;15;15272
2;2;16;1625
2;2;17;20231
2;2;18;19546
2;2;19;8368
2;2;20;5804
2;2;21;4801
2;2;22;6395
2;2;23;1601
2;2;24;5190
2;2;25;4857
2;2;26;5105
2;2;27;4824
2;2;28;29035
2;2;29;30528
2;2;30;5170
2;2;31;5983
2;2;32;5175
2;2;33;5176
2;2;34;5239
2;2;35;4945
2;2;36;5832
2;2;37;29250
2;2;38;8412
2;2;39;28125
2;2;40;5058
2;2;41;5107
2;2;42;5152
2;2;43;4608
2;2;44;5571
2;2;45;5140
2;2;46;4955
2;2;47;2334
2;2;48;19087
2;2;49;4957
2;2;50;4772
2;2;51;5144
2;2;52;5109
2;2;53;19155
2;2;54;5061
2;2;55;4991
2;2;56;6359
2;2;57;34121
2;2;58;5039
2;2;59;7480
2;2;60;32559
2;2;61;4783
2;2;62;1739
2;2;63;6603
2;2;64;7541
2;2;65;5127
2;2;66;5050
2;2;67;898
2;2;68;1826
2;2;69;8327
2;2;70;34841
2;2;71;4755
2;2;72;16607
2;2;73;338
2;2;74;4895
2;2;75;4816
2;2;76;30238
2;2;77;6272
2;2;78;1876
2;2;79;1875
2;2;80;5564
2;2;81;5142
2;2;82;31913
2;2;83;5082
2;2;84;6144
2;2;85;16697
2;2;86;6136
2;2;87;26064
2;2;88;5178
2;2;89;24125
2;2;90;5011
2;2;91;5550
2;2;92;1751
2;2;93;8414
2;2;94;5146
2;2;95;25100
2;2;96;5861
2;2;97;2697
2;2;98;4766
2;2;99;4903
2;2;100;5052
2;2;101;31548
2;2;102;32285
2;2;103;15825
2;2;104;4838
2;2;105;1995
2;2;106;5093
2;2;107;25860
2;2;108;17262
2;2;109;30875
2;2;110;1888
2;2;111;576
2;2;112;32778
2;2;113;20793
2;2;114;0
2;2;115;33346
2;2;116;363
2;2;117;4986
2;2;118;875
2;2;119;1774
2;2;120;317
2;2;121;33203
2;2;122;32538
2;2;123;907
2;2;124;908
2;2;125;27189
2;2;126;30872
2;2;127;32560
2;2;128;7371
2;2;129;7365
2;2;130;7370
2;2;131;887
2;2;132;21179
2;2;133;969
2;2;134;6129
2;2;135;909
2;2;136;1085
2;2;137;934
2;2;138;850
2;2;139;808
2;2;140;29626
2;2;141;27137
2;2;142;1069
2;2;143;844
2;2;144;30382
2;2;145;1223
2;2;146;930
2;2;147;162
2;2;148;7097
2;2;149;23922
2;2;150;733
2;2;151;18837
2;2;152;835
2;2;153;17379
2;2;154;7374
2;2;155;23890
2;2;156;812
2;2;157;1522
2;2;158;32694
2;2;159;20328
2;2;160;7694
2;2;161;8272
2;2;162;8584
2;2;163;0
1;3;1;5878
1;3;2;996
1;3;3;972
1;3;4;31663
1;3;5;31661
1;3;6;31658
1;3;7;4852
1;3;8;4974
1;3;9;5204
1;3;10;4773
1;3;11;5856
1;3;12;34878
1;3;13;33024
1;3;14;1663
1;3;15;5787
1;3;16;32102
1;3;17;4911
1;3;18;30229
1;3;19;5788
1;3;20;30968
1;3;21;4904
1;3;22;29895
1;3;23;30710
1;3;24;2314
1;3;25;25195
1;3;26;21701
1;3;27;3046
1;3;28;21276
1;3;29;21807
1;3;30;20621
1;3;31;33425
1;3;32;31023
1;3;33;5221
1;3;34;33666
1;3;35;5215
1;3;36;4878
1;3;37;24118
1;3;38;33104
1;3;39;1378
1;3;40;24389
1;3;41;880
1;3;42;31323
1;3;43;7070
1;3;44;16093
1;3;45;17665
1;3;46;1731
1;3;47;642
1;3;48;701
1;3;49;508
1;3;50;7505
1;3;51;27692
1;3;52;817
1;3;53;20412
1;3;54;7709
1;3;55;1043
1;3;56;1013
1;3;57;34306
1;3;58;935
1;3;59;1584
1;3;60;3333
1;3;61;24047
1;3;62;25908
1;3;63;27465
1;3;64;26414
1;3;65;14930
1;3;66;18835
1;3;67;26243
1;3;68;7610
1;3;69;29647
1;3;70;31152
1;3;71;15180
1;3;72;34612
1;3;73;7980
1;3;74;16759
1;3;75;30824
1;3;76;34669
1;3;77;839
1;3;78;8363
1;3;79;1064
1;3;80;1015
1;3;81;1065
1;3;82;881
1;3;83;0
1;3;84;919
1;3;85;34909
1;3;86;661
1;3;87;29175
1;3;88;18967
1;3;89;1303
1;3;90;1669
1;3;91;27100
1;3;92;7424
1;3;93;960
1;3;94;5473
1;3;95;23880
1;3;96;4088
1;3;97;4319
1;3;98;1518
1;3;99;34544
1;3;100;30157
1;3;101;0
2;3;1;25188
2;3;2;4524
2;3;3;32946
2;3;4;8607
2;3;5;8202
2;3;6;24180
2;3;7;30375
2;3;8;573
2;3;9;537
2;3;10;1517
2;3;11;2740
2;3;12;4354
2;3;13;25262
2;3;14;6248
2;3;15;7237
2;3;16;622
2;3;17;23110
2;3;18;584
2;3;19;23155
2;3;20;2862
2;3;21;7618
2;3;22;538
2;3;23;30815
2;3;24;1324
2;3;25;526
2;3;26;34199
2;3;27;7437
2;3;28;1720
2;3;29;34593
2;3;30;5303
2;3;31;2212
2;3;32;23795
2;3;33;32127
2;3;34;15631
2;3;35;28061
2;3;36;7040
2;3;37;2259
2;3;38;620
2;3;39;449
2;3;40;7314
2;3;41;6955
2;3;42;8201
2;3;43;7316
2;3;44;5264
2;3;45;1155
2;3;46;7730
2;3;47;32735
2;3;48;7011
2;3;49;31188
2;3;50;22825
2;3;51;624
2;3;52;557
2;3;53;1017
2;3;54;1067
2;3;55;32876
2;3;56;33206
2;3;57;1583
2;3;58;32300
2;3;59;8234
2;3;60;5229
2;3;61;6478
2;3;62;7714
2;3;63;768
2;3;64;33947
2;3;65;1934
2;3;66;562
2;3;67;25920
2;3;68;767
2;3;69;33976
2;3;70;30411
2;3;71;27124
2;3;72;30814
2;3;73;7072
2;3;74;25776
2;3;75;8290
2;3;76;1000
2;3;77;574
2;3;78;141
2;3;79;1213
2;3;80;4337
2;3;81;7430
2;3;82;30657
2;3;83;7791
2;3;84;783
2;3;85;997
2;3;86;1174
2;3;87;33840
2;3;88;33781
2;3;89;25584
2;3;90;1063
2;3;91;2652
2;3;92;7472
2;3;93;31507
2;3;94;34374
2;3;95;31608
2;3;96;0
2;3;97;2688
2;3;98;3223
2;3;99;7774
2;3;100;4858
2;3;101;30164
2;3;102;811
2;3;103;883
2;3;104;20533
2;3;105;6260
2;3;106;16673
2;3;107;1084
2;3;108;1336
2;3;109;22253
2;3;110;868
2;3;111;29975
2;3;112;2483
2;3;113;1638
2;3;114;33002
2;3;115;5792
2;3;116;31588
2;3;117;766
2;3;118;6169
2;3;119;6863
2;3;120;2593
2;3;121;29744
2;3;122;1018
2;3;123;4454
2;3;124;28198
2;3;125;0
1;4;1;23728
1;4;2;1374
1;4;3;6587
1;4;4;7104
1;4;5;24078
1;4;6;4956
1;4;7;5729
1;4;8;18
1;4;9;4844
1;4;10;1407
1;4;11;5056
1;4;12;22171
1;4;13;5018
1;4;14;5017
1;4;15;4978
1;4;16;6224
1;4;17;4763
1;4;18;5006
1;4;19;26079
1;4;20;7953
1;4;21;24120
1;4;22;8141
1;4;23;5012
1;4;24;15760
1;4;25;7308
1;4;26;30370
1;4;27;2707
1;4;28;7740
1;4;29;2306
1;4;30;4748
1;4;31;4751
1;4;32;1181
1;4;33;5636
1;4;34;6289
1;4;35;6010
1;4;36;33849
1;4;37;4815
1;4;38;7814
1;4;39;7355
1;4;40;7359
1;4;41;26248
1;4;42;16960
1;4;43;24306
1;4;44;7357
1;4;45;7373
1;4;46;7372
1;4;47;697
1;4;48;32079
1;4;49;3330
1;4;50;2241
1;4;51;8971
1;4;52;21094
1;4;53;7083
1;4;54;23990
1;4;55;32109
1;4;56;8188
1;4;57;34424
1;4;58;7720
1;4;59;4487
1;4;60;7646
1;4;61;7009
1;4;62;956
1;4;63;33996
1;4;64;2741
1;4;65;3295
1;4;66;23391
1;4;67;571
1;4;68;23726
1;4;69;34650
1;4;70;34646
1;4;71;7477
1;4;72;26046
1;4;73;15674
1;4;74;31483
1;4;75;1335
1;4;76;24705
1;4;77;18887
1;4;78;4779
1;4;79;23106
1;4;80;31801
1;4;81;859
1;4;82;4736
1;4;83;1599
1;4;84;1230
1;4;85;1331
1;4;86;1179
1;4;87;23621
1;4;88;885
1;4;89;5344
1;4;90;28702
1;4;91;3322
1;4;92;32711
1;4;93;33070
1;4;94;0
1;4;95;4734
1;4;96;34762
1;4;97;5037
1;4;98;5139
1;4;99;1188
1;4;100;7753
1;4;101;15911
1;4;102;4234
1;4;103;3308
1;4;104;5882
1;4;105;26070
1;4;106;804
1;4;107;15265
1;4;108;3357
1;4;109;20255
1;4;110;1312
1;4;111;26862
1;4;112;26706
1;4;113;24295
1;4;114;33926
1;4;115;30365
1;4;116;1211
1;4;117;933
1;4;118;1506
1;4;119;6654
1;4;120;851
1;4;121;34366
1;4;122;1273
1;4;123;2939
1;4;124;4618
1;4;125;31156
1;4;126;30825
1;4;127;18009
1;4;128;18006
1;4;129;29839
1;4;130;30383
1;4;131;2094
1;4;132;21297
1;4;133;1269
1;4;134;1255
1;4;135;30089
1;4;136;24358
1;4;137;0
2;4;1;28899
2;4;2;747
2;4;3;33904
2;4;4;7133
2;4;5;789
2;4;6;1241
2;4;7;1247
2;4;8;15945
2;4;9;1246
2;4;10;30149
2;4;11;28007
2;4;12;836
2;4;13;3045
2;4;14;1590
2;4;15;34504
2;4;16;1603
2;4;17;8333
2;4;18;20457
2;4;19;20453
2;4;20;24322
2;4;21;6912
2;4;22;4367
2;4;23;30242
2;4;24;33954
2;4;25;29204
2;4;26;31136
2;4;27;16326
2;4;28;1957
2;4;29;25082
2;4;30;29246
2;4;31;256
2;4;32;8331
2;4;33;21300
2;4;34;5679
2;4;35;24461
2;4;36;20963
2;4;37;1256
2;4;38;31904
2;4;39;31900
2;4;40;24294
2;4;41;891
2;4;42;785
2;4;43;1264
2;4;44;24044
2;4;45;24046
2;4;46;17541
2;4;47;1334
2;4;48;3134
2;4;49;1254
2;4;50;32973
2;4;51;34050
2;4;52;2728
2;4;53;5791
2;4;54;6139
2;4;55;4358
2;4;56;23702
2;4;57;853
2;4;58;1083
2;4;59;751
2;4;60;20419
2;4;61;2714
2;4;62;23852
2;4;63;24449
2;4;64;778
2;4;65;1068
2;4;66;1337
2;4;67;31025
2;4;68;24822
2;4;69;17957
2;4;70;31517
2;4;71;30863
2;4;72;27158
2;4;73;17714
2;4;74;7184
2;4;75;16062
2;4;76;24229
2;4;77;30075
2;4;78;3197
2;4;79;19168
2;4;80;4359
2;4;81;6274
2;4;82;395
2;4;83;25704
2;4;84;5794
2;4;85;23590
2;4;86;34343
2;4;87;30440
2;4;88;0
2;4;89;33236
2;4;90;358
2;4;91;1854
2;4;92;5226
2;4;93;19000
2;4;94;24882
2;4;95;3348
2;4;96;33827
2;4;97;5793
2;4;98;1272
2;4;99;1278
2;4;100;31961
2;4;101;1268
2;4;102;5036
2;4;103;29893
2;4;104;22147
2;4;105;25465
2;4;106;15168
2;4;107;1924
2;4;108;205
2;4;109;204
2;4;110;203
2;4;111;688
2;4;112;1041
2;4;113;882
2;4;114;4357
2;4;115;4328
2;4;116;6527
2;4;117;4333
2;4;118;26373
2;4;119;1189
2;4;120;26317
2;4;121;19441
2;4;122;6270
2;4;123;3209
2;4;124;6181
2;4;125;20844
2;4;126;17733
2;4;127;1605
2;4;128;4318
2;4;129;18963
2;4;130;24330
2;4;131;6321
2;4;132;32245
2;4;133;2511
2;4;134;5296
2;4;135;24042
2;4;136;26558
2;4;137;0
1;5;1;5080
1;5;2;2191
1;5;3;2188
1;5;4;24528
1;5;5;31469
1;5;6;32562
1;5;7;25248
1;5;8;552
1;5;9;27934
1;5;10;945
1;5;11;18716
1;5;12;865
1;5;13;33318
1;5;14;27932
1;5;15;22341
1;5;16;16472
1;5;17;26763
1;5;18;5762
1;5;19;32950
1;5;20;33306
1;5;21;33226
1;5;22;29598
1;5;23;32776
1;5;24;8444
1;5;25;9490
1;5;26;4851
1;5;27;5131
1;5;28;31661
1;5;29;5542
1;5;30;31658
1;5;31;31663
1;5;32;33666
1;5;33;0
1;5;34;1178
1;5;35;18283
1;5;36;34684
1;5;37;28022
1;5;38;753
1;5;39;4153
1;5;40;23456
1;5;41;5553
1;5;42;6895
1;5;43;143
1;5;44;1228
1;5;45;23160
1;5;46;16661
1;5;47;27958
1;5;48;5297
1;5;49;18720
1;5;50;14927
1;5;51;15958
1;5;52;16067
1;5;53;33951
1;5;54;27561
1;5;55;32245
1;5;56;33
1;5;57;23086
1;5;58;8435
1;5;59;31750
1;5;60;32370
1;5;61;32261
1;5;62;5773
1;5;63;121
1;5;64;4576
1;5;65;29892
1;5;66;33071
1;5;67;6322
1;5;68;8983
1;5;69;2346
1;5;70;34611
1;5;71;6428
1;5;72;29398
1;5;73;29399
1;5;74;33513
1;5;75;15031
1;5;76;28985
1;5;77;5927
1;5;78;651
1;5;79;18996
1;5;80;21589
1;5;81;28367
1;5;82;7226
1;5;83;19186
1;5;84;927
1;5;85;32985
1;5;86;658
1;5;87;1008
1;5;88;4881
1;5;89;6813
1;5;90;21839
1;5;91;949
1;5;92;984
1;5;93;5185
1;5;94;34331
1;5;95;24164
1;5;96;8409
1;5;97;1139
1;5;98;6094
1;5;99;3115
1;5;100;28546
1;5;101;25505
1;5;102;0
2;5;1;809
2;5;2;21064
2;5;3;3238
2;5;4;4334
2;5;5;1566
2;5;6;843
2;5;7;1640
2;5;8;31027
2;5;9;1184
2;5;10;1010
2;5;11;24163
2;5;12;810
2;5;13;942
2;5;14;962
2;5;15;941
2;5;16;18715
2;5;17;696
2;5;18;31905
2;5;19;5298
2;5;20;29911
2;5;21;597
2;5;22;644
2;5;23;34389
2;5;24;8669
2;5;25;28043
2;5;26;32952
2;5;27;28987
2;5;28;943
2;5;29;4340
2;5;30;15093
2;5;31;2340
2;5;32;5908
2;5;33;32746
2;5;34;4953
2;5;35;33953
2;5;36;981
2;5;37;19950
2;5;38;5576
2;5;39;993
2;5;40;1200
2;5;41;24257
2;5;42;2524
2;5;43;29931
2;5;44;31051
2;5;45;964
2;5;46;24119
2;5;47;25743
2;5;48;951
2;5;49;23982
2;5;50;7205
2;5;51;1005
2;5;52;4721
2;5;53;952
2;5;54;944
2;5;55;8369
2;5;56;23988
2;5;57;940
2;5;58;31189
2;5;59;32949
2;5;60;33003
2;5;61;30190
2;5;62;34825
2;5;63;30218
2;5;64;30243
2;5;65;30351
2;5;66;30186
2;5;67;30160
2;5;68;30352
2;5;69;34197
2;5;70;29943
2;5;71;25649
2;5;72;946
2;5;73;33839
2;5;74;30934
2;5;75;30199
2;5;76;31047
2;5;77;9016
2;5;78;29973
2;5;79;33740
2;5;80;30758
2;5;81;17439
2;5;82;25586
2;5;83;7706
2;5;84;19770
2;5;85;950
2;5;86;948
2;5;87;23862
2;5;88;958
2;5;89;23876
2;5;90;890
2;5;91;959
2;5;92;947
2;5;93;33991
2;5;94;21147
2;5;95;6255
2;5;96;7867
2;5;97;932
2;5;98;6759
2;5;99;8492
2;5;100;2840
2;5;101;8942
2;5;102;6378
2;5;103;8699
2;5;104;32386
2;5;105;6064
2;5;106;577
2;5;107;5532
2;5;108;34111
2;5;109;8316
2;5;110;32681
2;5;111;0
2;5;112;0
