1;1;1;33666
1;1;2;29921
1;1;3;2353
1;1;4;26079
1;1;5;24120
1;1;6;3003
1;1;7;7308
1;1;8;31679
1;1;9;7740
1;1;10;2306
1;1;11;29266
1;1;12;5126
1;1;13;7359
1;1;14;7357
1;1;15;24306
1;1;16;7355
1;1;17;8497
1;1;18;31156
1;1;19;2516
1;1;20;29839
1;1;21;22771
1;1;22;28517
1;1;23;32245
1;1;24;205
1;1;25;1255
1;1;26;1267
1;1;27;1268
1;1;28;5036
1;1;29;26401
1;1;30;29885
1;1;31;26190
1;1;32;28007
1;1;33;1246
1;1;34;1247
1;1;35;32079
1;1;36;32096
1;1;37;21094
1;1;38;23955
1;1;39;32109
1;1;40;2741
1;1;41;1007
1;1;42;572
1;1;43;15674
1;1;44;19375
1;1;45;550
1;1;46;23726
1;1;47;34650
1;1;48;34646
1;1;49;7315
1;1;50;26046
1;1;51;5682
1;1;52;8361
1;1;53;31658
1;1;54;34762
1;1;55;0
1;1;56;33236
1;1;57;4842
1;1;58;1594
1;1;59;28495
1;1;60;34672
1;1;61;2839
1;1;62;33346
1;1;63;2688
1;1;64;2699
1;1;65;6498
1;1;66;4579
1;1;67;1726
1;1;68;15767
1;1;69;22184
1;1;70;3219
1;1;71;4782
1;1;72;21343
1;1;73;32774
1;1;74;30730
1;1;75;7492
1;1;76;30026
1;1;77;22704
1;1;78;4825
1;1;79;28784
1;1;80;16919
1;1;81;28516
1;1;82;16575
1;1;83;6771
1;1;84;16908
1;1;85;24043
1;1;86;1212
1;1;87;25213
1;1;88;29032
1;1;89;15074
1;1;90;2500
1;1;91;27965
1;1;92;114
1;1;93;5209
1;1;94;26836
1;1;95;26515
1;1;96;20215
1;1;97;23596
1;1;98;406
1;1;99;33686
1;1;100;0
2;1;1;8365
2;1;2;6168
2;1;3;23810
2;1;4;5053
2;1;5;795
2;1;6;4845
2;1;7;5232
2;1;8;2091
2;1;9;6587
2;1;10;892
2;1;11;4907
2;1;12;31663
2;1;13;31661
2;1;14;32823
2;1;15;6503
2;1;16;26241
2;1;17;2627
2;1;18;34458
2;1;19;6315
2;1;20;3292
2;1;21;2682
2;1;22;4935
2;1;23;2184
2;1;24;1903
2;1;25;4749
2;1;26;2680
2;1;27;20512
2;1;28;18872
2;1;29;2100
2;1;30;4235
2;1;31;1585
2;1;32;7309
2;1;33;4800
2;1;34;28082
2;1;35;32809
2;1;36;3140
2;1;37;4767
2;1;38;19836
2;1;39;4746
2;1;40;21967
2;1;41;603
2;1;42;5063
2;1;43;4950
2;1;44;31267
2;1;45;4774
2;1;46;4949
2;1;47;4823
2;1;48;5205
2;1;49;4829
2;1;50;7617
2;1;51;6340
2;1;52;24021
2;1;53;4926
2;1;54;32813
2;1;55;34582
2;1;56;4814
2;1;57;34288
2;1;58;27700
2;1;59;7747
2;1;60;31151
2;1;61;16132
2;1;62;1040
2;1;63;25745
2;1;64;1602
2;1;65;31183
2;1;66;34814
2;1;67;4201
2;1;68;22751
2;1;69;29342
2;1;70;936
2;1;71;30812
2;1;72;6828
2;1;73;2456
2;1;74;27365
2;1;75;8131
2;1;76;30165
2;1;77;1221
2;1;78;32895
2;1;79;1012
2;1;80;5970
2;1;81;23037
2;1;82;7137
2;1;83;7979
2;1;84;31441
2;1;85;8269
2;1;86;25341
2;1;87;8033
2;1;88;32168
2;1;89;8233
2;1;90;34486
2;1;91;7646
2;1;92;22483
2;1;93;0
2;1;94;1854
2;1;95;23728
2;1;96;28825
2;1;97;32889
2;1;98;4910
2;1;99;2949
2;1;100;4987
2;1;101;31461
2;1;102;5202
2;1;103;3205
2;1;104;17201
2;1;105;4992
2;1;106;5128
2;1;107;5929
2;1;108;4988
2;1;109;5407
2;1;110;1758
2;1;111;4740
2;1;112;5055
2;1;113;1732
2;1;114;4763
2;1;115;27613
2;1;116;24162
2;1;117;28289
2;1;118;4875
2;1;119;5888
2;1;120;31279
2;1;121;4780
2;1;122;7953
2;1;123;34739
2;1;124;31898
2;1;125;5009
2;1;126;4969
2;1;127;6925
2;1;128;4884
2;1;129;32702
2;1;130;28819
2;1;131;5159
2;1;132;1771
2;1;133;5166
2;1;134;23070
2;1;135;5219
2;1;136;5189
2;1;137;5092
2;1;138;1728
2;1;139;5362
2;1;140;4958
2;1;141;5010
2;1;142;29730
2;1;143;8244
2;1;144;5097
2;1;145;18
2;1;146;17969
2;1;147;5004
2;1;148;6809
2;1;149;6217
2;1;150;2539
2;1;151;7211
2;1;152;4798
2;1;153;34679
2;1;154;0
1;2;1;2191
1;2;2;2188
1;2;3;31485
1;2;4;3329
1;2;5;27934
1;2;6;27932
1;2;7;28546
1;2;8;1526
1;2;9;846
1;2;10;24590
1;2;11;21839
1;2;12;33306
1;2;13;33226
1;2;14;25543
1;2;15;14927
1;2;16;31750
1;2;17;32245
1;2;18;33
1;2;19;31025
1;2;20;26265
1;2;21;3141
1;2;22;1280
1;2;23;32864
1;2;24;1066
1;2;25;33985
1;2;26;6360
1;2;27;1312
1;2;28;1332
1;2;29;730
1;2;30;19473
1;2;31;0
1;2;32;4631
1;2;33;27327
1;2;34;33532
1;2;35;4981
1;2;36;5038
1;2;37;3018
1;2;38;8211
1;2;39;325
1;2;40;8413
1;2;41;3349
1;2;42;820
1;2;43;5048
1;2;44;5114
1;2;45;2832
1;2;46;15487
1;2;47;8030
1;2;48;4977
1;2;49;6887
1;2;50;4750
1;2;51;6286
1;2;52;4994
1;2;53;19987
1;2;54;8410
1;2;55;29509
1;2;56;2316
1;2;57;5005
1;2;58;4350
1;2;59;4879
1;2;60;5015
1;2;61;895
1;2;62;15458
1;2;63;4753
1;2;64;5224
1;2;65;34910
1;2;66;5339
1;2;67;15940
1;2;68;15426
1;2;69;1824
1;2;70;1772
1;2;71;6865
1;2;72;17095
1;2;73;22342
1;2;74;32606
1;2;75;6249
1;2;76;2621
1;2;77;26054
1;2;78;4797
1;2;79;5049
1;2;80;2698
1;2;81;4896
1;2;82;1895
1;2;83;32601
1;2;84;7300
1;2;85;1760
1;2;86;20010
1;2;87;4796
1;2;88;1764
1;2;89;5555
1;2;90;6888
1;2;91;1745
1;2;92;2707
1;2;93;15142
1;2;94;1727
1;2;95;1734
1;2;96;1805
1;2;97;2757
1;2;98;1755
1;2;99;30969
1;2;100;4804
1;2;101;5201
1;2;102;2300
1;2;103;30152
1;2;104;33211
1;2;105;34219
1;2;106;4752
1;2;107;5351
1;2;108;4970
1;2;109;19697
1;2;110;25678
1;2;111;25969
1;2;112;122
1;2;113;4934
1;2;114;17907
1;2;115;6147
1;2;116;1959
1;2;117;19377
1;2;118;5116
1;2;119;0
2;2;1;7161
2;2;2;7941
2;2;3;20690
2;2;4;16580
2;2;5;6316
2;2;6;4985
2;2;7;5111
2;2;8;4775
2;2;9;22296
2;2;10;32568
2;2;11;4831
2;2;12;30809
2;2;13;15272
2;2;14;1625
2;2;15;20231
2;2;16;19546
2;2;17;8368
2;2;18;5804
2;2;19;4801
2;2;20;6395
2;2;21;1601
2;2;22;8319
2;2;23;5190
2;2;24;4857
2;2;25;5105
2;2;26;4824
2;2;27;29035
2;2;28;30528
2;2;29;5170
2;2;30;5983
2;2;31;5175
2;2;32;5176
2;2;33;5239
2;2;34;4945
2;2;35;5832
2;2;36;29250
2;2;37;8412
2;2;38;28125
2;2;39;5058
2;2;40;5107
2;2;41;5152
2;2;42;4608
2;2;43;5571
2;2;44;5140
2;2;45;4955
2;2;46;2334
2;2;47;19087
2;2;48;4957
2;2;49;4772
2;2;50;5144
2;2;51;5109
2;2;52;19155
2;2;53;5061
2;2;54;4991
2;2;55;6359
2;2;56;34121
2;2;57;5039
2;2;58;7480
2;2;59;32559
2;2;60;4783
2;2;61;1739
2;2;62;6603
2;2;63;7541
2;2;64;5127
2;2;65;5052
2;2;66;5050
2;2;67;898
2;2;68;1826
2;2;69;8327
2;2;70;34841
2;2;71;4755
2;2;72;16607
2;2;73;338
2;2;74;4895
2;2;75;4816
2;2;76;30238
2;2;77;6272
2;2;78;1876
2;2;79;1875
2;2;80;5564
2;2;81;5142
2;2;82;31913
2;2;83;5082
2;2;84;6144
2;2;85;16697
2;2;86;6136
2;2;87;26064
2;2;88;5178
2;2;89;24125
2;2;90;5011
2;2;91;5550
2;2;92;1751
2;2;93;8414
2;2;94;5146
2;2;95;25100
2;2;96;5861
2;2;97;2697
2;2;98;4766
2;2;99;4903
2;2;100;31548
2;2;101;32285
2;2;102;15825
2;2;103;4838
2;2;104;1995
2;2;105;17262
2;2;106;5093
2;2;107;25860
2;2;108;30875
2;2;109;1888
2;2;110;576
2;2;111;32778
2;2;112;20793
2;2;113;0
2;2;114;28899
2;2;115;3223
2;2;116;361
2;2;117;4986
2;2;118;875
2;2;119;1774
2;2;120;317
2;2;121;33203
2;2;122;32538
2;2;123;907
2;2;124;908
2;2;125;27189
2;2;126;30872
2;2;127;32560
2;2;128;7365
2;2;129;7370
2;2;130;7371
2;2;131;887
2;2;132;21179
2;2;133;969
2;2;134;6129
2;2;135;909
2;2;136;1069
2;2;137;1085
2;2;138;850
2;2;139;808
2;2;140;934
2;2;141;29626
2;2;142;27137
2;2;143;844
2;2;144;30382
2;2;145;1223
2;2;146;930
2;2;147;162
2;2;148;7097
2;2;149;23922
2;2;150;733
2;2;151;18837
2;2;152;835
2;2;153;17379
2;2;154;29087
2;2;155;23890
2;2;156;7374
2;2;157;812
2;2;158;956
2;2;159;1522
2;2;160;32694
2;2;161;20328
2;2;162;7694
2;2;163;8272
2;2;164;8584
2;2;165;0
1;3;1;21335
1;3;2;5878
1;3;3;996
1;3;4;972
1;3;5;8418
1;3;6;5131
1;3;7;31663
1;3;8;31661
1;3;9;31658
1;3;10;4852
1;3;11;4974
1;3;12;28315
1;3;13;5141
1;3;14;5204
1;3;15;4773
1;3;16;5856
1;3;17;34878
1;3;18;5787
1;3;19;32102
1;3;20;4911
1;3;21;30229
1;3;22;5788
1;3;23;30968
1;3;24;4904
1;3;25;29895
1;3;26;30710
1;3;27;2314
1;3;28;25195
1;3;29;21701
1;3;30;3046
1;3;31;21276
1;3;32;21807
1;3;33;20621
1;3;34;33425
1;3;35;31023
1;3;36;5221
1;3;37;33666
1;3;38;5215
1;3;39;4878
1;3;40;24118
1;3;41;33104
1;3;42;1378
1;3;43;24389
1;3;44;31323
1;3;45;7070
1;3;46;16093
1;3;47;17665
1;3;48;1731
1;3;49;642
1;3;50;701
1;3;51;508
1;3;52;7505
1;3;53;27692
1;3;54;817
1;3;55;20412
1;3;56;7709
1;3;57;1043
1;3;58;1013
1;3;59;34306
1;3;60;935
1;3;61;1584
1;3;62;3333
1;3;63;24047
1;3;64;25908
1;3;65;27465
1;3;66;26414
1;3;67;14930
1;3;68;18835
1;3;69;26243
1;3;70;7610
1;3;71;29647
1;3;72;31152
1;3;73;15180
1;3;74;34612
1;3;75;7980
1;3;76;16759
1;3;77;30824
1;3;78;34669
1;3;79;839
1;3;80;8363
1;3;81;1064
1;3;82;1015
1;3;83;1065
1;3;84;881
1;3;85;0
1;3;86;919
1;3;87;34909
1;3;88;661
1;3;89;29175
1;3;90;18967
1;3;91;1303
1;3;92;1669
1;3;93;27100
1;3;94;7424
1;3;95;960
1;3;96;5473
1;3;97;23880
1;3;98;4088
1;3;99;33904
1;3;100;7133
1;3;101;4319
1;3;102;1518
1;3;103;34544
1;3;104;30157
1;3;105;0
2;3;1;4524
2;3;2;32946
2;3;3;8607
2;3;4;8202
2;3;5;24180
2;3;6;30375
2;3;7;573
2;3;8;537
2;3;9;1517
2;3;10;2740
2;3;11;4354
2;3;12;25262
2;3;13;6248
2;3;14;7237
2;3;15;622
2;3;16;23110
2;3;17;584
2;3;18;23155
2;3;19;27124
2;3;20;7618
2;3;21;8290
2;3;22;30815
2;3;23;538
2;3;24;1324
2;3;25;34199
2;3;26;526
2;3;27;30814
2;3;28;7437
2;3;29;5303
2;3;30;2212
2;3;31;23795
2;3;32;32127
2;3;33;15631
2;3;34;34593
2;3;35;1720
2;3;36;28061
2;3;37;7040
2;3;38;2259
2;3;39;620
2;3;40;449
2;3;41;7314
2;3;42;6955
2;3;43;8201
2;3;44;7316
2;3;45;5264
2;3;46;1155
2;3;47;32735
2;3;48;7730
2;3;49;31188
2;3;50;7011
2;3;51;22825
2;3;52;624
2;3;53;557
2;3;54;1017
2;3;55;1067
2;3;56;32876
2;3;57;33206
2;3;58;1583
2;3;59;32300
2;3;60;8234
2;3;61;5229
2;3;62;6478
2;3;63;7714
2;3;64;768
2;3;65;33947
2;3;66;1934
2;3;67;25920
2;3;68;562
2;3;69;767
2;3;70;33976
2;3;71;30411
2;3;72;7072
2;3;73;2862
2;3;74;25776
2;3;75;1000
2;3;76;574
2;3;77;141
2;3;78;1213
2;3;79;4337
2;3;80;7430
2;3;81;30657
2;3;82;7791
2;3;83;783
2;3;84;997
2;3;85;1174
2;3;86;33840
2;3;87;33781
2;3;88;25584
2;3;89;2652
2;3;90;1063
2;3;91;7472
2;3;92;31507
2;3;93;34374
2;3;94;31608
2;3;95;0
2;3;96;2836
2;3;97;7774
2;3;98;4734
2;3;99;31020
2;3;100;4858
2;3;101;30164
2;3;102;811
2;3;103;883
2;3;104;20533
2;3;105;6260
2;3;106;16673
2;3;107;1084
2;3;108;1336
2;3;109;22253
2;3;110;868
2;3;111;2483
2;3;112;29975
2;3;113;1638
2;3;114;2241
2;3;115;33002
2;3;116;5792
2;3;117;31588
2;3;118;766
2;3;119;6169
2;3;120;6863
2;3;121;2593
2;3;122;29744
2;3;123;1018
2;3;124;4454
2;3;125;28198
2;3;126;0
1;4;1;23728
1;4;2;1374
1;4;3;6587
1;4;4;7104
1;4;5;24078
1;4;6;4956
1;4;7;5729
1;4;8;18
1;4;9;4844
1;4;10;1407
1;4;11;5056
1;4;12;22171
1;4;13;5018
1;4;14;5017
1;4;15;4978
1;4;16;6224
1;4;17;4763
1;4;18;5006
1;4;19;26079
1;4;20;7953
1;4;21;24120
1;4;22;8141
1;4;23;5012
1;4;24;15760
1;4;25;7308
1;4;26;30370
1;4;27;7740
1;4;28;2306
1;4;29;4748
1;4;30;1663
1;4;31;4751
1;4;32;1181
1;4;33;33024
1;4;34;5636
1;4;35;6289
1;4;36;6010
1;4;37;33849
1;4;38;4815
1;4;39;7814
1;4;40;26248
1;4;41;7355
1;4;42;7357
1;4;43;16960
1;4;44;7359
1;4;45;24306
1;4;46;7373
1;4;47;7372
1;4;48;697
1;4;49;32079
1;4;50;3330
1;4;51;8971
1;4;52;21094
1;4;53;7083
1;4;54;23990
1;4;55;32109
1;4;56;880
1;4;57;8188
1;4;58;34424
1;4;59;7720
1;4;60;4487
1;4;61;7646
1;4;62;7009
1;4;63;33996
1;4;64;2741
1;4;65;3295
1;4;66;23391
1;4;67;571
1;4;68;23726
1;4;69;34650
1;4;70;34646
1;4;71;7477
1;4;72;26046
1;4;73;15674
1;4;74;31483
1;4;75;1335
1;4;76;24705
1;4;77;18887
1;4;78;23106
1;4;79;31801
1;4;80;859
1;4;81;4736
1;4;82;1599
1;4;83;1230
1;4;84;1331
1;4;85;1179
1;4;86;23621
1;4;87;885
1;4;88;5344
1;4;89;28702
1;4;90;3322
1;4;91;32711
1;4;92;33070
1;4;93;0
1;4;94;34762
1;4;95;5037
1;4;96;5139
1;4;97;1188
1;4;98;7753
1;4;99;15911
1;4;100;4234
1;4;101;3308
1;4;102;5882
1;4;103;26070
1;4;104;804
1;4;105;15265
1;4;106;3357
1;4;107;20255
1;4;108;33162
1;4;109;26862
1;4;110;24295
1;4;111;26706
1;4;112;33926
1;4;113;30365
1;4;114;1211
1;4;115;933
1;4;116;1506
1;4;117;6654
1;4;118;851
1;4;119;34366
1;4;120;2939
1;4;121;1273
1;4;122;4618
1;4;123;31156
1;4;124;30825
1;4;125;18009
1;4;126;18006
1;4;127;29839
1;4;128;30383
1;4;129;2094
1;4;130;21297
1;4;131;1269
1;4;132;1255
1;4;133;30089
1;4;134;24358
1;4;135;0
2;4;1;747
2;4;2;789
2;4;3;1241
2;4;4;1247
2;4;5;15945
2;4;6;4779
2;4;7;1246
2;4;8;30149
2;4;9;28007
2;4;10;836
2;4;11;3045
2;4;12;1590
2;4;13;34504
2;4;14;1603
2;4;15;8333
2;4;16;20457
2;4;17;20453
2;4;18;24322
2;4;19;6912
2;4;20;4367
2;4;21;30242
2;4;22;33954
2;4;23;29204
2;4;24;31136
2;4;25;16326
2;4;26;1957
2;4;27;25082
2;4;28;29246
2;4;29;256
2;4;30;25465
2;4;31;8331
2;4;32;21300
2;4;33;1256
2;4;34;5679
2;4;35;24294
2;4;36;24461
2;4;37;20963
2;4;38;31904
2;4;39;31900
2;4;40;34050
2;4;41;891
2;4;42;785
2;4;43;1264
2;4;44;24044
2;4;45;24046
2;4;46;1334
2;4;47;1254
2;4;48;17541
2;4;49;3134
2;4;50;32973
2;4;51;5791
2;4;52;2728
2;4;53;6139
2;4;54;4358
2;4;55;23702
2;4;56;853
2;4;57;1083
2;4;58;751
2;4;59;20419
2;4;60;2714
2;4;61;23852
2;4;62;24449
2;4;63;778
2;4;64;1068
2;4;65;1337
2;4;66;31833
2;4;67;24822
2;4;68;17957
2;4;69;31517
2;4;70;30863
2;4;71;27158
2;4;72;17714
2;4;73;7184
2;4;74;16062
2;4;75;24229
2;4;76;30075
2;4;77;3197
2;4;78;19168
2;4;79;4359
2;4;80;6274
2;4;81;395
2;4;82;25704
2;4;83;5794
2;4;84;23590
2;4;85;34343
2;4;86;30440
2;4;87;0
2;4;88;25188
2;4;89;33236
2;4;90;358
2;4;91;5226
2;4;92;19000
2;4;93;24882
2;4;94;3348
2;4;95;33827
2;4;96;5793
2;4;97;1272
2;4;98;1278
2;4;99;31961
2;4;100;1268
2;4;101;5036
2;4;102;29893
2;4;103;22147
2;4;104;15168
2;4;105;1924
2;4;106;205
2;4;107;204
2;4;108;203
2;4;109;688
2;4;110;1041
2;4;111;882
2;4;112;4357
2;4;113;4328
2;4;114;6527
2;4;115;4333
2;4;116;26373
2;4;117;1189
2;4;118;26317
2;4;119;19441
2;4;120;6181
2;4;121;6270
2;4;122;3209
2;4;123;20844
2;4;124;17733
2;4;125;1605
2;4;126;4318
2;4;127;18963
2;4;128;24330
2;4;129;6321
2;4;130;32245
2;4;131;5296
2;4;132;26558
2;4;133;2511
2;4;134;24042
2;4;135;0
1;5;1;5080
1;5;2;2191
1;5;3;2188
1;5;4;24528
1;5;5;31469
1;5;6;32562
1;5;7;25248
1;5;8;552
1;5;9;27934
1;5;10;945
1;5;11;18716
1;5;12;865
1;5;13;33318
1;5;14;27932
1;5;15;22341
1;5;16;16472
1;5;17;26763
1;5;18;5762
1;5;19;32950
1;5;20;33306
1;5;21;33226
1;5;22;29598
1;5;23;32776
1;5;24;8444
1;5;25;9490
1;5;26;4851
1;5;27;31661
1;5;28;5542
1;5;29;31658
1;5;30;31663
1;5;31;33666
1;5;32;0
1;5;33;7772
1;5;34;363
1;5;35;1178
1;5;36;18283
1;5;37;34684
1;5;38;28022
1;5;39;753
1;5;40;4153
1;5;41;23456
1;5;42;5553
1;5;43;6895
1;5;44;143
1;5;45;1228
1;5;46;23160
1;5;47;16661
1;5;48;27958
1;5;49;5297
1;5;50;18720
1;5;51;14927
1;5;52;15958
1;5;53;16067
1;5;54;33951
1;5;55;27561
1;5;56;32245
1;5;57;33
1;5;58;23086
1;5;59;8435
1;5;60;31750
1;5;61;32370
1;5;62;32261
1;5;63;5773
1;5;64;121
1;5;65;4576
1;5;66;29892
1;5;67;33071
1;5;68;6322
1;5;69;8983
1;5;70;2346
1;5;71;34611
1;5;72;6428
1;5;73;29398
1;5;74;29399
1;5;75;33513
1;5;76;15031
1;5;77;28985
1;5;78;5927
1;5;79;651
1;5;80;18996
1;5;81;21589
1;5;82;28367
1;5;83;7226
1;5;84;19186
1;5;85;927
1;5;86;32985
1;5;87;658
1;5;88;1008
1;5;89;4881
1;5;90;6813
1;5;91;23862
1;5;92;949
1;5;93;984
1;5;94;5185
1;5;95;34331
1;5;96;24164
1;5;97;8409
1;5;98;1139
1;5;99;6094
1;5;100;3115
1;5;101;28546
1;5;102;25505
1;5;103;0
2;5;1;809
2;5;2;21064
2;5;3;3238
2;5;4;4334
2;5;5;1566
2;5;6;843
2;5;7;1640
2;5;8;31027
2;5;9;1184
2;5;10;1010
2;5;11;24163
2;5;12;810
2;5;13;942
2;5;14;962
2;5;15;941
2;5;16;18715
2;5;17;696
2;5;18;31905
2;5;19;5298
2;5;20;29911
2;5;21;597
2;5;22;644
2;5;23;34389
2;5;24;8669
2;5;25;28043
2;5;26;32952
2;5;27;28987
2;5;28;943
2;5;29;4340
2;5;30;15093
2;5;31;2340
2;5;32;5908
2;5;33;32746
2;5;34;4953
2;5;35;33953
2;5;36;981
2;5;37;19950
2;5;38;993
2;5;39;5576
2;5;40;1200
2;5;41;24257
2;5;42;2524
2;5;43;29931
2;5;44;31051
2;5;45;964
2;5;46;24119
2;5;47;25743
2;5;48;951
2;5;49;7205
2;5;50;23982
2;5;51;1005
2;5;52;4721
2;5;53;952
2;5;54;944
2;5;55;8369
2;5;56;23988
2;5;57;940
2;5;58;31189
2;5;59;32949
2;5;60;33003
2;5;61;30190
2;5;62;34825
2;5;63;30218
2;5;64;30243
2;5;65;30351
2;5;66;30186
2;5;67;30160
2;5;68;30352
2;5;69;34197
2;5;70;29943
2;5;71;25649
2;5;72;33839
2;5;73;946
2;5;74;30934
2;5;75;30199
2;5;76;31047
2;5;77;9016
2;5;78;29973
2;5;79;33740
2;5;80;30758
2;5;81;17439
2;5;82;25586
2;5;83;7706
2;5;84;19770
2;5;85;950
2;5;86;948
2;5;87;890
2;5;88;23876
2;5;89;958
2;5;90;959
2;5;91;947
2;5;92;33991
2;5;93;21147
2;5;94;6255
2;5;95;7867
2;5;96;932
2;5;97;6759
2;5;98;8492
2;5;99;2840
2;5;100;8942
2;5;101;6378
2;5;102;8699
2;5;103;32386
2;5;104;6064
2;5;105;577
2;5;106;5532
2;5;107;34111
2;5;108;8316
2;5;109;32681
2;5;110;0
2;5;111;0
