1;1;1;33666
1;1;2;26079
1;1;3;24120
1;1;4;3003
1;1;5;5012
1;1;6;7308
1;1;7;31679
1;1;8;2306
1;1;9;7740
1;1;10;30370
1;1;11;29266
1;1;12;1181
1;1;13;7357
1;1;14;7359
1;1;15;7355
1;1;16;7373
1;1;17;24306
1;1;18;8497
1;1;19;1268
1;1;20;29839
1;1;21;22771
1;1;22;28517
1;1;23;32245
1;1;24;205
1;1;25;8331
1;1;26;1255
1;1;27;1267
1;1;28;5036
1;1;29;31156
1;1;30;29885
1;1;31;26401
1;1;32;28007
1;1;33;1246
1;1;34;1247
1;1;35;32079
1;1;36;21094
1;1;37;32109
1;1;38;2741
1;1;39;1007
1;1;40;572
1;1;41;19375
1;1;42;15674
1;1;43;23726
1;1;44;34650
1;1;45;34646
1;1;46;7315
1;1;47;26046
1;1;48;8361
1;1;49;31658
1;1;50;4631
1;1;51;34762
1;1;52;0
1;1;53;28495
1;1;54;1594
1;1;55;34672
1;1;56;2839
1;1;57;4842
1;1;58;1854
1;1;59;2699
1;1;60;6498
1;1;61;4579
1;1;62;1726
1;1;63;15767
1;1;64;22184
1;1;65;4825
1;1;66;32774
1;1;67;7492
1;1;68;27965
1;1;69;28516
1;1;70;16919
1;1;71;24043
1;1;72;26515
1;1;73;114
1;1;74;5209
1;1;75;25213
1;1;76;15074
1;1;77;4782
1;1;78;406
1;1;79;28784
1;1;80;30730
1;1;81;23596
1;1;82;26836
1;1;83;16908
1;1;84;16575
1;1;85;22704
1;1;86;30026
1;1;87;2500
1;1;88;3219
1;1;89;33686
1;1;90;1212
1;1;91;20215
1;1;92;21343
1;1;93;6771
1;1;94;29032
1;1;95;0
2;1;1;361
2;1;2;33236
2;1;3;23728
2;1;4;1374
2;1;5;8365
2;1;6;23810
2;1;7;6168
2;1;8;5053
2;1;9;892
2;1;10;4907
2;1;11;5131
2;1;12;31661
2;1;13;5542
2;1;14;6503
2;1;15;31663
2;1;16;32823
2;1;17;26241
2;1;18;2627
2;1;19;34458
2;1;20;6315
2;1;21;4935
2;1;22;2682
2;1;23;3292
2;1;24;2184
2;1;25;1903
2;1;26;2680
2;1;27;20512
2;1;28;2100
2;1;29;1585
2;1;30;4235
2;1;31;18872
2;1;32;7309
2;1;33;6587
2;1;34;4845
2;1;35;32809
2;1;36;28082
2;1;37;5063
2;1;38;4746
2;1;39;4767
2;1;40;21967
2;1;41;603
2;1;42;31267
2;1;43;19836
2;1;44;3140
2;1;45;4950
2;1;46;4949
2;1;47;4823
2;1;48;5205
2;1;49;4829
2;1;50;4774
2;1;51;7617
2;1;52;6340
2;1;53;24021
2;1;54;32813
2;1;55;4926
2;1;56;34582
2;1;57;4814
2;1;58;27700
2;1;59;7747
2;1;60;31151
2;1;61;16132
2;1;62;1040
2;1;63;25745
2;1;64;1602
2;1;65;31183
2;1;66;34814
2;1;67;22751
2;1;68;936
2;1;69;4201
2;1;70;29342
2;1;71;2456
2;1;72;27365
2;1;73;1221
2;1;74;30165
2;1;75;8131
2;1;76;32895
2;1;77;1012
2;1;78;5970
2;1;79;23037
2;1;80;31441
2;1;81;7137
2;1;82;7979
2;1;83;8269
2;1;84;25341
2;1;85;8033
2;1;86;8233
2;1;87;7646
2;1;88;22483
2;1;89;0
2;1;90;358
2;1;91;28825
2;1;92;32889
2;1;93;4910
2;1;94;2949
2;1;95;4987
2;1;96;31461
2;1;97;5202
2;1;98;17201
2;1;99;3205
2;1;100;29921
2;1;101;4992
2;1;102;5929
2;1;103;5128
2;1;104;4988
2;1;105;5407
2;1;106;1758
2;1;107;5055
2;1;108;4740
2;1;109;28289
2;1;110;5056
2;1;111;22171
2;1;112;4875
2;1;113;1732
2;1;114;5017
2;1;115;4763
2;1;116;24162
2;1;117;5009
2;1;118;4969
2;1;119;6217
2;1;120;32702
2;1;121;31898
2;1;122;7953
2;1;123;31279
2;1;124;28819
2;1;125;5159
2;1;126;1771
2;1;127;5166
2;1;128;4748
2;1;129;23070
2;1;130;5219
2;1;131;5189
2;1;132;5362
2;1;133;5092
2;1;134;1728
2;1;135;4958
2;1;136;29730
2;1;137;4844
2;1;138;8244
2;1;139;5097
2;1;140;5010
2;1;141;18
2;1;142;17969
2;1;143;5004
2;1;144;2539
2;1;145;34739
2;1;146;7211
2;1;147;6925
2;1;148;4780
2;1;149;5888
2;1;150;4884
2;1;151;4798
2;1;152;34679
2;1;153;0
1;2;1;5080
1;2;2;2188
1;2;3;2191
1;2;4;31469
1;2;5;27934
1;2;6;27932
1;2;7;28546
1;2;8;24164
1;2;9;1526
1;2;10;33306
1;2;11;33226
1;2;12;9490
1;2;13;8444
1;2;14;14927
1;2;15;31750
1;2;16;32245
1;2;17;33
1;2;18;26265
1;2;19;3141
1;2;20;1280
1;2;21;1269
1;2;22;22147
1;2;23;30089
1;2;24;33985
1;2;25;6360
1;2;26;1312
1;2;27;26862
1;2;28;19473
1;2;29;730
1;2;30;0
1;2;31;795
1;2;32;27327
1;2;33;8418
1;2;34;5232
1;2;35;2091
1;2;36;5038
1;2;37;4981
1;2;38;3018
1;2;39;8211
1;2;40;8413
1;2;41;325
1;2;42;3349
1;2;43;820
1;2;44;5114
1;2;45;2832
1;2;46;5048
1;2;47;15487
1;2;48;33024
1;2;49;4977
1;2;50;4751
1;2;51;4956
1;2;52;4750
1;2;53;6286
1;2;54;19987
1;2;55;5729
1;2;56;4994
1;2;57;29509
1;2;58;2316
1;2;59;15458
1;2;60;4753
1;2;61;5015
1;2;62;895
1;2;63;5005
1;2;64;4879
1;2;65;4350
1;2;66;5224
1;2;67;34910
1;2;68;5339
1;2;69;15940
1;2;70;15426
1;2;71;1824
1;2;72;1772
1;2;73;17095
1;2;74;6865
1;2;75;22342
1;2;76;32606
1;2;77;6249
1;2;78;2621
1;2;79;5049
1;2;80;32601
1;2;81;1895
1;2;82;4797
1;2;83;26054
1;2;84;4896
1;2;85;2698
1;2;86;7300
1;2;87;1760
1;2;88;20010
1;2;89;4796
1;2;90;2707
1;2;91;6888
1;2;92;1734
1;2;93;1805
1;2;94;2757
1;2;95;1727
1;2;96;15142
1;2;97;1745
1;2;98;5555
1;2;99;1755
1;2;100;1764
1;2;101;30969
1;2;102;4804
1;2;103;5201
1;2;104;2300
1;2;105;30152
1;2;106;33211
1;2;107;25678
1;2;108;34219
1;2;109;4752
1;2;110;5351
1;2;111;4970
1;2;112;19697
1;2;113;122
1;2;114;25969
1;2;115;4934
1;2;116;17907
1;2;117;6147
1;2;118;1959
1;2;119;19377
1;2;120;5116
1;2;121;0
2;2;1;2688
2;2;2;7161
2;2;3;20690
2;2;4;7941
2;2;5;16580
2;2;6;5111
2;2;7;32568
2;2;8;22296
2;2;9;4831
2;2;10;4775
2;2;11;20231
2;2;12;30809
2;2;13;19546
2;2;14;15272
2;2;15;1625
2;2;16;8368
2;2;17;5804
2;2;18;4801
2;2;19;6395
2;2;20;1601
2;2;21;8319
2;2;22;5190
2;2;23;4857
2;2;24;5105
2;2;25;4824
2;2;26;29035
2;2;27;5140
2;2;28;5170
2;2;29;5983
2;2;30;4945
2;2;31;5175
2;2;32;5239
2;2;33;5176
2;2;34;4957
2;2;35;5832
2;2;36;8412
2;2;37;28125
2;2;38;5058
2;2;39;5107
2;2;40;4608
2;2;41;5152
2;2;42;5571
2;2;43;30528
2;2;44;4955
2;2;45;2334
2;2;46;19087
2;2;47;4772
2;2;48;29250
2;2;49;5144
2;2;50;5109
2;2;51;5061
2;2;52;19155
2;2;53;6359
2;2;54;4991
2;2;55;5039
2;2;56;34121
2;2;57;7480
2;2;58;32559
2;2;59;4783
2;2;60;1739
2;2;61;6603
2;2;62;7541
2;2;63;4903
2;2;64;5052
2;2;65;5050
2;2;66;5127
2;2;67;4766
2;2;68;898
2;2;69;5011
2;2;70;1826
2;2;71;8327
2;2;72;34841
2;2;73;4755
2;2;74;16607
2;2;75;338
2;2;76;4895
2;2;77;4816
2;2;78;30238
2;2;79;6272
2;2;80;1876
2;2;81;1875
2;2;82;5564
2;2;83;5142
2;2;84;31913
2;2;85;6144
2;2;86;5082
2;2;87;16697
2;2;88;6136
2;2;89;26064
2;2;90;5178
2;2;91;5861
2;2;92;24125
2;2;93;5146
2;2;94;25100
2;2;95;1751
2;2;96;5550
2;2;97;8414
2;2;98;2697
2;2;99;31548
2;2;100;32285
2;2;101;15825
2;2;102;4838
2;2;103;30875
2;2;104;5093
2;2;105;25860
2;2;106;1995
2;2;107;17262
2;2;108;1888
2;2;109;30710
2;2;110;32778
2;2;111;20793
2;2;112;576
2;2;113;0
2;2;114;4986
2;2;115;875
2;2;116;1774
2;2;117;33203
2;2;118;317
2;2;119;32538
2;2;120;907
2;2;121;908
2;2;122;27189
2;2;123;30872
2;2;124;32560
2;2;125;26248
2;2;126;7365
2;2;127;21179
2;2;128;969
2;2;129;909
2;2;130;6129
2;2;131;887
2;2;132;7371
2;2;133;1085
2;2;134;1069
2;2;135;27137
2;2;136;29626
2;2;137;850
2;2;138;808
2;2;139;934
2;2;140;844
2;2;141;30382
2;2;142;1223
2;2;143;930
2;2;144;162
2;2;145;7097
2;2;146;23922
2;2;147;733
2;2;148;18837
2;2;149;32168
2;2;150;835
2;2;151;34486
2;2;152;17379
2;2;153;29087
2;2;154;23890
2;2;155;812
2;2;156;956
2;2;157;1522
2;2;158;7694
2;2;159;8272
2;2;160;8584
2;2;161;20328
2;2;162;32694
2;2;163;0
1;3;1;21335
1;3;2;19000
1;3;3;1188
1;3;4;5878
1;3;5;996
1;3;6;661
1;3;7;5037
1;3;8;33532
1;3;9;4800
1;3;10;4851
1;3;11;31663
1;3;12;31661
1;3;13;31658
1;3;14;4852
1;3;15;4749
1;3;16;4974
1;3;17;28315
1;3;18;5141
1;3;19;5204
1;3;20;4985
1;3;21;6316
1;3;22;4773
1;3;23;5856
1;3;24;24078
1;3;25;8030
1;3;26;34878
1;3;27;6887
1;3;28;5787
1;3;29;1663
1;3;30;4911
1;3;31;32102
1;3;32;30229
1;3;33;5788
1;3;34;30968
1;3;35;4904
1;3;36;2314
1;3;37;25195
1;3;38;21701
1;3;39;3046
1;3;40;21276
1;3;41;21807
1;3;42;20621
1;3;43;33425
1;3;44;31023
1;3;45;5221
1;3;46;29895
1;3;47;33666
1;3;48;4878
1;3;49;24118
1;3;50;1378
1;3;51;24389
1;3;52;880
1;3;53;5473
1;3;54;960
1;3;55;8188
1;3;56;642
1;3;57;7070
1;3;58;16093
1;3;59;17665
1;3;60;1731
1;3;61;34424
1;3;62;701
1;3;63;508
1;3;64;7505
1;3;65;27692
1;3;66;20412
1;3;67;817
1;3;68;7709
1;3;69;1043
1;3;70;1013
1;3;71;34306
1;3;72;1584
1;3;73;3333
1;3;74;24047
1;3;75;25908
1;3;76;27465
1;3;77;26414
1;3;78;14930
1;3;79;18835
1;3;80;26243
1;3;81;29647
1;3;82;7610
1;3;83;31152
1;3;84;34612
1;3;85;15180
1;3;86;7980
1;3;87;30824
1;3;88;16759
1;3;89;34669
1;3;90;839
1;3;91;1064
1;3;92;1015
1;3;93;8363
1;3;94;1065
1;3;95;881
1;3;96;0
1;3;97;919
1;3;98;34909
1;3;99;29175
1;3;100;972
1;3;101;18967
1;3;102;1669
1;3;103;27100
1;3;104;7424
1;3;105;23880
1;3;106;33904
1;3;107;7133
1;3;108;4319
1;3;109;1518
1;3;110;34544
1;3;111;30157
1;3;112;0
2;3;1;33346
2;3;2;31020
2;3;3;3223
2;3;4;4524
2;3;5;32946
2;3;6;8607
2;3;7;8202
2;3;8;24180
2;3;9;562
2;3;10;30375
2;3;11;1934
2;3;12;537
2;3;13;573
2;3;14;1517
2;3;15;2740
2;3;16;7237
2;3;17;6248
2;3;18;622
2;3;19;4354
2;3;20;25262
2;3;21;23110
2;3;22;584
2;3;23;23155
2;3;24;526
2;3;25;7618
2;3;26;27124
2;3;27;7072
2;3;28;538
2;3;29;25776
2;3;30;30814
2;3;31;7437
2;3;32;1720
2;3;33;15631
2;3;34;32127
2;3;35;5303
2;3;36;34593
2;3;37;2212
2;3;38;23795
2;3;39;2259
2;3;40;7040
2;3;41;28061
2;3;42;449
2;3;43;7314
2;3;44;6955
2;3;45;8201
2;3;46;7316
2;3;47;1155
2;3;48;5264
2;3;49;7730
2;3;50;32735
2;3;51;7011
2;3;52;31188
2;3;53;624
2;3;54;22825
2;3;55;557
2;3;56;1017
2;3;57;1067
2;3;58;32876
2;3;59;33206
2;3;60;32300
2;3;61;1583
2;3;62;8234
2;3;63;5229
2;3;64;6478
2;3;65;7714
2;3;66;768
2;3;67;33947
2;3;68;5682
2;3;69;25920
2;3;70;767
2;3;71;32562
2;3;72;25248
2;3;73;552
2;3;74;620
2;3;75;33976
2;3;76;30411
2;3;77;2862
2;3;78;30815
2;3;79;8290
2;3;80;1324
2;3;81;34199
2;3;82;1000
2;3;83;141
2;3;84;1174
2;3;85;1213
2;3;86;4337
2;3;87;7430
2;3;88;30657
2;3;89;783
2;3;90;997
2;3;91;23391
2;3;92;33840
2;3;93;33781
2;3;94;25584
2;3;95;2652
2;3;96;1063
2;3;97;7472
2;3;98;31507
2;3;99;34374
2;3;100;31608
2;3;101;0
2;3;102;363
2;3;103;2836
2;3;104;7772
2;3;105;5215
2;3;106;4858
2;3;107;30164
2;3;108;1303
2;3;109;811
2;3;110;7083
2;3;111;883
2;3;112;20533
2;3;113;23106
2;3;114;18887
2;3;115;4779
2;3;116;16673
2;3;117;1084
2;3;118;1336
2;3;119;22253
2;3;120;868
2;3;121;2483
2;3;122;29975
2;3;123;1638
2;3;124;3330
2;3;125;2241
2;3;126;33002
2;3;127;5792
2;3;128;766
2;3;129;6169
2;3;130;6863
2;3;131;2593
2;3;132;29744
2;3;133;28198
2;3;134;4454
2;3;135;1018
2;3;136;0
1;4;1;23728
1;4;2;6587
1;4;3;7104
1;4;4;5126
1;4;5;2353
1;4;6;8410
1;4;7;18
1;4;8;1407
1;4;9;6809
1;4;10;5018
1;4;11;4978
1;4;12;6224
1;4;13;4763
1;4;14;5006
1;4;15;27613
1;4;16;26079
1;4;17;7953
1;4;18;24120
1;4;19;8141
1;4;20;15760
1;4;21;7308
1;4;22;7740
1;4;23;2306
1;4;24;5636
1;4;25;6289
1;4;26;6010
1;4;27;33849
1;4;28;4815
1;4;29;7814
1;4;30;24306
1;4;31;7355
1;4;32;7370
1;4;33;16960
1;4;34;7359
1;4;35;7372
1;4;36;7357
1;4;37;1335
1;4;38;697
1;4;39;1332
1;4;40;1268
1;4;41;6654
1;4;42;26190
1;4;43;32079
1;4;44;8971
1;4;45;4088
1;4;46;21094
1;4;47;23990
1;4;48;32109
1;4;49;31323
1;4;50;7720
1;4;51;4487
1;4;52;7646
1;4;53;7374
1;4;54;33996
1;4;55;7009
1;4;56;2741
1;4;57;3295
1;4;58;7791
1;4;59;571
1;4;60;23726
1;4;61;34650
1;4;62;34646
1;4;63;7477
1;4;64;26046
1;4;65;15674
1;4;66;550
1;4;67;574
1;4;68;31483
1;4;69;15945
1;4;70;1247
1;4;71;32096
1;4;72;31801
1;4;73;859
1;4;74;4736
1;4;75;1599
1;4;76;1230
1;4;77;1331
1;4;78;1179
1;4;79;23621
1;4;80;885
1;4;81;5344
1;4;82;28702
1;4;83;3322
1;4;84;32711
1;4;85;33070
1;4;86;0
1;4;87;34762
1;4;88;34288
1;4;89;5139
1;4;90;4234
1;4;91;7753
1;4;92;15911
1;4;93;30812
1;4;94;3308
1;4;95;3348
1;4;96;26070
1;4;97;804
1;4;98;15265
1;4;99;3357
1;4;100;20255
1;4;101;33162
1;4;102;33926
1;4;103;24295
1;4;104;26706
1;4;105;30365
1;4;106;1211
1;4;107;933
1;4;108;851
1;4;109;4618
1;4;110;34366
1;4;111;2939
1;4;112;1273
1;4;113;1506
1;4;114;30825
1;4;115;31156
1;4;116;2516
1;4;117;29893
1;4;118;18006
1;4;119;18009
1;4;120;29839
1;4;121;30383
1;4;122;2094
1;4;123;21297
1;4;124;21300
1;4;125;25465
1;4;126;1255
1;4;127;24358
1;4;128;1066
1;4;129;0
2;4;1;5226
2;4;2;747
2;4;3;23955
2;4;4;935
2;4;5;789
2;4;6;1241
2;4;7;6260
2;4;8;31588
2;4;9;1246
2;4;10;24705
2;4;11;30149
2;4;12;28007
2;4;13;836
2;4;14;3045
2;4;15;1590
2;4;16;34504
2;4;17;1603
2;4;18;8333
2;4;19;20453
2;4;20;20457
2;4;21;24322
2;4;22;33954
2;4;23;30242
2;4;24;4367
2;4;25;6912
2;4;26;29204
2;4;27;31136
2;4;28;16326
2;4;29;25082
2;4;30;1957
2;4;31;29246
2;4;32;256
2;4;33;31904
2;4;34;1256
2;4;35;24294
2;4;36;20963
2;4;37;5679
2;4;38;31900
2;4;39;24461
2;4;40;34050
2;4;41;1254
2;4;42;32973
2;4;43;891
2;4;44;17541
2;4;45;1334
2;4;46;3134
2;4;47;785
2;4;48;1264
2;4;49;24046
2;4;50;24044
2;4;51;32864
2;4;52;2728
2;4;53;5791
2;4;54;6139
2;4;55;4358
2;4;56;853
2;4;57;23702
2;4;58;1083
2;4;59;751
2;4;60;20419
2;4;61;2714
2;4;62;23852
2;4;63;1924
2;4;64;24449
2;4;65;778
2;4;66;882
2;4;67;1068
2;4;68;1337
2;4;69;31025
2;4;70;31833
2;4;71;17957
2;4;72;31517
2;4;73;30863
2;4;74;27158
2;4;75;17714
2;4;76;7184
2;4;77;16062
2;4;78;24229
2;4;79;30075
2;4;80;3197
2;4;81;6274
2;4;82;19168
2;4;83;4359
2;4;84;395
2;4;85;25704
2;4;86;5794
2;4;87;27561
2;4;88;30440
2;4;89;0
2;4;90;28899
2;4;91;7774
2;4;92;33236
2;4;93;33104
2;4;94;24882
2;4;95;6828
2;4;96;5882
2;4;97;33827
2;4;98;5793
2;4;99;1272
2;4;100;1278
2;4;101;31961
2;4;102;5036
2;4;103;15168
2;4;104;203
2;4;105;204
2;4;106;205
2;4;107;1041
2;4;108;688
2;4;109;4357
2;4;110;4328
2;4;111;6527
2;4;112;4333
2;4;113;26373
2;4;114;1189
2;4;115;26317
2;4;116;19441
2;4;117;6270
2;4;118;3209
2;4;119;20844
2;4;120;6181
2;4;121;17733
2;4;122;1605
2;4;123;4318
2;4;124;18963
2;4;125;6321
2;4;126;24330
2;4;127;32245
2;4;128;24042
2;4;129;5296
2;4;130;2511
2;4;131;26558
2;4;132;0
1;5;1;2188
1;5;2;2191
1;5;3;24528
1;5;4;27934
1;5;5;18716
1;5;6;22341
1;5;7;27932
1;5;8;33318
1;5;9;865
1;5;10;16472
1;5;11;34331
1;5;12;24590
1;5;13;26763
1;5;14;846
1;5;15;949
1;5;16;5762
1;5;17;6813
1;5;18;32950
1;5;19;33306
1;5;20;33226
1;5;21;32776
1;5;22;31750
1;5;23;23590
1;5;24;34343
1;5;25;24822
1;5;26;31661
1;5;27;31658
1;5;28;31663
1;5;29;33666
1;5;30;0
1;5;31;25188
1;5;32;1178
1;5;33;18283
1;5;34;34684
1;5;35;28022
1;5;36;753
1;5;37;4153
1;5;38;23456
1;5;39;5553
1;5;40;6895
1;5;41;27958
1;5;42;143
1;5;43;1228
1;5;44;23160
1;5;45;16661
1;5;46;5297
1;5;47;18720
1;5;48;15958
1;5;49;14927
1;5;50;16067
1;5;51;25543
1;5;52;33951
1;5;53;32245
1;5;54;33
1;5;55;23086
1;5;56;8435
1;5;57;32370
1;5;58;32261
1;5;59;5773
1;5;60;4576
1;5;61;33071
1;5;62;29892
1;5;63;121
1;5;64;8983
1;5;65;6322
1;5;66;34611
1;5;67;6428
1;5;68;2346
1;5;69;29399
1;5;70;29398
1;5;71;33513
1;5;72;15031
1;5;73;28985
1;5;74;5927
1;5;75;651
1;5;76;18996
1;5;77;21589
1;5;78;28367
1;5;79;7226
1;5;80;19186
1;5;81;29598
1;5;82;927
1;5;83;32985
1;5;84;1008
1;5;85;658
1;5;86;4881
1;5;87;21839
1;5;88;984
1;5;89;5185
1;5;90;8409
1;5;91;31485
1;5;92;1139
1;5;93;6094
1;5;94;28546
1;5;95;3115
1;5;96;25505
1;5;97;19770
1;5;98;0
2;5;1;4734
2;5;2;809
2;5;3;21064
2;5;4;3238
2;5;5;4334
2;5;6;1566
2;5;7;843
2;5;8;1640
2;5;9;945
2;5;10;31027
2;5;11;1184
2;5;12;1010
2;5;13;24163
2;5;14;810
2;5;15;3329
2;5;16;942
2;5;17;962
2;5;18;941
2;5;19;18715
2;5;20;696
2;5;21;31905
2;5;22;5298
2;5;23;29911
2;5;24;597
2;5;25;644
2;5;26;964
2;5;27;25743
2;5;28;23988
2;5;29;8369
2;5;30;34389
2;5;31;32952
2;5;32;28987
2;5;33;28043
2;5;34;8669
2;5;35;943
2;5;36;4340
2;5;37;15093
2;5;38;2340
2;5;39;5908
2;5;40;32746
2;5;41;4953
2;5;42;981
2;5;43;33953
2;5;44;19950
2;5;45;5576
2;5;46;993
2;5;47;1200
2;5;48;24257
2;5;49;2524
2;5;50;29931
2;5;51;31051
2;5;52;24119
2;5;53;951
2;5;54;7205
2;5;55;1005
2;5;56;23982
2;5;57;4721
2;5;58;952
2;5;59;944
2;5;60;940
2;5;61;31189
2;5;62;32949
2;5;63;33003
2;5;64;30190
2;5;65;34825
2;5;66;30218
2;5;67;30243
2;5;68;30351
2;5;69;30186
2;5;70;30160
2;5;71;30352
2;5;72;34197
2;5;73;29943
2;5;74;25649
2;5;75;33839
2;5;76;946
2;5;77;30934
2;5;78;9016
2;5;79;30758
2;5;80;31047
2;5;81;33740
2;5;82;29973
2;5;83;17439
2;5;84;25586
2;5;85;7706
2;5;86;948
2;5;87;950
2;5;88;23862
2;5;89;30199
2;5;90;23876
2;5;91;959
2;5;92;890
2;5;93;958
2;5;94;947
2;5;95;33991
2;5;96;21147
2;5;97;6255
2;5;98;7867
2;5;99;932
2;5;100;6759
2;5;101;8492
2;5;102;2840
2;5;103;8942
2;5;104;6378
2;5;105;8699
2;5;106;6064
2;5;107;577
2;5;108;32386
2;5;109;5532
2;5;110;34111
2;5;111;8316
2;5;112;32681
2;5;113;0
2;5;114;0
