1;1;1;33666
1;1;2;3205
1;1;3;29921
1;1;4;18
1;1;5;29730
1;1;6;5056
1;1;7;6809
1;1;8;5017
1;1;9;4978
1;1;10;4969
1;1;11;3003
1;1;12;7308
1;1;13;7740
1;1;14;2306
1;1;15;5555
1;1;16;23070
1;1;17;5219
1;1;18;8030
1;1;19;7104
1;1;20;7357
1;1;21;24306
1;1;22;7355
1;1;23;7359
1;1;24;8497
1;1;25;20255
1;1;26;18009
1;1;27;29839
1;1;28;205
1;1;29;1255
1;1;30;5036
1;1;31;1268
1;1;32;2516
1;1;33;31156
1;1;34;28007
1;1;35;1246
1;1;36;4779
1;1;37;1247
1;1;38;32079
1;1;39;21094
1;1;40;880
1;1;41;32109
1;1;42;8584
1;1;43;2741
1;1;44;15674
1;1;45;572
1;1;46;23726
1;1;47;34650
1;1;48;34646
1;1;49;537
1;1;50;26046
1;1;51;24528
1;1;52;31661
1;1;53;1374
1;1;54;34762
1;1;55;0
1;1;56;33346
1;1;57;33236
1;1;58;7774
1;1;59;25188
1;1;60;2839
1;1;61;4842
1;1;62;1594
1;1;63;28495
1;1;64;34672
1;1;65;1854
1;1;66;23728
1;1;67;2699
1;1;68;6498
1;1;69;4579
1;1;70;1726
1;1;71;15767
1;1;72;22184
1;1;73;33686
1;1;74;16908
1;1;75;30730
1;1;76;114
1;1;77;29032
1;1;78;28516
1;1;79;25213
1;1;80;406
1;1;81;22704
1;1;82;26515
1;1;83;4825
1;1;84;4782
1;1;85;2500
1;1;86;21343
1;1;87;6771
1;1;88;7492
1;1;89;24043
1;1;90;15074
1;1;91;30026
1;1;92;20215
1;1;93;5209
1;1;94;32774
1;1;95;1212
1;1;96;26836
1;1;97;16575
1;1;98;3219
1;1;99;16919
1;1;100;27965
1;1;101;28784
1;1;102;23596
1;1;103;0
2;1;1;363
2;1;2;23810
2;1;3;5053
2;1;4;4631
2;1;5;795
2;1;6;27327
2;1;7;4845
2;1;8;8418
2;1;9;6587
2;1;10;4907
2;1;11;31658
2;1;12;32823
2;1;13;31663
2;1;14;6503
2;1;15;5131
2;1;16;4852
2;1;17;4851
2;1;18;26241
2;1;19;2627
2;1;20;2184
2;1;21;3292
2;1;22;2682
2;1;23;4935
2;1;24;6315
2;1;25;34458
2;1;26;2680
2;1;27;20512
2;1;28;1585
2;1;29;2100
2;1;30;4235
2;1;31;18872
2;1;32;7309
2;1;33;33532
2;1;34;5232
2;1;35;2091
2;1;36;892
2;1;37;32809
2;1;38;28082
2;1;39;3140
2;1;40;4746
2;1;41;21967
2;1;42;19836
2;1;43;603
2;1;44;4950
2;1;45;31267
2;1;46;5063
2;1;47;4767
2;1;48;4949
2;1;49;4823
2;1;50;5205
2;1;51;4829
2;1;52;4774
2;1;53;7617
2;1;54;6340
2;1;55;24021
2;1;56;4926
2;1;57;32813
2;1;58;34582
2;1;59;4814
2;1;60;4878
2;1;61;5139
2;1;62;1188
2;1;63;7753
2;1;64;16132
2;1;65;25745
2;1;66;1040
2;1;67;839
2;1;68;31183
2;1;69;936
2;1;70;34814
2;1;71;22751
2;1;72;4201
2;1;73;29342
2;1;74;30812
2;1;75;27365
2;1;76;1221
2;1;77;30165
2;1;78;1012
2;1;79;32895
2;1;80;8131
2;1;81;7979
2;1;82;5970
2;1;83;7137
2;1;84;23037
2;1;85;31441
2;1;86;8269
2;1;87;25341
2;1;88;8033
2;1;89;835
2;1;90;17379
2;1;91;7646
2;1;92;4487
2;1;93;22483
2;1;94;7720
2;1;95;0
2;1;96;4734
2;1;97;2836
2;1;98;361
2;1;99;28899
2;1;100;358
2;1;101;28825
2;1;102;32889
2;1;103;4910
2;1;104;2949
2;1;105;4987
2;1;106;31461
2;1;107;5202
2;1;108;17201
2;1;109;4992
2;1;110;5929
2;1;111;5128
2;1;112;4988
2;1;113;5407
2;1;114;1758
2;1;115;4740
2;1;116;5055
2;1;117;28289
2;1;118;4763
2;1;119;5006
2;1;120;1407
2;1;121;4875
2;1;122;1732
2;1;123;24162
2;1;124;5004
2;1;125;22171
2;1;126;5018
2;1;127;31279
2;1;128;4884
2;1;129;5888
2;1;130;31898
2;1;131;7953
2;1;132;6925
2;1;133;6217
2;1;134;2539
2;1;135;5009
2;1;136;7211
2;1;137;32702
2;1;138;28819
2;1;139;24120
2;1;140;8141
2;1;141;5012
2;1;142;5159
2;1;143;1771
2;1;144;5166
2;1;145;4748
2;1;146;5362
2;1;147;5092
2;1;148;5189
2;1;149;1728
2;1;150;4958
2;1;151;26079
2;1;152;5010
2;1;153;4844
2;1;154;5097
2;1;155;8244
2;1;156;4994
2;1;157;5729
2;1;158;19987
2;1;159;17969
2;1;160;34739
2;1;161;4780
2;1;162;4798
2;1;163;34679
2;1;164;0
1;2;1;2188
1;2;2;2191
1;2;3;552
1;2;4;27934
1;2;5;18716
1;2;6;27932
1;2;7;3329
1;2;8;31485
1;2;9;8409
1;2;10;28546
1;2;11;3115
1;2;12;949
1;2;13;4881
1;2;14;33306
1;2;15;33226
1;2;16;18996
1;2;17;5927
1;2;18;6378
1;2;19;8435
1;2;20;23590
1;2;21;14927
1;2;22;31750
1;2;23;33
1;2;24;32245
1;2;25;31025
1;2;26;26265
1;2;27;3141
1;2;28;1280
1;2;29;19473
1;2;30;730
1;2;31;0
1;2;32;7161
1;2;33;33849
1;2;34;5038
1;2;35;4981
1;2;36;3018
1;2;37;5804
1;2;38;8211
1;2;39;8413
1;2;40;8319
1;2;41;1601
1;2;42;5048
1;2;43;5114
1;2;44;2832
1;2;45;24078
1;2;46;4977
1;2;47;6887
1;2;48;4751
1;2;49;1663
1;2;50;4750
1;2;51;6286
1;2;52;8410
1;2;53;2353
1;2;54;2316
1;2;55;29509
1;2;56;4753
1;2;57;895
1;2;58;4879
1;2;59;5005
1;2;60;4350
1;2;61;5015
1;2;62;15458
1;2;63;5224
1;2;64;34910
1;2;65;5339
1;2;66;15940
1;2;67;15426
1;2;68;1824
1;2;69;17095
1;2;70;1772
1;2;71;6865
1;2;72;22342
1;2;73;32606
1;2;74;2621
1;2;75;6249
1;2;76;26054
1;2;77;1760
1;2;78;7300
1;2;79;4797
1;2;80;2698
1;2;81;1895
1;2;82;32601
1;2;83;4896
1;2;84;5049
1;2;85;20010
1;2;86;4796
1;2;87;6888
1;2;88;1764
1;2;89;1745
1;2;90;1805
1;2;91;2707
1;2;92;2757
1;2;93;30969
1;2;94;4804
1;2;95;2300
1;2;96;30152
1;2;97;122
1;2;98;33211
1;2;99;34219
1;2;100;4752
1;2;101;4970
1;2;102;5351
1;2;103;19697
1;2;104;25678
1;2;105;25969
1;2;106;4934
1;2;107;17907
1;2;108;6147
1;2;109;7480
1;2;110;1959
1;2;111;19377
1;2;112;5116
1;2;113;0
2;2;1;4524
2;2;2;5080
2;2;3;20690
2;2;4;7941
2;2;5;16580
2;2;6;5204
2;2;7;5141
2;2;8;4775
2;2;9;22296
2;2;10;32568
2;2;11;4831
2;2;12;8368
2;2;13;1625
2;2;14;15272
2;2;15;30809
2;2;16;19546
2;2;17;20231
2;2;18;6010
2;2;19;4801
2;2;20;6395
2;2;21;15487
2;2;22;5190
2;2;23;4857
2;2;24;5105
2;2;25;4824
2;2;26;29035
2;2;27;5140
2;2;28;5170
2;2;29;30528
2;2;30;5983
2;2;31;4945
2;2;32;5239
2;2;33;5176
2;2;34;5175
2;2;35;4957
2;2;36;4772
2;2;37;5832
2;2;38;8412
2;2;39;28125
2;2;40;5058
2;2;41;5107
2;2;42;5152
2;2;43;5571
2;2;44;4608
2;2;45;4955
2;2;46;2334
2;2;47;19087
2;2;48;29250
2;2;49;5144
2;2;50;5109
2;2;51;5061
2;2;52;19155
2;2;53;6359
2;2;54;4991
2;2;55;34121
2;2;56;5039
2;2;57;32559
2;2;58;1739
2;2;59;4783
2;2;60;6603
2;2;61;7541
2;2;62;5050
2;2;63;5052
2;2;64;4903
2;2;65;31548
2;2;66;32285
2;2;67;2697
2;2;68;5861
2;2;69;24125
2;2;70;34841
2;2;71;8327
2;2;72;16607
2;2;73;338
2;2;74;4816
2;2;75;4895
2;2;76;30238
2;2;77;6272
2;2;78;1876
2;2;79;1875
2;2;80;5564
2;2;81;5142
2;2;82;31913
2;2;83;6144
2;2;84;5082
2;2;85;16697
2;2;86;6136
2;2;87;26064
2;2;88;5178
2;2;89;898
2;2;90;25100
2;2;91;5146
2;2;92;8414
2;2;93;5550
2;2;94;1751
2;2;95;1826
2;2;96;4755
2;2;97;5011
2;2;98;4766
2;2;99;5127
2;2;100;15825
2;2;101;4838
2;2;102;5093
2;2;103;1995
2;2;104;17262
2;2;105;1888
2;2;106;30875
2;2;107;25860
2;2;108;576
2;2;109;29895
2;2;110;30710
2;2;111;2314
2;2;112;0
2;2;113;21335
2;2;114;31020
2;2;115;4986
2;2;116;875
2;2;117;30872
2;2;118;1774
2;2;119;33203
2;2;120;317
2;2;121;32538
2;2;122;27189
2;2;123;907
2;2;124;908
2;2;125;7373
2;2;126;7365
2;2;127;16960
2;2;128;7371
2;2;129;7370
2;2;130;887
2;2;131;6129
2;2;132;21179
2;2;133;909
2;2;134;969
2;2;135;1085
2;2;136;808
2;2;137;850
2;2;138;27137
2;2;139;29626
2;2;140;934
2;2;141;1069
2;2;142;844
2;2;143;30382
2;2;144;1223
2;2;145;930
2;2;146;23922
2;2;147;733
2;2;148;18837
2;2;149;32168
2;2;150;8233
2;2;151;34486
2;2;152;29087
2;2;153;7374
2;2;154;33996
2;2;155;7009
2;2;156;812
2;2;157;1522
2;2;158;20328
2;2;159;8272
2;2;160;7694
2;2;161;32694
2;2;162;0
1;3;1;5215
1;3;2;996
1;3;3;5878
1;3;4;972
1;3;5;8365
1;3;6;6168
1;3;7;31661
1;3;8;31663
1;3;9;31658
1;3;10;5542
1;3;11;5111
1;3;12;4985
1;3;13;28315
1;3;14;6316
1;3;15;4773
1;3;16;5856
1;3;17;5636
1;3;18;4956
1;3;19;32102
1;3;20;4911
1;3;21;30229
1;3;22;5788
1;3;23;30968
1;3;24;32778
1;3;25;20793
1;3;26;4904
1;3;27;25195
1;3;28;21701
1;3;29;3046
1;3;30;21276
1;3;31;21807
1;3;32;20621
1;3;33;33425
1;3;34;31023
1;3;35;5221
1;3;36;33666
1;3;37;34288
1;3;38;19000
1;3;39;18967
1;3;40;1303
1;3;41;1378
1;3;42;1669
1;3;43;24389
1;3;44;27100
1;3;45;642
1;3;46;7070
1;3;47;17665
1;3;48;16093
1;3;49;1731
1;3;50;508
1;3;51;20412
1;3;52;1043
1;3;53;7709
1;3;54;935
1;3;55;1013
1;3;56;34306
1;3;57;7083
1;3;58;4088
1;3;59;1584
1;3;60;3333
1;3;61;24047
1;3;62;25908
1;3;63;27465
1;3;64;26414
1;3;65;14930
1;3;66;18835
1;3;67;26243
1;3;68;7610
1;3;69;29647
1;3;70;31152
1;3;71;15180
1;3;72;34612
1;3;73;7980
1;3;74;16759
1;3;75;30824
1;3;76;34669
1;3;77;1602
1;3;78;7747
1;3;79;8363
1;3;80;1064
1;3;81;1015
1;3;82;881
1;3;83;1065
1;3;84;31151
1;3;85;6828
1;3;86;24882
1;3;87;5882
1;3;88;5793
1;3;89;697
1;3;90;1278
1;3;91;33985
1;3;92;21300
1;3;93;32245
1;3;94;0
1;3;95;4858
1;3;96;919
1;3;97;34909
1;3;98;33104
1;3;99;7424
1;3;100;5473
1;3;101;960
1;3;102;23880
1;3;103;4319
1;3;104;1518
1;3;105;34544
1;3;106;30157
1;3;107;0
2;3;1;32946
2;3;2;8607
2;3;3;31469
2;3;4;8202
2;3;5;24180
2;3;6;25920
2;3;7;562
2;3;8;30375
2;3;9;5682
2;3;10;7314
2;3;11;1517
2;3;12;2740
2;3;13;622
2;3;14;4354
2;3;15;6248
2;3;16;7237
2;3;17;25262
2;3;18;23110
2;3;19;584
2;3;20;7714
2;3;21;6478
2;3;22;23155
2;3;23;7072
2;3;24;8290
2;3;25;2862
2;3;26;30815
2;3;27;7618
2;3;28;25776
2;3;29;27124
2;3;30;30411
2;3;31;33976
2;3;32;7437
2;3;33;15631
2;3;34;1720
2;3;35;23795
2;3;36;34593
2;3;37;2212
2;3;38;5303
2;3;39;32127
2;3;40;7040
2;3;41;2259
2;3;42;28061
2;3;43;620
2;3;44;449
2;3;45;573
2;3;46;6955
2;3;47;7316
2;3;48;8201
2;3;49;7730
2;3;50;32735
2;3;51;5264
2;3;52;1155
2;3;53;31188
2;3;54;7011
2;3;55;624
2;3;56;22825
2;3;57;557
2;3;58;1017
2;3;59;1067
2;3;60;33206
2;3;61;32876
2;3;62;19375
2;3;63;1583
2;3;64;32300
2;3;65;8234
2;3;66;5229
2;3;67;550
2;3;68;768
2;3;69;33947
2;3;70;1934
2;3;71;767
2;3;72;32562
2;3;73;25248
2;3;74;34199
2;3;75;1324
2;3;76;526
2;3;77;30814
2;3;78;538
2;3;79;1000
2;3;80;571
2;3;81;31507
2;3;82;1007
2;3;83;1213
2;3;84;783
2;3;85;4337
2;3;86;7430
2;3;87;30657
2;3;88;7791
2;3;89;997
2;3;90;1174
2;3;91;23391
2;3;92;33781
2;3;93;2652
2;3;94;1063
2;3;95;25584
2;3;96;33840
2;3;97;34374
2;3;98;31608
2;3;99;0
2;3;100;30164
2;3;101;747
2;3;102;811
2;3;103;789
2;3;104;859
2;3;105;31801
2;3;106;6260
2;3;107;23106
2;3;108;18887
2;3;109;24705
2;3;110;15945
2;3;111;16673
2;3;112;1336
2;3;113;22253
2;3;114;868
2;3;115;29975
2;3;116;33002
2;3;117;3330
2;3;118;1638
2;3;119;5792
2;3;120;32096
2;3;121;766
2;3;122;6169
2;3;123;6863
2;3;124;2593
2;3;125;29744
2;3;126;4454
2;3;127;28198
2;3;128;1018
2;3;129;0
1;4;1;2688
1;4;2;23728
1;4;3;5226
1;4;4;6587
1;4;5;4800
1;4;6;1903
1;4;7;820
1;4;8;6289
1;4;9;325
1;4;10;34878
1;4;11;18
1;4;12;6224
1;4;13;4763
1;4;14;27613
1;4;15;26079
1;4;16;7953
1;4;17;24120
1;4;18;15760
1;4;19;7308
1;4;20;5201
1;4;21;30370
1;4;22;2306
1;4;23;7740
1;4;24;1734
1;4;25;1755
1;4;26;15142
1;4;27;1727
1;4;28;31679
1;4;29;29266
1;4;30;5787
1;4;31;1181
1;4;32;33024
1;4;33;5126
1;4;34;3349
1;4;35;4974
1;4;36;4815
1;4;37;32560
1;4;38;7814
1;4;39;24306
1;4;40;7355
1;4;41;26248
1;4;42;7372
1;4;43;7359
1;4;44;7357
1;4;45;1335
1;4;46;1246
1;4;47;1084
1;4;48;2241
1;4;49;32079
1;4;50;2483
1;4;51;8971
1;4;52;23990
1;4;53;32109
1;4;54;31323
1;4;55;8188
1;4;56;817
1;4;57;34424
1;4;58;701
1;4;59;27692
1;4;60;7505
1;4;61;7646
1;4;62;23890
1;4;63;956
1;4;64;2741
1;4;65;7472
1;4;66;141
1;4;67;7477
1;4;68;23726
1;4;69;34646
1;4;70;34650
1;4;71;7315
1;4;72;26046
1;4;73;15674
1;4;74;574
1;4;75;3295
1;4;76;23702
1;4;77;28007
1;4;78;30149
1;4;79;1241
1;4;80;4736
1;4;81;1230
1;4;82;1599
1;4;83;23621
1;4;84;885
1;4;85;28702
1;4;86;5344
1;4;87;3322
1;4;88;32711
1;4;89;33070
1;4;90;18720
1;4;91;0
1;4;92;7772
1;4;93;33236
1;4;94;3223
1;4;95;29175
1;4;96;3308
1;4;97;26070
1;4;98;804
1;4;99;15265
1;4;100;3357
1;4;101;853
1;4;102;4358
1;4;103;6139
1;4;104;6360
1;4;105;1312
1;4;106;33162
1;4;107;26862
1;4;108;26706
1;4;109;33926
1;4;110;24295
1;4;111;30365
1;4;112;1211
1;4;113;933
1;4;114;4618
1;4;115;34366
1;4;116;2939
1;4;117;1273
1;4;118;851
1;4;119;1506
1;4;120;31156
1;4;121;30825
1;4;122;26190
1;4;123;29885
1;4;124;26401
1;4;125;6654
1;4;126;5036
1;4;127;1268
1;4;128;29893
1;4;129;18006
1;4;130;22771
1;4;131;30383
1;4;132;29839
1;4;133;2094
1;4;134;21297
1;4;135;8331
1;4;136;25465
1;4;137;30089
1;4;138;1255
1;4;139;0
2;4;1;661
2;4;2;23955
2;4;3;21094
2;4;4;33904
2;4;5;7133
2;4;6;883
2;4;7;20533
2;4;8;31588
2;4;9;1247
2;4;10;836
2;4;11;3045
2;4;12;1590
2;4;13;34504
2;4;14;8333
2;4;15;20457
2;4;16;20453
2;4;17;24322
2;4;18;6912
2;4;19;29204
2;4;20;33954
2;4;21;30242
2;4;22;4367
2;4;23;205
2;4;24;204
2;4;25;203
2;4;26;1957
2;4;27;25082
2;4;28;31136
2;4;29;16326
2;4;30;29246
2;4;31;256
2;4;32;1269
2;4;33;22147
2;4;34;1256
2;4;35;31904
2;4;36;31900
2;4;37;24294
2;4;38;5679
2;4;39;3134
2;4;40;17541
2;4;41;1254
2;4;42;785
2;4;43;1264
2;4;44;24046
2;4;45;24044
2;4;46;32973
2;4;47;1334
2;4;48;34050
2;4;49;891
2;4;50;32864
2;4;51;5791
2;4;52;2728
2;4;53;1267
2;4;54;1083
2;4;55;751
2;4;56;20419
2;4;57;2714
2;4;58;23852
2;4;59;15168
2;4;60;1924
2;4;61;28517
2;4;62;778
2;4;63;882
2;4;64;1337
2;4;65;31833
2;4;66;17957
2;4;67;31517
2;4;68;30863
2;4;69;27158
2;4;70;17714
2;4;71;7184
2;4;72;16062
2;4;73;24229
2;4;74;30075
2;4;75;3197
2;4;76;6274
2;4;77;19168
2;4;78;4359
2;4;79;395
2;4;80;25704
2;4;81;5794
2;4;82;30440
2;4;83;34343
2;4;84;0
2;4;85;34762
2;4;86;5037
2;4;87;24118
2;4;88;15911
2;4;89;4234
2;4;90;27700
2;4;91;2456
2;4;92;3348
2;4;93;7097
2;4;94;162
2;4;95;31483
2;4;96;33827
2;4;97;1272
2;4;98;1332
2;4;99;31961
2;4;100;1066
2;4;101;24358
2;4;102;20963
2;4;103;24461
2;4;104;24449
2;4;105;1041
2;4;106;688
2;4;107;1068
2;4;108;4357
2;4;109;4328
2;4;110;6527
2;4;111;4333
2;4;112;26373
2;4;113;1189
2;4;114;24822
2;4;115;26317
2;4;116;19441
2;4;117;3209
2;4;118;6270
2;4;119;20844
2;4;120;6181
2;4;121;17733
2;4;122;16067
2;4;123;15958
2;4;124;4318
2;4;125;6321
2;4;126;24330
2;4;127;18963
2;4;128;27561
2;4;129;32245
2;4;130;5296
2;4;131;26558
2;4;132;2511
2;4;133;24042
2;4;134;0
1;5;1;2188
1;5;2;2191
1;5;3;33306
1;5;4;33226
1;5;5;32776
1;5;6;33
1;5;7;31750
1;5;8;25543
1;5;9;14927
1;5;10;23160
1;5;11;16661
1;5;12;1603
1;5;13;4749
1;5;14;8361
1;5;15;31658
1;5;16;31663
1;5;17;31661
1;5;18;33666
1;5;19;0
1;5;20;1178
1;5;21;18283
1;5;22;34684
1;5;23;28022
1;5;24;753
1;5;25;1331
1;5;26;1179
1;5;27;4153
1;5;28;23456
1;5;29;5553
1;5;30;6895
1;5;31;143
1;5;32;27958
1;5;33;1228
1;5;34;5297
1;5;35;1605
1;5;36;33951
1;5;37;5773
1;5;38;32370
1;5;39;29892
1;5;40;121
1;5;41;33071
1;5;42;4576
1;5;43;8983
1;5;44;6322
1;5;45;34611
1;5;46;2346
1;5;47;6428
1;5;48;29398
1;5;49;29399
1;5;50;33513
1;5;51;15031
1;5;52;28985
1;5;53;651
1;5;54;21589
1;5;55;28367
1;5;56;7226
1;5;57;19186
1;5;58;8444
1;5;59;9490
1;5;60;29598
1;5;61;658
1;5;62;1008
1;5;63;927
1;5;64;32985
1;5;65;32950
1;5;66;6813
1;5;67;21839
1;5;68;5762
1;5;69;26763
1;5;70;24590
1;5;71;984
1;5;72;846
1;5;73;5185
1;5;74;34331
1;5;75;1526
1;5;76;24164
1;5;77;1139
1;5;78;6094
1;5;79;28546
1;5;80;25505
1;5;81;7706
1;5;82;0
2;5;1;809
2;5;2;810
2;5;3;27934
2;5;4;24163
2;5;5;21064
2;5;6;3238
2;5;7;4334
2;5;8;1566
2;5;9;843
2;5;10;1640
2;5;11;945
2;5;12;16472
2;5;13;22341
2;5;14;865
2;5;15;33318
2;5;16;27932
2;5;17;31027
2;5;18;1184
2;5;19;1010
2;5;20;942
2;5;21;941
2;5;22;962
2;5;23;18715
2;5;24;696
2;5;25;29911
2;5;26;31905
2;5;27;5298
2;5;28;597
2;5;29;644
2;5;30;964
2;5;31;25743
2;5;32;951
2;5;33;7205
2;5;34;1005
2;5;35;940
2;5;36;23988
2;5;37;8369
2;5;38;28043
2;5;39;8669
2;5;40;32952
2;5;41;28987
2;5;42;4953
2;5;43;32746
2;5;44;943
2;5;45;15093
2;5;46;2340
2;5;47;4340
2;5;48;5908
2;5;49;981
2;5;50;33953
2;5;51;19950
2;5;52;5576
2;5;53;993
2;5;54;24257
2;5;55;1200
2;5;56;2524
2;5;57;29931
2;5;58;31051
2;5;59;24119
2;5;60;23982
2;5;61;4721
2;5;62;952
2;5;63;944
2;5;64;30934
2;5;65;31189
2;5;66;32949
2;5;67;33003
2;5;68;30190
2;5;69;34825
2;5;70;30218
2;5;71;30243
2;5;72;30351
2;5;73;30186
2;5;74;30160
2;5;75;34197
2;5;76;30352
2;5;77;29943
2;5;78;25649
2;5;79;33839
2;5;80;946
2;5;81;34389
2;5;82;30199
2;5;83;30758
2;5;84;17439
2;5;85;9016
2;5;86;33740
2;5;87;29973
2;5;88;31047
2;5;89;25586
2;5;90;19770
2;5;91;950
2;5;92;948
2;5;93;23862
2;5;94;958
2;5;95;23876
2;5;96;890
2;5;97;959
2;5;98;947
2;5;99;7867
2;5;100;33991
2;5;101;21147
2;5;102;6255
2;5;103;932
2;5;104;8492
2;5;105;6759
2;5;106;2840
2;5;107;8942
2;5;108;32245
2;5;109;23086
2;5;110;32261
2;5;111;32386
2;5;112;6064
2;5;113;577
2;5;114;8699
2;5;115;5532
2;5;116;34111
2;5;117;32681
2;5;118;8316
2;5;119;0
2;5;120;0
