1;1;1;33666
1;1;2;3205
1;1;3;29921
1;1;4;18
1;1;5;5056
1;1;6;6809
1;1;7;5017
1;1;8;4978
1;1;9;31898
1;1;10;3003
1;1;11;7308
1;1;12;7740
1;1;13;1745
1;1;14;6888
1;1;15;2306
1;1;16;23070
1;1;17;5219
1;1;18;8030
1;1;19;7104
1;1;20;7370
1;1;21;7357
1;1;22;24306
1;1;23;7355
1;1;24;7359
1;1;25;8497
1;1;26;20255
1;1;27;18009
1;1;28;29839
1;1;29;1924
1;1;30;204
1;1;31;205
1;1;32;1255
1;1;33;5036
1;1;34;1268
1;1;35;2516
1;1;36;31156
1;1;37;28007
1;1;38;1246
1;1;39;1247
1;1;40;32079
1;1;41;21094
1;1;42;32109
1;1;43;2741
1;1;44;15674
1;1;45;572
1;1;46;23726
1;1;47;34650
1;1;48;34646
1;1;49;26046
1;1;50;24528
1;1;51;31661
1;1;52;1374
1;1;53;34762
1;1;54;0
1;1;55;7774
1;1;56;2836
1;1;57;21335
1;1;58;33346
1;1;59;2839
1;1;60;34672
1;1;61;1594
1;1;62;4842
1;1;63;28495
1;1;64;1854
1;1;65;23728
1;1;66;2699
1;1;67;6498
1;1;68;4579
1;1;69;1726
1;1;70;15767
1;1;71;22184
1;1;72;5209
1;1;73;28784
1;1;74;28516
1;1;75;15074
1;1;76;32774
1;1;77;4782
1;1;78;26836
1;1;79;30026
1;1;80;3219
1;1;81;20215
1;1;82;27965
1;1;83;2500
1;1;84;22704
1;1;85;25213
1;1;86;114
1;1;87;16919
1;1;88;4825
1;1;89;21343
1;1;90;30730
1;1;91;29032
1;1;92;24043
1;1;93;23596
1;1;94;16908
1;1;95;16575
1;1;96;406
1;1;97;26515
1;1;98;33686
1;1;99;7492
1;1;100;6771
1;1;101;1212
1;1;102;0
2;1;1;33236
2;1;2;23810
2;1;3;795
2;1;4;5053
2;1;5;4631
2;1;6;27327
2;1;7;6587
2;1;8;33532
2;1;9;4907
2;1;10;31658
2;1;11;32823
2;1;12;31663
2;1;13;6503
2;1;14;4852
2;1;15;4851
2;1;16;26241
2;1;17;34458
2;1;18;2184
2;1;19;3292
2;1;20;2682
2;1;21;4935
2;1;22;6315
2;1;23;2627
2;1;24;8361
2;1;25;2680
2;1;26;20512
2;1;27;1585
2;1;28;2100
2;1;29;4235
2;1;30;18872
2;1;31;7309
2;1;32;4800
2;1;33;8418
2;1;34;2091
2;1;35;5232
2;1;36;4845
2;1;37;892
2;1;38;32809
2;1;39;28082
2;1;40;3140
2;1;41;4767
2;1;42;5063
2;1;43;603
2;1;44;4746
2;1;45;21967
2;1;46;4950
2;1;47;31267
2;1;48;19836
2;1;49;4949
2;1;50;4823
2;1;51;5205
2;1;52;4829
2;1;53;4774
2;1;54;7617
2;1;55;6340
2;1;56;24021
2;1;57;4926
2;1;58;32813
2;1;59;34582
2;1;60;4814
2;1;61;4878
2;1;62;5139
2;1;63;1188
2;1;64;7753
2;1;65;16132
2;1;66;25745
2;1;67;1040
2;1;68;1602
2;1;69;839
2;1;70;31183
2;1;71;4201
2;1;72;936
2;1;73;34814
2;1;74;22751
2;1;75;29342
2;1;76;30812
2;1;77;6828
2;1;78;27365
2;1;79;8131
2;1;80;32895
2;1;81;1221
2;1;82;1012
2;1;83;30165
2;1;84;7979
2;1;85;5970
2;1;86;7137
2;1;87;23037
2;1;88;31441
2;1;89;25341
2;1;90;8269
2;1;91;8233
2;1;92;8033
2;1;93;835
2;1;94;17379
2;1;95;7646
2;1;96;4487
2;1;97;22483
2;1;98;7720
2;1;99;0
2;1;100;3223
2;1;101;31020
2;1;102;2688
2;1;103;25188
2;1;104;28825
2;1;105;32889
2;1;106;4910
2;1;107;2949
2;1;108;4987
2;1;109;31461
2;1;110;5202
2;1;111;17201
2;1;112;4992
2;1;113;5128
2;1;114;5929
2;1;115;4988
2;1;116;5407
2;1;117;1758
2;1;118;4740
2;1;119;5055
2;1;120;28289
2;1;121;4763
2;1;122;5006
2;1;123;1407
2;1;124;4875
2;1;125;1732
2;1;126;27613
2;1;127;24162
2;1;128;5004
2;1;129;22171
2;1;130;5018
2;1;131;7211
2;1;132;7953
2;1;133;4969
2;1;134;4884
2;1;135;34739
2;1;136;6925
2;1;137;32702
2;1;138;2539
2;1;139;6217
2;1;140;5009
2;1;141;31279
2;1;142;28819
2;1;143;24120
2;1;144;5012
2;1;145;8141
2;1;146;5159
2;1;147;1771
2;1;148;5166
2;1;149;4748
2;1;150;5362
2;1;151;5092
2;1;152;5189
2;1;153;1728
2;1;154;4958
2;1;155;26079
2;1;156;5010
2;1;157;4844
2;1;158;5097
2;1;159;8244
2;1;160;8410
2;1;161;4994
2;1;162;29730
2;1;163;17969
2;1;164;5888
2;1;165;4780
2;1;166;4798
2;1;167;34679
2;1;168;0
1;2;1;2188
1;2;2;2191
1;2;3;552
1;2;4;27934
1;2;5;18716
1;2;6;27932
1;2;7;3329
1;2;8;31485
1;2;9;8409
1;2;10;28546
1;2;11;3115
1;2;12;949
1;2;13;4881
1;2;14;33306
1;2;15;33226
1;2;16;18996
1;2;17;5927
1;2;18;6378
1;2;19;8435
1;2;20;23590
1;2;21;14927
1;2;22;31750
1;2;23;33
1;2;24;32245
1;2;25;31025
1;2;26;26265
1;2;27;3141
1;2;28;1280
1;2;29;19473
1;2;30;730
1;2;31;0
1;2;32;7161
1;2;33;33849
1;2;34;5038
1;2;35;4981
1;2;36;5804
1;2;37;8211
1;2;38;820
1;2;39;8413
1;2;40;8319
1;2;41;1601
1;2;42;5048
1;2;43;5114
1;2;44;2832
1;2;45;24078
1;2;46;4977
1;2;47;6887
1;2;48;4751
1;2;49;4750
1;2;50;6286
1;2;51;19987
1;2;52;5729
1;2;53;2353
1;2;54;2316
1;2;55;29509
1;2;56;4753
1;2;57;4879
1;2;58;4350
1;2;59;895
1;2;60;15458
1;2;61;5015
1;2;62;5005
1;2;63;5224
1;2;64;34910
1;2;65;5339
1;2;66;15940
1;2;67;15426
1;2;68;1824
1;2;69;17095
1;2;70;1772
1;2;71;6865
1;2;72;22342
1;2;73;32606
1;2;74;6249
1;2;75;2621
1;2;76;26054
1;2;77;1760
1;2;78;7300
1;2;79;1895
1;2;80;4797
1;2;81;2698
1;2;82;4896
1;2;83;32601
1;2;84;5049
1;2;85;20010
1;2;86;4796
1;2;87;1764
1;2;88;1727
1;2;89;2707
1;2;90;2757
1;2;91;1805
1;2;92;30969
1;2;93;4804
1;2;94;2300
1;2;95;30152
1;2;96;122
1;2;97;33211
1;2;98;34219
1;2;99;4752
1;2;100;4970
1;2;101;5351
1;2;102;19697
1;2;103;25678
1;2;104;25969
1;2;105;4934
1;2;106;17907
1;2;107;6147
1;2;108;7480
1;2;109;1959
1;2;110;19377
1;2;111;5116
1;2;112;0
2;2;1;4524
2;2;2;5080
2;2;3;20690
2;2;4;7941
2;2;5;16580
2;2;6;5204
2;2;7;5141
2;2;8;6316
2;2;9;4775
2;2;10;22296
2;2;11;32568
2;2;12;4831
2;2;13;8368
2;2;14;1625
2;2;15;15272
2;2;16;19546
2;2;17;30809
2;2;18;20231
2;2;19;6010
2;2;20;4801
2;2;21;6395
2;2;22;15487
2;2;23;5190
2;2;24;4857
2;2;25;5105
2;2;26;4824
2;2;27;29035
2;2;28;5140
2;2;29;5170
2;2;30;30528
2;2;31;5983
2;2;32;4945
2;2;33;5239
2;2;34;5176
2;2;35;5175
2;2;36;4957
2;2;37;4772
2;2;38;5832
2;2;39;8412
2;2;40;28125
2;2;41;5058
2;2;42;5107
2;2;43;5152
2;2;44;5571
2;2;45;4608
2;2;46;4955
2;2;47;2334
2;2;48;19087
2;2;49;29250
2;2;50;5144
2;2;51;5109
2;2;52;5061
2;2;53;19155
2;2;54;6359
2;2;55;4991
2;2;56;34121
2;2;57;5039
2;2;58;32559
2;2;59;1739
2;2;60;4783
2;2;61;6603
2;2;62;7541
2;2;63;5050
2;2;64;5052
2;2;65;4903
2;2;66;32285
2;2;67;31548
2;2;68;2697
2;2;69;5861
2;2;70;24125
2;2;71;34841
2;2;72;8327
2;2;73;16607
2;2;74;338
2;2;75;4816
2;2;76;4895
2;2;77;30238
2;2;78;6272
2;2;79;1875
2;2;80;1876
2;2;81;5564
2;2;82;5142
2;2;83;31913
2;2;84;6144
2;2;85;5082
2;2;86;16697
2;2;87;6136
2;2;88;26064
2;2;89;5178
2;2;90;898
2;2;91;25100
2;2;92;5146
2;2;93;5550
2;2;94;8414
2;2;95;1751
2;2;96;1826
2;2;97;4755
2;2;98;5011
2;2;99;4766
2;2;100;5127
2;2;101;15825
2;2;102;4838
2;2;103;1995
2;2;104;17262
2;2;105;5093
2;2;106;1888
2;2;107;30875
2;2;108;25860
2;2;109;576
2;2;110;29895
2;2;111;2314
2;2;112;0
2;2;113;363
2;2;114;4734
2;2;115;4986
2;2;116;875
2;2;117;30872
2;2;118;1774
2;2;119;33203
2;2;120;317
2;2;121;32538
2;2;122;27189
2;2;123;907
2;2;124;908
2;2;125;7372
2;2;126;7365
2;2;127;7373
2;2;128;16960
2;2;129;7371
2;2;130;26248
2;2;131;887
2;2;132;6129
2;2;133;21179
2;2;134;909
2;2;135;969
2;2;136;1085
2;2;137;29626
2;2;138;808
2;2;139;850
2;2;140;27137
2;2;141;934
2;2;142;1069
2;2;143;844
2;2;144;30382
2;2;145;1223
2;2;146;930
2;2;147;23922
2;2;148;733
2;2;149;18837
2;2;150;32168
2;2;151;34486
2;2;152;29087
2;2;153;7374
2;2;154;33996
2;2;155;7009
2;2;156;812
2;2;157;1522
2;2;158;8584
2;2;159;8272
2;2;160;20328
2;2;161;7694
2;2;162;32694
2;2;163;0
1;3;1;972
1;3;2;996
1;3;3;5878
1;3;4;8365
1;3;5;6168
1;3;6;31661
1;3;7;5542
1;3;8;31663
1;3;9;31658
1;3;10;5131
1;3;11;5111
1;3;12;4985
1;3;13;28315
1;3;14;4773
1;3;15;5856
1;3;16;5636
1;3;17;4956
1;3;18;5787
1;3;19;1663
1;3;20;32102
1;3;21;4911
1;3;22;30229
1;3;23;5788
1;3;24;30968
1;3;25;32778
1;3;26;20793
1;3;27;4904
1;3;28;25195
1;3;29;21701
1;3;30;3046
1;3;31;21276
1;3;32;21807
1;3;33;20621
1;3;34;33425
1;3;35;31023
1;3;36;5221
1;3;37;30710
1;3;38;33666
1;3;39;34288
1;3;40;19000
1;3;41;18967
1;3;42;1303
1;3;43;1378
1;3;44;1669
1;3;45;24389
1;3;46;27100
1;3;47;642
1;3;48;7070
1;3;49;17665
1;3;50;16093
1;3;51;1731
1;3;52;960
1;3;53;508
1;3;54;20412
1;3;55;1043
1;3;56;7709
1;3;57;1013
1;3;58;34306
1;3;59;7083
1;3;60;4088
1;3;61;1584
1;3;62;3333
1;3;63;24047
1;3;64;25908
1;3;65;27465
1;3;66;26414
1;3;67;14930
1;3;68;18835
1;3;69;26243
1;3;70;29647
1;3;71;7610
1;3;72;31152
1;3;73;15180
1;3;74;34612
1;3;75;7980
1;3;76;30824
1;3;77;16759
1;3;78;34669
1;3;79;1064
1;3;80;1015
1;3;81;881
1;3;82;1065
1;3;83;8363
1;3;84;7747
1;3;85;31151
1;3;86;24882
1;3;87;5882
1;3;88;5793
1;3;89;697
1;3;90;21300
1;3;91;32245
1;3;92;0
1;3;93;5215
1;3;94;4858
1;3;95;919
1;3;96;34909
1;3;97;33104
1;3;98;5473
1;3;99;23880
1;3;100;935
1;3;101;4319
1;3;102;1518
1;3;103;34544
1;3;104;30157
1;3;105;0
2;3;1;32946
2;3;2;8607
2;3;3;31469
2;3;4;8202
2;3;5;24180
2;3;6;25920
2;3;7;562
2;3;8;30375
2;3;9;5682
2;3;10;7314
2;3;11;33947
2;3;12;1517
2;3;13;2740
2;3;14;7237
2;3;15;4354
2;3;16;6248
2;3;17;622
2;3;18;25262
2;3;19;584
2;3;20;7714
2;3;21;6478
2;3;22;23155
2;3;23;7072
2;3;24;2862
2;3;25;526
2;3;26;30814
2;3;27;7618
2;3;28;8290
2;3;29;30411
2;3;30;33976
2;3;31;7437
2;3;32;15631
2;3;33;34593
2;3;34;1720
2;3;35;5303
2;3;36;23795
2;3;37;2212
2;3;38;32127
2;3;39;7040
2;3;40;28061
2;3;41;2259
2;3;42;449
2;3;43;573
2;3;44;6955
2;3;45;7316
2;3;46;8201
2;3;47;7730
2;3;48;32735
2;3;49;5264
2;3;50;1155
2;3;51;31188
2;3;52;7011
2;3;53;624
2;3;54;22825
2;3;55;557
2;3;56;1017
2;3;57;1067
2;3;58;33206
2;3;59;32876
2;3;60;1583
2;3;61;32300
2;3;62;19375
2;3;63;8234
2;3;64;5229
2;3;65;23110
2;3;66;768
2;3;67;537
2;3;68;1934
2;3;69;767
2;3;70;32562
2;3;71;25248
2;3;72;620
2;3;73;27124
2;3;74;30815
2;3;75;538
2;3;76;34199
2;3;77;25776
2;3;78;1324
2;3;79;571
2;3;80;141
2;3;81;31507
2;3;82;1007
2;3;83;1174
2;3;84;1213
2;3;85;783
2;3;86;4337
2;3;87;7430
2;3;88;30657
2;3;89;7791
2;3;90;997
2;3;91;23391
2;3;92;33781
2;3;93;2652
2;3;94;1063
2;3;95;25584
2;3;96;33840
2;3;97;34374
2;3;98;31608
2;3;99;0
2;3;100;28899
2;3;101;30164
2;3;102;747
2;3;103;811
2;3;104;789
2;3;105;859
2;3;106;31801
2;3;107;23106
2;3;108;4779
2;3;109;18887
2;3;110;15945
2;3;111;24705
2;3;112;16673
2;3;113;1336
2;3;114;22253
2;3;115;868
2;3;116;29975
2;3;117;33002
2;3;118;3330
2;3;119;1638
2;3;120;5792
2;3;121;32096
2;3;122;6260
2;3;123;766
2;3;124;6169
2;3;125;6863
2;3;126;2593
2;3;127;29744
2;3;128;4454
2;3;129;28198
2;3;130;1018
2;3;131;0
1;4;1;23728
1;4;2;6587
1;4;3;1903
1;4;4;3018
1;4;5;325
1;4;6;6289
1;4;7;34878
1;4;8;18
1;4;9;6224
1;4;10;4763
1;4;11;26079
1;4;12;7953
1;4;13;24120
1;4;14;15760
1;4;15;7308
1;4;16;5201
1;4;17;30370
1;4;18;15142
1;4;19;2306
1;4;20;7740
1;4;21;1734
1;4;22;1755
1;4;23;5555
1;4;24;31679
1;4;25;29266
1;4;26;1181
1;4;27;33024
1;4;28;5126
1;4;29;3349
1;4;30;4974
1;4;31;4815
1;4;32;32560
1;4;33;7814
1;4;34;24306
1;4;35;7359
1;4;36;7355
1;4;37;7357
1;4;38;1335
1;4;39;1246
1;4;40;1084
1;4;41;32079
1;4;42;2241
1;4;43;2483
1;4;44;8971
1;4;45;7133
1;4;46;23990
1;4;47;880
1;4;48;32109
1;4;49;7424
1;4;50;31323
1;4;51;8188
1;4;52;34424
1;4;53;817
1;4;54;701
1;4;55;27692
1;4;56;7505
1;4;57;7646
1;4;58;23890
1;4;59;956
1;4;60;2741
1;4;61;7472
1;4;62;7477
1;4;63;23726
1;4;64;34646
1;4;65;34650
1;4;66;7315
1;4;67;26046
1;4;68;15674
1;4;69;550
1;4;70;1000
1;4;71;574
1;4;72;3295
1;4;73;28007
1;4;74;30149
1;4;75;1241
1;4;76;4736
1;4;77;1230
1;4;78;1599
1;4;79;23621
1;4;80;885
1;4;81;28702
1;4;82;5344
1;4;83;3322
1;4;84;32711
1;4;85;33070
1;4;86;18720
1;4;87;0
1;4;88;7772
1;4;89;33236
1;4;90;29175
1;4;91;3308
1;4;92;26070
1;4;93;804
1;4;94;15265
1;4;95;3357
1;4;96;853
1;4;97;23702
1;4;98;4358
1;4;99;6139
1;4;100;6360
1;4;101;1312
1;4;102;33162
1;4;103;26862
1;4;104;24295
1;4;105;26706
1;4;106;33926
1;4;107;30365
1;4;108;1211
1;4;109;933
1;4;110;4618
1;4;111;34366
1;4;112;2939
1;4;113;1273
1;4;114;851
1;4;115;1506
1;4;116;30825
1;4;117;31156
1;4;118;26190
1;4;119;26401
1;4;120;29885
1;4;121;6654
1;4;122;5036
1;4;123;1268
1;4;124;29893
1;4;125;18006
1;4;126;22771
1;4;127;30383
1;4;128;29839
1;4;129;2094
1;4;130;21297
1;4;131;22147
1;4;132;8331
1;4;133;25465
1;4;134;30089
1;4;135;1255
1;4;136;0
2;4;1;358
2;4;2;5226
2;4;3;661
2;4;4;23955
2;4;5;21094
2;4;6;33904
2;4;7;883
2;4;8;20533
2;4;9;31588
2;4;10;1247
2;4;11;836
2;4;12;3045
2;4;13;1590
2;4;14;34504
2;4;15;8333
2;4;16;20457
2;4;17;20453
2;4;18;24322
2;4;19;6912
2;4;20;29204
2;4;21;33954
2;4;22;30242
2;4;23;4367
2;4;24;205
2;4;25;203
2;4;26;1957
2;4;27;25082
2;4;28;31136
2;4;29;16326
2;4;30;29246
2;4;31;256
2;4;32;1269
2;4;33;31904
2;4;34;31900
2;4;35;1256
2;4;36;5679
2;4;37;1254
2;4;38;3134
2;4;39;1334
2;4;40;17541
2;4;41;785
2;4;42;1264
2;4;43;24046
2;4;44;24044
2;4;45;32973
2;4;46;891
2;4;47;34050
2;4;48;32864
2;4;49;5791
2;4;50;2728
2;4;51;33985
2;4;52;1267
2;4;53;1083
2;4;54;751
2;4;55;20419
2;4;56;2714
2;4;57;23852
2;4;58;15168
2;4;59;28517
2;4;60;778
2;4;61;882
2;4;62;1337
2;4;63;31833
2;4;64;17957
2;4;65;31517
2;4;66;30863
2;4;67;27158
2;4;68;17714
2;4;69;7184
2;4;70;16062
2;4;71;24229
2;4;72;30075
2;4;73;3197
2;4;74;6274
2;4;75;19168
2;4;76;4359
2;4;77;395
2;4;78;25704
2;4;79;5794
2;4;80;30440
2;4;81;34343
2;4;82;0
2;4;83;34762
2;4;84;5037
2;4;85;24118
2;4;86;15911
2;4;87;4234
2;4;88;27700
2;4;89;2456
2;4;90;3348
2;4;91;7097
2;4;92;162
2;4;93;31483
2;4;94;33827
2;4;95;1272
2;4;96;1332
2;4;97;1278
2;4;98;31961
2;4;99;1066
2;4;100;24358
2;4;101;24294
2;4;102;20963
2;4;103;24461
2;4;104;24449
2;4;105;1041
2;4;106;688
2;4;107;1068
2;4;108;4357
2;4;109;4328
2;4;110;6527
2;4;111;4333
2;4;112;26373
2;4;113;1189
2;4;114;24822
2;4;115;26317
2;4;116;19441
2;4;117;20844
2;4;118;3209
2;4;119;6270
2;4;120;6181
2;4;121;17733
2;4;122;16067
2;4;123;15958
2;4;124;1605
2;4;125;4318
2;4;126;24330
2;4;127;6321
2;4;128;18963
2;4;129;27561
2;4;130;32245
2;4;131;5296
2;4;132;26558
2;4;133;24042
2;4;134;2511
2;4;135;0
1;5;1;2188
1;5;2;2191
1;5;3;33306
1;5;4;33226
1;5;5;32776
1;5;6;33
1;5;7;31750
1;5;8;25543
1;5;9;14927
1;5;10;23160
1;5;11;16661
1;5;12;1603
1;5;13;4749
1;5;14;31658
1;5;15;31663
1;5;16;31661
1;5;17;33666
1;5;18;0
1;5;19;361
1;5;20;1178
1;5;21;18283
1;5;22;34684
1;5;23;28022
1;5;24;753
1;5;25;1331
1;5;26;1179
1;5;27;4153
1;5;28;23456
1;5;29;5553
1;5;30;6895
1;5;31;27958
1;5;32;143
1;5;33;1228
1;5;34;5297
1;5;35;33951
1;5;36;5773
1;5;37;32370
1;5;38;4576
1;5;39;29892
1;5;40;121
1;5;41;33071
1;5;42;8983
1;5;43;6322
1;5;44;34611
1;5;45;6428
1;5;46;2346
1;5;47;29398
1;5;48;29399
1;5;49;8699
1;5;50;33513
1;5;51;15031
1;5;52;28985
1;5;53;651
1;5;54;21589
1;5;55;28367
1;5;56;7226
1;5;57;19186
1;5;58;8444
1;5;59;9490
1;5;60;29598
1;5;61;658
1;5;62;32985
1;5;63;1008
1;5;64;927
1;5;65;32950
1;5;66;6813
1;5;67;21839
1;5;68;5762
1;5;69;26763
1;5;70;984
1;5;71;24590
1;5;72;846
1;5;73;5185
1;5;74;34331
1;5;75;1526
1;5;76;24164
1;5;77;1139
1;5;78;6094
1;5;79;28546
1;5;80;25505
1;5;81;7706
1;5;82;0
2;5;1;809
2;5;2;27934
2;5;3;810
2;5;4;24163
2;5;5;21064
2;5;6;3238
2;5;7;4334
2;5;8;1566
2;5;9;843
2;5;10;1640
2;5;11;945
2;5;12;16472
2;5;13;865
2;5;14;27932
2;5;15;33318
2;5;16;22341
2;5;17;31027
2;5;18;1184
2;5;19;1010
2;5;20;942
2;5;21;941
2;5;22;962
2;5;23;18715
2;5;24;696
2;5;25;29911
2;5;26;31905
2;5;27;5298
2;5;28;597
2;5;29;644
2;5;30;964
2;5;31;25743
2;5;32;951
2;5;33;7205
2;5;34;1005
2;5;35;940
2;5;36;23988
2;5;37;8369
2;5;38;8669
2;5;39;28987
2;5;40;28043
2;5;41;32952
2;5;42;4953
2;5;43;32746
2;5;44;943
2;5;45;4340
2;5;46;15093
2;5;47;2340
2;5;48;5908
2;5;49;981
2;5;50;33953
2;5;51;19950
2;5;52;5576
2;5;53;993
2;5;54;24257
2;5;55;1200
2;5;56;2524
2;5;57;29931
2;5;58;31051
2;5;59;34389
2;5;60;24119
2;5;61;23982
2;5;62;4721
2;5;63;952
2;5;64;944
2;5;65;30934
2;5;66;31189
2;5;67;32949
2;5;68;33003
2;5;69;30190
2;5;70;34825
2;5;71;30218
2;5;72;30243
2;5;73;30351
2;5;74;30186
2;5;75;30160
2;5;76;34197
2;5;77;30352
2;5;78;29943
2;5;79;25649
2;5;80;33839
2;5;81;946
2;5;82;9016
2;5;83;33740
2;5;84;17439
2;5;85;30758
2;5;86;29973
2;5;87;31047
2;5;88;25586
2;5;89;19770
2;5;90;950
2;5;91;948
2;5;92;23862
2;5;93;30199
2;5;94;958
2;5;95;23876
2;5;96;890
2;5;97;959
2;5;98;947
2;5;99;7867
2;5;100;33991
2;5;101;21147
2;5;102;6255
2;5;103;932
2;5;104;8492
2;5;105;6759
2;5;106;2840
2;5;107;8942
2;5;108;32245
2;5;109;23086
2;5;110;32261
2;5;111;6064
2;5;112;32386
2;5;113;577
2;5;114;5532
2;5;115;34111
2;5;116;32681
2;5;117;8316
2;5;118;0
2;5;119;0
