1;1;1;2836
1;1;2;3205
1;1;3;8410
1;1;4;24120
1;1;5;5012
1;1;6;30152
1;1;7;7308
1;1;8;30370
1;1;9;2306
1;1;10;7740
1;1;11;1734
1;1;12;2707
1;1;13;4751
1;1;14;4977
1;1;15;5636
1;1;16;6289
1;1;17;4815
1;1;18;7359
1;1;19;7355
1;1;20;24306
1;1;21;7357
1;1;22;5036
1;1;23;8331
1;1;24;205
1;1;25;1068
1;1;26;32245
1;1;27;31025
1;1;28;29839
1;1;29;18009
1;1;30;18006
1;1;31;1255
1;1;32;24358
1;1;33;1268
1;1;34;31156
1;1;35;30149
1;1;36;28007
1;1;37;4779
1;1;38;1246
1;1;39;15945
1;1;40;1247
1;1;41;16673
1;1;42;1084
1;1;43;5792
1;1;44;1638
1;1;45;32079
1;1;46;33002
1;1;47;20533
1;1;48;21094
1;1;49;1731
1;1;50;7505
1;1;51;7720
1;1;52;4487
1;1;53;7009
1;1;54;2741
1;1;55;835
1;1;56;7979
1;1;57;31483
1;1;58;31507
1;1;59;574
1;1;60;15674
1;1;61;550
1;1;62;23726
1;1;63;34646
1;1;64;34650
1;1;65;7477
1;1;66;1517
1;1;67;26046
1;1;68;24528
1;1;69;4974
1;1;70;23810
1;1;71;8365
1;1;72;0
1;1;73;2839
1;1;74;4842
1;1;75;34672
1;1;76;28495
1;1;77;1594
1;1;78;33346
1;1;79;33236
1;1;80;25188
1;1;81;33666
1;1;82;2699
1;1;83;6498
1;1;84;4579
1;1;85;1726
1;1;86;15767
1;1;87;22184
1;1;88;406
1;1;89;27965
1;1;90;26515
1;1;91;28516
1;1;92;26836
1;1;93;16575
1;1;94;7492
1;1;95;2500
1;1;96;30730
1;1;97;5209
1;1;98;1212
1;1;99;20215
1;1;100;24043
1;1;101;6771
1;1;102;22704
1;1;103;15074
1;1;104;30026
1;1;105;28784
1;1;106;4782
1;1;107;32774
1;1;108;114
1;1;109;4825
1;1;110;33686
1;1;111;16908
1;1;112;25213
1;1;113;16919
1;1;114;23596
1;1;115;21343
1;1;116;3219
1;1;117;29032
1;1;118;0
2;1;1;795
2;1;2;5053
2;1;3;4631
2;1;4;2091
2;1;5;6587
2;1;6;4845
2;1;7;8418
2;1;8;33532
2;1;9;4851
2;1;10;5131
2;1;11;31663
2;1;12;31661
2;1;13;31658
2;1;14;4907
2;1;15;34458
2;1;16;2627
2;1;17;26241
2;1;18;6315
2;1;19;3292
2;1;20;4935
2;1;21;2682
2;1;22;2184
2;1;23;1903
2;1;24;4749
2;1;25;8361
2;1;26;2680
2;1;27;20512
2;1;28;2100
2;1;29;4235
2;1;30;1585
2;1;31;7309
2;1;32;18872
2;1;33;5232
2;1;34;4800
2;1;35;892
2;1;36;28082
2;1;37;32809
2;1;38;21967
2;1;39;19836
2;1;40;603
2;1;41;31267
2;1;42;4767
2;1;43;5063
2;1;44;3140
2;1;45;4746
2;1;46;4950
2;1;47;4774
2;1;48;4949
2;1;49;4823
2;1;50;5205
2;1;51;4829
2;1;52;6340
2;1;53;7617
2;1;54;24021
2;1;55;34762
2;1;56;4814
2;1;57;32813
2;1;58;4926
2;1;59;34582
2;1;60;19000
2;1;61;4234
2;1;62;15911
2;1;63;16132
2;1;64;1040
2;1;65;25745
2;1;66;31183
2;1;67;4201
2;1;68;34814
2;1;69;936
2;1;70;22751
2;1;71;29342
2;1;72;3308
2;1;73;27365
2;1;74;8131
2;1;75;32895
2;1;76;1012
2;1;77;30165
2;1;78;1221
2;1;79;23037
2;1;80;31441
2;1;81;5970
2;1;82;7137
2;1;83;8269
2;1;84;25341
2;1;85;32168
2;1;86;8033
2;1;87;8233
2;1;88;34486
2;1;89;29087
2;1;90;7646
2;1;91;27692
2;1;92;508
2;1;93;32109
2;1;94;0
2;1;95;7772
2;1;96;23728
2;1;97;32889
2;1;98;28825
2;1;99;4910
2;1;100;2949
2;1;101;4987
2;1;102;31461
2;1;103;5202
2;1;104;17201
2;1;105;29921
2;1;106;4992
2;1;107;5929
2;1;108;5128
2;1;109;4988
2;1;110;5407
2;1;111;4740
2;1;112;5055
2;1;113;28289
2;1;114;6809
2;1;115;5018
2;1;116;1732
2;1;117;5017
2;1;118;4978
2;1;119;6224
2;1;120;4763
2;1;121;5006
2;1;122;27613
2;1;123;31279
2;1;124;4884
2;1;125;32702
2;1;126;6925
2;1;127;6217
2;1;128;7953
2;1;129;5009
2;1;130;4969
2;1;131;7211
2;1;132;31898
2;1;133;3003
2;1;134;8141
2;1;135;5159
2;1;136;1771
2;1;137;4748
2;1;138;5092
2;1;139;5189
2;1;140;1728
2;1;141;5362
2;1;142;4958
2;1;143;26079
2;1;144;5010
2;1;145;4844
2;1;146;17969
2;1;147;1758
2;1;148;8244
2;1;149;5097
2;1;150;19987
2;1;151;2353
2;1;152;4994
2;1;153;18
2;1;154;29730
2;1;155;5056
2;1;156;22171
2;1;157;34739
2;1;158;5888
2;1;159;2539
2;1;160;4798
2;1;161;34679
2;1;162;0
1;2;1;2188
1;2;2;2191
1;2;3;552
1;2;4;24163
1;2;5;27934
1;2;6;27932
1;2;7;33318
1;2;8;22341
1;2;9;18716
1;2;10;3329
1;2;11;8409
1;2;12;28546
1;2;13;3115
1;2;14;24590
1;2;15;33306
1;2;16;33226
1;2;17;9490
1;2;18;8444
1;2;19;14927
1;2;20;31750
1;2;21;32245
1;2;22;33
1;2;23;24822
1;2;24;3141
1;2;25;1280
1;2;26;33985
1;2;27;20255
1;2;28;1278
1;2;29;8497
1;2;30;697
1;2;31;5793
1;2;32;730
1;2;33;19473
1;2;34;0
1;2;35;7161
1;2;36;5804
1;2;37;3018
1;2;38;3349
1;2;39;8413
1;2;40;325
1;2;41;820
1;2;42;2832
1;2;43;5114
1;2;44;5048
1;2;45;15487
1;2;46;1601
1;2;47;8319
1;2;48;6887
1;2;49;4750
1;2;50;6286
1;2;51;5729
1;2;52;2316
1;2;53;29509
1;2;54;5005
1;2;55;15458
1;2;56;5015
1;2;57;895
1;2;58;4879
1;2;59;4350
1;2;60;4753
1;2;61;5224
1;2;62;34910
1;2;63;5339
1;2;64;15940
1;2;65;15426
1;2;66;1824
1;2;67;17095
1;2;68;6865
1;2;69;1772
1;2;70;22342
1;2;71;2621
1;2;72;6249
1;2;73;32606
1;2;74;5049
1;2;75;26054
1;2;76;32601
1;2;77;1895
1;2;78;4797
1;2;79;2698
1;2;80;4896
1;2;81;20010
1;2;82;4796
1;2;83;5555
1;2;84;15142
1;2;85;1805
1;2;86;6888
1;2;87;1727
1;2;88;2757
1;2;89;1745
1;2;90;1755
1;2;91;1764
1;2;92;31679
1;2;93;5201
1;2;94;2300
1;2;95;15760
1;2;96;122
1;2;97;33211
1;2;98;25678
1;2;99;34219
1;2;100;4752
1;2;101;19697
1;2;102;25969
1;2;103;4934
1;2;104;17907
1;2;105;6147
1;2;106;7480
1;2;107;1959
1;2;108;19377
1;2;109;5116
1;2;110;0
2;2;1;31020
2;2;2;20690
2;2;3;7941
2;2;4;16580
2;2;5;28315
2;2;6;4775
2;2;7;32568
2;2;8;22296
2;2;9;4831
2;2;10;8368
2;2;11;30809
2;2;12;20231
2;2;13;15272
2;2;14;1625
2;2;15;19546
2;2;16;6010
2;2;17;4801
2;2;18;6395
2;2;19;5190
2;2;20;4857
2;2;21;5105
2;2;22;4824
2;2;23;29035
2;2;24;5170
2;2;25;30528
2;2;26;4955
2;2;27;5176
2;2;28;5239
2;2;29;4945
2;2;30;5175
2;2;31;4772
2;2;32;5832
2;2;33;8412
2;2;34;5058
2;2;35;5144
2;2;36;5152
2;2;37;5571
2;2;38;4608
2;2;39;5107
2;2;40;5140
2;2;41;19087
2;2;42;2334
2;2;43;5983
2;2;44;4957
2;2;45;29250
2;2;46;28125
2;2;47;5109
2;2;48;19155
2;2;49;5061
2;2;50;6359
2;2;51;4991
2;2;52;34121
2;2;53;5039
2;2;54;32559
2;2;55;1739
2;2;56;4783
2;2;57;6603
2;2;58;7541
2;2;59;5127
2;2;60;4766
2;2;61;5052
2;2;62;4903
2;2;63;5050
2;2;64;898
2;2;65;2697
2;2;66;5861
2;2;67;5011
2;2;68;1826
2;2;69;4755
2;2;70;34841
2;2;71;8327
2;2;72;16607
2;2;73;338
2;2;74;4816
2;2;75;4895
2;2;76;30238
2;2;77;6272
2;2;78;1876
2;2;79;1875
2;2;80;5564
2;2;81;5142
2;2;82;31913
2;2;83;6144
2;2;84;5082
2;2;85;16697
2;2;86;6136
2;2;87;26064
2;2;88;5178
2;2;89;1751
2;2;90;8414
2;2;91;5550
2;2;92;25100
2;2;93;5146
2;2;94;24125
2;2;95;31548
2;2;96;32285
2;2;97;15825
2;2;98;5351
2;2;99;4970
2;2;100;4838
2;2;101;7300
2;2;102;1760
2;2;103;25860
2;2;104;30875
2;2;105;1995
2;2;106;1888
2;2;107;5093
2;2;108;17262
2;2;109;576
2;2;110;0
2;2;111;21335
2;2;112;2688
2;2;113;3223
2;2;114;4986
2;2;115;875
2;2;116;1774
2;2;117;317
2;2;118;33203
2;2;119;907
2;2;120;908
2;2;121;27189
2;2;122;32538
2;2;123;30872
2;2;124;32560
2;2;125;7814
2;2;126;7371
2;2;127;16960
2;2;128;7365
2;2;129;7370
2;2;130;21179
2;2;131;6129
2;2;132;969
2;2;133;909
2;2;134;887
2;2;135;26248
2;2;136;7372
2;2;137;7373
2;2;138;1085
2;2;139;808
2;2;140;850
2;2;141;29626
2;2;142;934
2;2;143;27137
2;2;144;1069
2;2;145;844
2;2;146;30382
2;2;147;1223
2;2;148;930
2;2;149;7097
2;2;150;23922
2;2;151;733
2;2;152;18837
2;2;153;17379
2;2;154;23890
2;2;155;7374
2;2;156;33996
2;2;157;812
2;2;158;1522
2;2;159;20328
2;2;160;7694
2;2;161;32694
2;2;162;8272
2;2;163;8584
2;2;164;0
1;3;1;361
1;3;2;5215
1;3;3;34288
1;3;4;996
1;3;5;5878
1;3;6;972
1;3;7;27327
1;3;8;32823
1;3;9;6503
1;3;10;5542
1;3;11;31658
1;3;12;31661
1;3;13;31663
1;3;14;4852
1;3;15;33849
1;3;16;5111
1;3;17;5204
1;3;18;5141
1;3;19;4985
1;3;20;6316
1;3;21;4773
1;3;22;5856
1;3;23;33024
1;3;24;4956
1;3;25;5219
1;3;26;4911
1;3;27;32102
1;3;28;30229
1;3;29;5788
1;3;30;32778
1;3;31;30968
1;3;32;20793
1;3;33;4904
1;3;34;30710
1;3;35;2314
1;3;36;25195
1;3;37;21701
1;3;38;3046
1;3;39;21276
1;3;40;21807
1;3;41;20621
1;3;42;33425
1;3;43;31023
1;3;44;5221
1;3;45;29895
1;3;46;5226
1;3;47;5139
1;3;48;1378
1;3;49;1669
1;3;50;27100
1;3;51;24389
1;3;52;23880
1;3;53;16093
1;3;54;17665
1;3;55;7070
1;3;56;642
1;3;57;960
1;3;58;31323
1;3;59;8188
1;3;60;20412
1;3;61;817
1;3;62;34424
1;3;63;701
1;3;64;7709
1;3;65;1043
1;3;66;1013
1;3;67;34306
1;3;68;3333
1;3;69;1584
1;3;70;24047
1;3;71;25908
1;3;72;27465
1;3;73;26414
1;3;74;14930
1;3;75;18835
1;3;76;26243
1;3;77;7610
1;3;78;29647
1;3;79;31152
1;3;80;34612
1;3;81;15180
1;3;82;7980
1;3;83;30824
1;3;84;16759
1;3;85;34669
1;3;86;30812
1;3;87;31151
1;3;88;1602
1;3;89;1064
1;3;90;1015
1;3;91;881
1;3;92;1065
1;3;93;8363
1;3;94;7747
1;3;95;33104
1;3;96;0
1;3;97;358
1;3;98;7774
1;3;99;1854
1;3;100;4858
1;3;101;34909
1;3;102;919
1;3;103;661
1;3;104;1188
1;3;105;1303
1;3;106;811
1;3;107;23990
1;3;108;7083
1;3;109;4319
1;3;110;1518
1;3;111;34544
1;3;112;30157
1;3;113;0
2;3;1;5080
2;3;2;32946
2;3;3;8607
2;3;4;31469
2;3;5;8202
2;3;6;24180
2;3;7;25920
2;3;8;1934
2;3;9;2740
2;3;10;622
2;3;11;7237
2;3;12;25262
2;3;13;6248
2;3;14;4354
2;3;15;584
2;3;16;23110
2;3;17;7714
2;3;18;6478
2;3;19;23155
2;3;20;2862
2;3;21;34199
2;3;22;7072
2;3;23;30815
2;3;24;538
2;3;25;1324
2;3;26;25776
2;3;27;30814
2;3;28;8290
2;3;29;526
2;3;30;30411
2;3;31;33976
2;3;32;7437
2;3;33;1720
2;3;34;34593
2;3;35;2212
2;3;36;15631
2;3;37;5303
2;3;38;32127
2;3;39;23795
2;3;40;2259
2;3;41;28061
2;3;42;7040
2;3;43;449
2;3;44;33947
2;3;45;7314
2;3;46;6955
2;3;47;8201
2;3;48;7316
2;3;49;1155
2;3;50;5264
2;3;51;7315
2;3;52;31188
2;3;53;7011
2;3;54;624
2;3;55;22825
2;3;56;557
2;3;57;1017
2;3;58;1067
2;3;59;33206
2;3;60;32876
2;3;61;1583
2;3;62;32300
2;3;63;8234
2;3;64;5229
2;3;65;768
2;3;66;573
2;3;67;5682
2;3;68;30375
2;3;69;562
2;3;70;767
2;3;71;32562
2;3;72;25248
2;3;73;620
2;3;74;27124
2;3;75;7618
2;3;76;572
2;3;77;571
2;3;78;1000
2;3;79;23391
2;3;80;4337
2;3;81;1213
2;3;82;7791
2;3;83;783
2;3;84;30657
2;3;85;7430
2;3;86;3295
2;3;87;997
2;3;88;1174
2;3;89;33840
2;3;90;1063
2;3;91;2652
2;3;92;25584
2;3;93;33781
2;3;94;1007
2;3;95;141
2;3;96;34374
2;3;97;31608
2;3;98;0
2;3;99;33666
2;3;100;18967
2;3;101;30164
2;3;102;747
2;3;103;23955
2;3;104;935
2;3;105;4088
2;3;106;7133
2;3;107;883
2;3;108;789
2;3;109;1241
2;3;110;6260
2;3;111;1336
2;3;112;22253
2;3;113;868
2;3;114;2483
2;3;115;29975
2;3;116;31588
2;3;117;766
2;3;118;6863
2;3;119;6169
2;3;120;2593
2;3;121;1018
2;3;122;29744
2;3;123;4454
2;3;124;28198
2;3;125;0
1;4;1;33236
1;4;2;1374
1;4;3;6168
1;4;4;6587
1;4;5;8211
1;4;6;5126
1;4;7;8030
1;4;8;18
1;4;9;1407
1;4;10;4875
1;4;11;4763
1;4;12;24162
1;4;13;5004
1;4;14;26079
1;4;15;4780
1;4;16;7953
1;4;17;28819
1;4;18;24120
1;4;19;7308
1;4;20;4804
1;4;21;30969
1;4;22;2306
1;4;23;7740
1;4;24;5166
1;4;25;23070
1;4;26;29266
1;4;27;5787
1;4;28;1663
1;4;29;1181
1;4;30;34878
1;4;31;24078
1;4;32;7104
1;4;33;5038
1;4;34;4981
1;4;35;7355
1;4;36;7359
1;4;37;7357
1;4;38;24306
1;4;39;1335
1;4;40;32079
1;4;41;3330
1;4;42;2241
1;4;43;8971
1;4;44;33904
1;4;45;21094
1;4;46;32109
1;4;47;880
1;4;48;7424
1;4;49;5473
1;4;50;22483
1;4;51;7646
1;4;52;956
1;4;53;2741
1;4;54;23726
1;4;55;34646
1;4;56;34650
1;4;57;7730
1;4;58;32735
1;4;59;26046
1;4;60;537
1;4;61;19375
1;4;62;15674
1;4;63;7472
1;4;64;24705
1;4;65;1247
1;4;66;18887
1;4;67;1246
1;4;68;23106
1;4;69;32096
1;4;70;31801
1;4;71;859
1;4;72;4736
1;4;73;1230
1;4;74;1599
1;4;75;1179
1;4;76;885
1;4;77;28702
1;4;78;5344
1;4;79;3322
1;4;80;32711
1;4;81;33070
1;4;82;0
1;4;83;34762
1;4;84;5037
1;4;85;29175
1;4;86;7753
1;4;87;2456
1;4;88;6828
1;4;89;24882
1;4;90;3348
1;4;91;33827
1;4;92;26070
1;4;93;804
1;4;94;1272
1;4;95;1332
1;4;96;31961
1;4;97;6360
1;4;98;1312
1;4;99;33162
1;4;100;26862
1;4;101;24295
1;4;102;26706
1;4;103;33926
1;4;104;30365
1;4;105;933
1;4;106;1211
1;4;107;4618
1;4;108;1273
1;4;109;2939
1;4;110;34366
1;4;111;1506
1;4;112;851
1;4;113;29885
1;4;114;26190
1;4;115;26401
1;4;116;31156
1;4;117;30825
1;4;118;6654
1;4;119;2516
1;4;120;1268
1;4;121;5036
1;4;122;29893
1;4;123;1267
1;4;124;34050
1;4;125;891
1;4;126;3134
1;4;127;30089
1;4;128;3357
1;4;129;15265
1;4;130;0
2;4;1;23728
2;4;2;4878
2;4;3;24118
2;4;4;27700
2;4;5;839
2;4;6;5882
2;4;7;162
2;4;8;28007
2;4;9;836
2;4;10;3045
2;4;11;1590
2;4;12;34504
2;4;13;1603
2;4;14;8333
2;4;15;20453
2;4;16;20457
2;4;17;33954
2;4;18;4367
2;4;19;30242
2;4;20;6912
2;4;21;29204
2;4;22;24322
2;4;23;205
2;4;24;203
2;4;25;204
2;4;26;15168
2;4;27;28517
2;4;28;31136
2;4;29;16326
2;4;30;25082
2;4;31;1957
2;4;32;29246
2;4;33;256
2;4;34;21300
2;4;35;1269
2;4;36;25465
2;4;37;22147
2;4;38;24461
2;4;39;24294
2;4;40;31900
2;4;41;5679
2;4;42;1256
2;4;43;20963
2;4;44;31904
2;4;45;1334
2;4;46;785
2;4;47;1264
2;4;48;24046
2;4;49;24044
2;4;50;17541
2;4;51;32973
2;4;52;1254
2;4;53;1066
2;4;54;5791
2;4;55;2728
2;4;56;853
2;4;57;6139
2;4;58;4358
2;4;59;23702
2;4;60;1255
2;4;61;32864
2;4;62;1083
2;4;63;751
2;4;64;20419
2;4;65;2714
2;4;66;23852
2;4;67;26265
2;4;68;778
2;4;69;688
2;4;70;1041
2;4;71;882
2;4;72;1337
2;4;73;31833
2;4;74;17957
2;4;75;31517
2;4;76;30863
2;4;77;27158
2;4;78;17714
2;4;79;7184
2;4;80;16062
2;4;81;8435
2;4;82;30075
2;4;83;3197
2;4;84;4359
2;4;85;32245
2;4;86;23086
2;4;87;6274
2;4;88;19168
2;4;89;395
2;4;90;25704
2;4;91;5794
2;4;92;23590
2;4;93;34343
2;4;94;30440
2;4;95;0
2;4;96;4734
2;4;97;28899
2;4;98;21297
2;4;99;2094
2;4;100;22771
2;4;101;29839
2;4;102;30383
2;4;103;1924
2;4;104;24449
2;4;105;4357
2;4;106;4328
2;4;107;6527
2;4;108;4333
2;4;109;26373
2;4;110;1189
2;4;111;26317
2;4;112;19441
2;4;113;6270
2;4;114;3209
2;4;115;20844
2;4;116;6181
2;4;117;16067
2;4;118;17733
2;4;119;1605
2;4;120;4318
2;4;121;24330
2;4;122;6321
2;4;123;18963
2;4;124;25543
2;4;125;33951
2;4;126;24229
2;4;127;26558
2;4;128;24042
2;4;129;5296
2;4;130;2511
2;4;131;0
1;5;1;33666
1;5;2;4524
1;5;3;2188
1;5;4;2191
1;5;5;33306
1;5;6;33226
1;5;7;32245
1;5;8;33
1;5;9;31750
1;5;10;31661
1;5;11;31663
1;5;12;31658
1;5;13;0
1;5;14;363
1;5;15;1178
1;5;16;18283
1;5;17;753
1;5;18;1331
1;5;19;23621
1;5;20;4153
1;5;21;23456
1;5;22;5553
1;5;23;6895
1;5;24;143
1;5;25;1228
1;5;26;16661
1;5;27;23160
1;5;28;18720
1;5;29;5297
1;5;30;27958
1;5;31;14927
1;5;32;15958
1;5;33;27561
1;5;34;5773
1;5;35;32261
1;5;36;32370
1;5;37;121
1;5;38;33071
1;5;39;4576
1;5;40;29892
1;5;41;8983
1;5;42;6322
1;5;43;6428
1;5;44;2346
1;5;45;34611
1;5;46;29399
1;5;47;29398
1;5;48;33513
1;5;49;15031
1;5;50;28985
1;5;51;5927
1;5;52;651
1;5;53;18996
1;5;54;21589
1;5;55;28367
1;5;56;7226
1;5;57;19186
1;5;58;32776
1;5;59;29598
1;5;60;1008
1;5;61;658
1;5;62;32985
1;5;63;927
1;5;64;32950
1;5;65;4881
1;5;66;21839
1;5;67;23862
1;5;68;25586
1;5;69;7706
1;5;70;19770
1;5;71;25505
1;5;72;5185
1;5;73;846
1;5;74;984
1;5;75;26763
1;5;76;34331
1;5;77;1526
1;5;78;24164
1;5;79;28546
1;5;80;6094
1;5;81;1139
1;5;82;31485
1;5;83;0
2;5;1;809
2;5;2;21064
2;5;3;3238
2;5;4;4334
2;5;5;1566
2;5;6;843
2;5;7;1640
2;5;8;945
2;5;9;16472
2;5;10;865
2;5;11;27932
2;5;12;31027
2;5;13;1184
2;5;14;1010
2;5;15;810
2;5;16;27934
2;5;17;31905
2;5;18;5298
2;5;19;18715
2;5;20;696
2;5;21;962
2;5;22;941
2;5;23;942
2;5;24;597
2;5;25;644
2;5;26;964
2;5;27;951
2;5;28;25743
2;5;29;23982
2;5;30;7205
2;5;31;4721
2;5;32;940
2;5;33;23988
2;5;34;8369
2;5;35;34389
2;5;36;32952
2;5;37;28987
2;5;38;8669
2;5;39;28043
2;5;40;943
2;5;41;5908
2;5;42;4340
2;5;43;15093
2;5;44;2340
2;5;45;32746
2;5;46;4953
2;5;47;981
2;5;48;19950
2;5;49;33953
2;5;50;993
2;5;51;5576
2;5;52;1200
2;5;53;24257
2;5;54;2524
2;5;55;29931
2;5;56;31051
2;5;57;24119
2;5;58;1005
2;5;59;952
2;5;60;944
2;5;61;30934
2;5;62;31189
2;5;63;32949
2;5;64;33003
2;5;65;34825
2;5;66;30190
2;5;67;30218
2;5;68;30243
2;5;69;30160
2;5;70;30186
2;5;71;30351
2;5;72;34197
2;5;73;30352
2;5;74;29943
2;5;75;25649
2;5;76;946
2;5;77;33839
2;5;78;29911
2;5;79;30199
2;5;80;31047
2;5;81;29973
2;5;82;33740
2;5;83;17439
2;5;84;9016
2;5;85;30758
2;5;86;950
2;5;87;948
2;5;88;949
2;5;89;5762
2;5;90;6813
2;5;91;23876
2;5;92;959
2;5;93;890
2;5;94;958
2;5;95;947
2;5;96;932
2;5;97;7867
2;5;98;6255
2;5;99;21147
2;5;100;33991
2;5;101;8492
2;5;102;6759
2;5;103;2840
2;5;104;8942
2;5;105;6378
2;5;106;8699
2;5;107;577
2;5;108;6064
2;5;109;32386
2;5;110;5532
2;5;111;34111
2;5;112;8316
2;5;113;32681
2;5;114;0
2;5;115;34684
2;5;116;28022
2;5;117;0
