1;1;1;3205
1;1;2;8410
1;1;3;24120
1;1;4;5012
1;1;5;30152
1;1;6;7308
1;1;7;30370
1;1;8;2306
1;1;9;7740
1;1;10;2707
1;1;11;4751
1;1;12;24078
1;1;13;6289
1;1;14;4815
1;1;15;7357
1;1;16;7355
1;1;17;16960
1;1;18;24306
1;1;19;7373
1;1;20;7359
1;1;21;5036
1;1;22;29893
1;1;23;1280
1;1;24;205
1;1;25;32245
1;1;26;31025
1;1;27;1068
1;1;28;29839
1;1;29;18009
1;1;30;18006
1;1;31;1255
1;1;32;1268
1;1;33;31156
1;1;34;30149
1;1;35;28007
1;1;36;1246
1;1;37;4779
1;1;38;15945
1;1;39;1247
1;1;40;1084
1;1;41;16673
1;1;42;5792
1;1;43;32079
1;1;44;1638
1;1;45;6260
1;1;46;20533
1;1;47;21094
1;1;48;7505
1;1;49;7720
1;1;50;4487
1;1;51;7009
1;1;52;2741
1;1;53;835
1;1;54;7137
1;1;55;5970
1;1;56;31483
1;1;57;23391
1;1;58;141
1;1;59;574
1;1;60;15674
1;1;61;550
1;1;62;23726
1;1;63;34646
1;1;64;34650
1;1;65;1517
1;1;66;26046
1;1;67;4749
1;1;68;23810
1;1;69;8365
1;1;70;0
1;1;71;361
1;1;72;28495
1;1;73;4842
1;1;74;2839
1;1;75;34672
1;1;76;1594
1;1;77;1854
1;1;78;33236
1;1;79;3223
1;1;80;7772
1;1;81;33666
1;1;82;2699
1;1;83;6498
1;1;84;4579
1;1;85;1726
1;1;86;15767
1;1;87;22184
1;1;88;22704
1;1;89;30730
1;1;90;20215
1;1;91;23596
1;1;92;3219
1;1;93;5209
1;1;94;26836
1;1;95;114
1;1;96;25213
1;1;97;26515
1;1;98;7492
1;1;99;33686
1;1;100;32774
1;1;101;16575
1;1;102;24043
1;1;103;16908
1;1;104;21343
1;1;105;27965
1;1;106;2500
1;1;107;406
1;1;108;1212
1;1;109;15074
1;1;110;30026
1;1;111;6771
1;1;112;28784
1;1;113;4782
1;1;114;4825
1;1;115;29032
1;1;116;28516
1;1;117;16919
1;1;118;0
2;1;1;795
2;1;2;5053
2;1;3;4631
2;1;4;4800
2;1;5;6587
2;1;6;2091
2;1;7;4845
2;1;8;8418
2;1;9;4851
2;1;10;5131
2;1;11;31663
2;1;12;31661
2;1;13;31658
2;1;14;4852
2;1;15;34458
2;1;16;2627
2;1;17;26241
2;1;18;6315
2;1;19;2682
2;1;20;3292
2;1;21;4935
2;1;22;2184
2;1;23;1903
2;1;24;8361
2;1;25;2680
2;1;26;20512
2;1;27;2100
2;1;28;4235
2;1;29;1585
2;1;30;7309
2;1;31;18872
2;1;32;5232
2;1;33;33532
2;1;34;892
2;1;35;32809
2;1;36;28082
2;1;37;31267
2;1;38;5063
2;1;39;603
2;1;40;4767
2;1;41;4950
2;1;42;4746
2;1;43;21967
2;1;44;19836
2;1;45;3140
2;1;46;4774
2;1;47;4949
2;1;48;4823
2;1;49;5205
2;1;50;4829
2;1;51;6340
2;1;52;7617
2;1;53;24021
2;1;54;34762
2;1;55;4814
2;1;56;32813
2;1;57;4926
2;1;58;34582
2;1;59;29175
2;1;60;4234
2;1;61;15911
2;1;62;7753
2;1;63;16132
2;1;64;1040
2;1;65;25745
2;1;66;31183
2;1;67;22751
2;1;68;936
2;1;69;4201
2;1;70;34814
2;1;71;29342
2;1;72;3308
2;1;73;27365
2;1;74;8131
2;1;75;32895
2;1;76;30165
2;1;77;1221
2;1;78;1012
2;1;79;23037
2;1;80;7979
2;1;81;31441
2;1;82;8269
2;1;83;25341
2;1;84;8233
2;1;85;8033
2;1;86;32168
2;1;87;34486
2;1;88;29087
2;1;89;7646
2;1;90;27692
2;1;91;32109
2;1;92;0
2;1;93;363
2;1;94;23728
2;1;95;32889
2;1;96;28825
2;1;97;4910
2;1;98;2949
2;1;99;4987
2;1;100;31461
2;1;101;5202
2;1;102;17201
2;1;103;29921
2;1;104;4992
2;1;105;5929
2;1;106;5128
2;1;107;4988
2;1;108;5407
2;1;109;4740
2;1;110;5055
2;1;111;28289
2;1;112;6809
2;1;113;5018
2;1;114;1732
2;1;115;5017
2;1;116;4978
2;1;117;6224
2;1;118;4763
2;1;119;5006
2;1;120;27613
2;1;121;34739
2;1;122;7953
2;1;123;5009
2;1;124;7211
2;1;125;31279
2;1;126;2539
2;1;127;4969
2;1;128;28819
2;1;129;3003
2;1;130;8141
2;1;131;5159
2;1;132;1771
2;1;133;4748
2;1;134;5092
2;1;135;1728
2;1;136;5189
2;1;137;5362
2;1;138;4958
2;1;139;26079
2;1;140;5010
2;1;141;29730
2;1;142;17969
2;1;143;1758
2;1;144;8244
2;1;145;5097
2;1;146;19987
2;1;147;2353
2;1;148;4994
2;1;149;18
2;1;150;4844
2;1;151;5056
2;1;152;22171
2;1;153;4884
2;1;154;5888
2;1;155;6217
2;1;156;32702
2;1;157;6925
2;1;158;4798
2;1;159;34679
2;1;160;0
1;2;1;24528
1;2;2;2188
1;2;3;2191
1;2;4;24163
1;2;5;27934
1;2;6;27932
1;2;7;33318
1;2;8;865
1;2;9;18716
1;2;10;3329
1;2;11;8409
1;2;12;28546
1;2;13;3115
1;2;14;24590
1;2;15;33306
1;2;16;33226
1;2;17;9490
1;2;18;8444
1;2;19;14927
1;2;20;31750
1;2;21;32245
1;2;22;33
1;2;23;24822
1;2;24;3141
1;2;25;8331
1;2;26;33985
1;2;27;20255
1;2;28;1278
1;2;29;8497
1;2;30;697
1;2;31;5793
1;2;32;19473
1;2;33;730
1;2;34;0
1;2;35;33346
1;2;36;7161
1;2;37;3018
1;2;38;5804
1;2;39;6010
1;2;40;8413
1;2;41;325
1;2;42;820
1;2;43;5048
1;2;44;5114
1;2;45;2832
1;2;46;15487
1;2;47;1601
1;2;48;6395
1;2;49;8319
1;2;50;34878
1;2;51;4977
1;2;52;6887
1;2;53;4750
1;2;54;6286
1;2;55;5729
1;2;56;2316
1;2;57;29509
1;2;58;4879
1;2;59;4350
1;2;60;4753
1;2;61;895
1;2;62;15458
1;2;63;5015
1;2;64;5005
1;2;65;5224
1;2;66;34910
1;2;67;5339
1;2;68;15940
1;2;69;15426
1;2;70;1824
1;2;71;17095
1;2;72;6865
1;2;73;1772
1;2;74;22342
1;2;75;2621
1;2;76;6249
1;2;77;32606
1;2;78;5049
1;2;79;2698
1;2;80;1895
1;2;81;26054
1;2;82;4896
1;2;83;32601
1;2;84;4797
1;2;85;20010
1;2;86;4796
1;2;87;5555
1;2;88;1727
1;2;89;15142
1;2;90;6888
1;2;91;1734
1;2;92;1764
1;2;93;1755
1;2;94;1805
1;2;95;2757
1;2;96;1745
1;2;97;31679
1;2;98;5201
1;2;99;2300
1;2;100;15760
1;2;101;122
1;2;102;33211
1;2;103;25678
1;2;104;34219
1;2;105;4752
1;2;106;19697
1;2;107;25969
1;2;108;4934
1;2;109;17907
1;2;110;6147
1;2;111;7480
1;2;112;1959
1;2;113;19377
1;2;114;5116
1;2;115;0
2;2;1;2688
2;2;2;358
2;2;3;20690
2;2;4;7941
2;2;5;16580
2;2;6;4775
2;2;7;32568
2;2;8;22296
2;2;9;4831
2;2;10;8368
2;2;11;20231
2;2;12;30809
2;2;13;15272
2;2;14;1625
2;2;15;19546
2;2;16;8211
2;2;17;4801
2;2;18;5190
2;2;19;4857
2;2;20;5105
2;2;21;4824
2;2;22;29035
2;2;23;5140
2;2;24;5170
2;2;25;30528
2;2;26;4955
2;2;27;5175
2;2;28;4945
2;2;29;5239
2;2;30;5176
2;2;31;4772
2;2;32;5832
2;2;33;8412
2;2;34;5058
2;2;35;5144
2;2;36;4608
2;2;37;5571
2;2;38;5152
2;2;39;5107
2;2;40;19087
2;2;41;2334
2;2;42;5983
2;2;43;4957
2;2;44;29250
2;2;45;28125
2;2;46;5109
2;2;47;19155
2;2;48;5061
2;2;49;4991
2;2;50;6359
2;2;51;34121
2;2;52;5039
2;2;53;32559
2;2;54;1739
2;2;55;4783
2;2;56;6603
2;2;57;7541
2;2;58;4766
2;2;59;5127
2;2;60;5052
2;2;61;4903
2;2;62;5050
2;2;63;898
2;2;64;5861
2;2;65;5011
2;2;66;1826
2;2;67;4755
2;2;68;34841
2;2;69;8327
2;2;70;16607
2;2;71;338
2;2;72;4816
2;2;73;4895
2;2;74;30238
2;2;75;6272
2;2;76;1876
2;2;77;1875
2;2;78;5564
2;2;79;5142
2;2;80;31913
2;2;81;6144
2;2;82;5082
2;2;83;16697
2;2;84;6136
2;2;85;26064
2;2;86;5178
2;2;87;2697
2;2;88;1751
2;2;89;8414
2;2;90;5550
2;2;91;25100
2;2;92;5146
2;2;93;24125
2;2;94;32285
2;2;95;31548
2;2;96;15825
2;2;97;5351
2;2;98;4970
2;2;99;4838
2;2;100;7300
2;2;101;1760
2;2;102;1888
2;2;103;17262
2;2;104;30875
2;2;105;1995
2;2;106;5093
2;2;107;25860
2;2;108;576
2;2;109;0
2;2;110;4986
2;2;111;875
2;2;112;1774
2;2;113;317
2;2;114;33203
2;2;115;907
2;2;116;908
2;2;117;27189
2;2;118;32538
2;2;119;30872
2;2;120;32560
2;2;121;7814
2;2;122;7370
2;2;123;21179
2;2;124;969
2;2;125;6129
2;2;126;909
2;2;127;887
2;2;128;26248
2;2;129;7365
2;2;130;7371
2;2;131;29626
2;2;132;934
2;2;133;850
2;2;134;808
2;2;135;27137
2;2;136;1069
2;2;137;1085
2;2;138;844
2;2;139;30382
2;2;140;1223
2;2;141;930
2;2;142;7097
2;2;143;23922
2;2;144;733
2;2;145;18837
2;2;146;17379
2;2;147;23890
2;2;148;33996
2;2;149;812
2;2;150;1522
2;2;151;20328
2;2;152;7694
2;2;153;32694
2;2;154;8272
2;2;155;8584
2;2;156;0
1;3;1;25188
1;3;2;5215
1;3;3;34288
1;3;4;996
1;3;5;5878
1;3;6;972
1;3;7;27327
1;3;8;4907
1;3;9;6503
1;3;10;5542
1;3;11;31658
1;3;12;31661
1;3;13;31663
1;3;14;32823
1;3;15;33849
1;3;16;5111
1;3;17;28315
1;3;18;5204
1;3;19;6316
1;3;20;4985
1;3;21;5141
1;3;22;4773
1;3;23;5856
1;3;24;33024
1;3;25;1181
1;3;26;4956
1;3;27;5219
1;3;28;32102
1;3;29;4911
1;3;30;30229
1;3;31;5788
1;3;32;32778
1;3;33;20793
1;3;34;30968
1;3;35;4904
1;3;36;30710
1;3;37;2314
1;3;38;25195
1;3;39;21701
1;3;40;3046
1;3;41;21276
1;3;42;21807
1;3;43;20621
1;3;44;33425
1;3;45;31023
1;3;46;5221
1;3;47;29895
1;3;48;5226
1;3;49;5139
1;3;50;1378
1;3;51;1669
1;3;52;24389
1;3;53;27100
1;3;54;880
1;3;55;23880
1;3;56;16093
1;3;57;17665
1;3;58;1731
1;3;59;7070
1;3;60;642
1;3;61;960
1;3;62;31323
1;3;63;8188
1;3;64;20412
1;3;65;34424
1;3;66;508
1;3;67;817
1;3;68;701
1;3;69;7709
1;3;70;1043
1;3;71;1013
1;3;72;34306
1;3;73;3333
1;3;74;1584
1;3;75;24047
1;3;76;25908
1;3;77;27465
1;3;78;26414
1;3;79;14930
1;3;80;18835
1;3;81;26243
1;3;82;7610
1;3;83;29647
1;3;84;31152
1;3;85;34612
1;3;86;15180
1;3;87;7980
1;3;88;30824
1;3;89;16759
1;3;90;34669
1;3;91;30812
1;3;92;31151
1;3;93;1602
1;3;94;1064
1;3;95;881
1;3;96;1065
1;3;97;1015
1;3;98;8363
1;3;99;7747
1;3;100;27700
1;3;101;0
1;3;102;4734
1;3;103;7774
1;3;104;2836
1;3;105;5037
1;3;106;919
1;3;107;34909
1;3;108;19000
1;3;109;1188
1;3;110;1303
1;3;111;23955
1;3;112;23990
1;3;113;7083
1;3;114;4319
1;3;115;1518
1;3;116;34544
1;3;117;30157
1;3;118;0
2;3;1;5080
2;3;2;32946
2;3;3;8607
2;3;4;31469
2;3;5;8202
2;3;6;24180
2;3;7;25920
2;3;8;1934
2;3;9;33947
2;3;10;537
2;3;11;2740
2;3;12;622
2;3;13;4354
2;3;14;7237
2;3;15;25262
2;3;16;6248
2;3;17;584
2;3;18;23110
2;3;19;7714
2;3;20;6478
2;3;21;23155
2;3;22;526
2;3;23;2862
2;3;24;1324
2;3;25;538
2;3;26;34199
2;3;27;30814
2;3;28;30815
2;3;29;7072
2;3;30;7618
2;3;31;25776
2;3;32;8290
2;3;33;30411
2;3;34;7437
2;3;35;34593
2;3;36;23795
2;3;37;5303
2;3;38;15631
2;3;39;1720
2;3;40;32127
2;3;41;2212
2;3;42;7040
2;3;43;28061
2;3;44;2259
2;3;45;449
2;3;46;7314
2;3;47;6955
2;3;48;8201
2;3;49;7316
2;3;50;7730
2;3;51;32735
2;3;52;1155
2;3;53;31188
2;3;54;7011
2;3;55;624
2;3;56;22825
2;3;57;557
2;3;58;1017
2;3;59;1067
2;3;60;33206
2;3;61;32876
2;3;62;1583
2;3;63;32300
2;3;64;572
2;3;65;8234
2;3;66;5229
2;3;67;768
2;3;68;573
2;3;69;5682
2;3;70;30375
2;3;71;562
2;3;72;767
2;3;73;32562
2;3;74;25248
2;3;75;552
2;3;76;620
2;3;77;33976
2;3;78;27124
2;3;79;571
2;3;80;1000
2;3;81;4337
2;3;82;1213
2;3;83;7791
2;3;84;783
2;3;85;30657
2;3;86;7430
2;3;87;3295
2;3;88;997
2;3;89;1174
2;3;90;33840
2;3;91;1063
2;3;92;2652
2;3;93;33781
2;3;94;25584
2;3;95;1007
2;3;96;31507
2;3;97;34374
2;3;98;31608
2;3;99;0
2;3;100;33666
2;3;101;4858
2;3;102;24118
2;3;103;18967
2;3;104;30164
2;3;105;747
2;3;106;811
2;3;107;935
2;3;108;4088
2;3;109;7133
2;3;110;883
2;3;111;789
2;3;112;1241
2;3;113;1336
2;3;114;22253
2;3;115;868
2;3;116;2483
2;3;117;29975
2;3;118;33002
2;3;119;31588
2;3;120;766
2;3;121;6863
2;3;122;6169
2;3;123;2593
2;3;124;29744
2;3;125;1018
2;3;126;4454
2;3;127;28198
2;3;128;0
1;4;1;33236
1;4;2;1374
1;4;3;6168
1;4;4;6587
1;4;5;3349
1;4;6;5126
1;4;7;8030
1;4;8;18
1;4;9;1407
1;4;10;4875
1;4;11;4763
1;4;12;24162
1;4;13;5004
1;4;14;26079
1;4;15;4780
1;4;16;7953
1;4;17;31898
1;4;18;24120
1;4;19;7308
1;4;20;4804
1;4;21;30969
1;4;22;2306
1;4;23;7740
1;4;24;5166
1;4;25;23070
1;4;26;29266
1;4;27;1663
1;4;28;5787
1;4;29;5636
1;4;30;7104
1;4;31;5038
1;4;32;4981
1;4;33;4974
1;4;34;7355
1;4;35;24306
1;4;36;7359
1;4;37;7357
1;4;38;7372
1;4;39;1335
1;4;40;32079
1;4;41;3330
1;4;42;2241
1;4;43;8971
1;4;44;33904
1;4;45;21094
1;4;46;32109
1;4;47;7424
1;4;48;5473
1;4;49;22483
1;4;50;7374
1;4;51;7646
1;4;52;956
1;4;53;2741
1;4;54;7472
1;4;55;23726
1;4;56;34646
1;4;57;34650
1;4;58;7477
1;4;59;7315
1;4;60;5264
1;4;61;26046
1;4;62;19375
1;4;63;15674
1;4;64;18887
1;4;65;1247
1;4;66;24705
1;4;67;1246
1;4;68;23106
1;4;69;32096
1;4;70;31801
1;4;71;859
1;4;72;4736
1;4;73;1230
1;4;74;1599
1;4;75;1179
1;4;76;885
1;4;77;28702
1;4;78;5344
1;4;79;3322
1;4;80;32711
1;4;81;33070
1;4;82;0
1;4;83;21335
1;4;84;34762
1;4;85;661
1;4;86;2456
1;4;87;6828
1;4;88;24882
1;4;89;3348
1;4;90;33827
1;4;91;26070
1;4;92;804
1;4;93;1272
1;4;94;1332
1;4;95;31961
1;4;96;6360
1;4;97;1312
1;4;98;33162
1;4;99;26862
1;4;100;33926
1;4;101;24295
1;4;102;26706
1;4;103;30365
1;4;104;933
1;4;105;1211
1;4;106;4618
1;4;107;34366
1;4;108;1273
1;4;109;2939
1;4;110;1506
1;4;111;851
1;4;112;26190
1;4;113;29885
1;4;114;26401
1;4;115;31156
1;4;116;30825
1;4;117;6654
1;4;118;2516
1;4;119;1268
1;4;120;5036
1;4;121;1267
1;4;122;3134
1;4;123;891
1;4;124;34050
1;4;125;32973
1;4;126;30089
1;4;127;3357
1;4;128;15265
1;4;129;0
2;4;1;23728
2;4;2;4878
2;4;3;33104
2;4;4;839
2;4;5;5882
2;4;6;162
2;4;7;28007
2;4;8;836
2;4;9;3045
2;4;10;1590
2;4;11;34504
2;4;12;1603
2;4;13;8333
2;4;14;20453
2;4;15;20457
2;4;16;4367
2;4;17;33954
2;4;18;30242
2;4;19;6912
2;4;20;29204
2;4;21;24322
2;4;22;205
2;4;23;204
2;4;24;203
2;4;25;15168
2;4;26;1924
2;4;27;16326
2;4;28;31136
2;4;29;25082
2;4;30;1957
2;4;31;256
2;4;32;29246
2;4;33;21300
2;4;34;1269
2;4;35;25465
2;4;36;22147
2;4;37;5679
2;4;38;31900
2;4;39;24294
2;4;40;31904
2;4;41;1256
2;4;42;20963
2;4;43;24461
2;4;44;1334
2;4;45;785
2;4;46;1264
2;4;47;24044
2;4;48;24046
2;4;49;17541
2;4;50;1254
2;4;51;1255
2;4;52;32864
2;4;53;1066
2;4;54;5791
2;4;55;2728
2;4;56;4358
2;4;57;6139
2;4;58;853
2;4;59;23702
2;4;60;24358
2;4;61;1083
2;4;62;751
2;4;63;20419
2;4;64;2714
2;4;65;23852
2;4;66;26265
2;4;67;778
2;4;68;688
2;4;69;1041
2;4;70;882
2;4;71;1337
2;4;72;1189
2;4;73;17957
2;4;74;31517
2;4;75;30863
2;4;76;27158
2;4;77;17714
2;4;78;7184
2;4;79;16062
2;4;80;8435
2;4;81;30075
2;4;82;3197
2;4;83;32245
2;4;84;23086
2;4;85;6274
2;4;86;19168
2;4;87;4359
2;4;88;395
2;4;89;25704
2;4;90;5794
2;4;91;23590
2;4;92;34343
2;4;93;30440
2;4;94;0
2;4;95;21297
2;4;96;2094
2;4;97;22771
2;4;98;29839
2;4;99;30383
2;4;100;28517
2;4;101;24449
2;4;102;4357
2;4;103;4328
2;4;104;6527
2;4;105;4333
2;4;106;26373
2;4;107;31833
2;4;108;26317
2;4;109;19441
2;4;110;3209
2;4;111;6270
2;4;112;20844
2;4;113;6181
2;4;114;17733
2;4;115;1605
2;4;116;4318
2;4;117;6321
2;4;118;24330
2;4;119;18963
2;4;120;33951
2;4;121;25543
2;4;122;24229
2;4;123;26558
2;4;124;24042
2;4;125;5296
2;4;126;2511
2;4;127;0
1;5;1;33666
1;5;2;2188
1;5;3;2191
1;5;4;33306
1;5;5;33226
1;5;6;32245
1;5;7;33
1;5;8;31750
1;5;9;16067
1;5;10;31661
1;5;11;31663
1;5;12;31658
1;5;13;0
1;5;14;1178
1;5;15;18283
1;5;16;753
1;5;17;1331
1;5;18;23621
1;5;19;4153
1;5;20;23456
1;5;21;5553
1;5;22;6895
1;5;23;143
1;5;24;1228
1;5;25;16661
1;5;26;23160
1;5;27;18720
1;5;28;5297
1;5;29;27958
1;5;30;14927
1;5;31;15958
1;5;32;27561
1;5;33;5773
1;5;34;32261
1;5;35;32370
1;5;36;29892
1;5;37;121
1;5;38;33071
1;5;39;4576
1;5;40;8983
1;5;41;6322
1;5;42;2346
1;5;43;6428
1;5;44;34611
1;5;45;29399
1;5;46;29398
1;5;47;33513
1;5;48;15031
1;5;49;28985
1;5;50;5927
1;5;51;651
1;5;52;18996
1;5;53;21589
1;5;54;28367
1;5;55;7226
1;5;56;19186
1;5;57;32776
1;5;58;29598
1;5;59;1008
1;5;60;658
1;5;61;32985
1;5;62;927
1;5;63;32950
1;5;64;4881
1;5;65;5762
1;5;66;23862
1;5;67;25586
1;5;68;7706
1;5;69;19770
1;5;70;25505
1;5;71;5185
1;5;72;26763
1;5;73;846
1;5;74;984
1;5;75;34331
1;5;76;1526
1;5;77;24164
1;5;78;28546
1;5;79;6094
1;5;80;1139
1;5;81;31485
1;5;82;0
2;5;1;4524
2;5;2;809
2;5;3;21064
2;5;4;3238
2;5;5;4334
2;5;6;1566
2;5;7;27934
2;5;8;843
2;5;9;1640
2;5;10;945
2;5;11;16472
2;5;12;22341
2;5;13;27932
2;5;14;31027
2;5;15;1184
2;5;16;1010
2;5;17;810
2;5;18;31905
2;5;19;5298
2;5;20;18715
2;5;21;696
2;5;22;962
2;5;23;941
2;5;24;942
2;5;25;597
2;5;26;644
2;5;27;964
2;5;28;951
2;5;29;25743
2;5;30;23982
2;5;31;7205
2;5;32;4721
2;5;33;940
2;5;34;23988
2;5;35;8369
2;5;36;34389
2;5;37;32952
2;5;38;28987
2;5;39;8669
2;5;40;28043
2;5;41;5908
2;5;42;943
2;5;43;4340
2;5;44;15093
2;5;45;2340
2;5;46;32746
2;5;47;4953
2;5;48;981
2;5;49;19950
2;5;50;33953
2;5;51;993
2;5;52;5576
2;5;53;1200
2;5;54;24257
2;5;55;2524
2;5;56;29931
2;5;57;31051
2;5;58;24119
2;5;59;1005
2;5;60;952
2;5;61;944
2;5;62;30934
2;5;63;31189
2;5;64;32949
2;5;65;33003
2;5;66;34825
2;5;67;30190
2;5;68;30218
2;5;69;30243
2;5;70;30186
2;5;71;30160
2;5;72;30351
2;5;73;34197
2;5;74;30352
2;5;75;29943
2;5;76;25649
2;5;77;33839
2;5;78;946
2;5;79;29911
2;5;80;30199
2;5;81;30758
2;5;82;31047
2;5;83;33740
2;5;84;29973
2;5;85;17439
2;5;86;9016
2;5;87;950
2;5;88;948
2;5;89;949
2;5;90;21839
2;5;91;6813
2;5;92;959
2;5;93;890
2;5;94;958
2;5;95;23876
2;5;96;947
2;5;97;932
2;5;98;7867
2;5;99;6255
2;5;100;21147
2;5;101;33991
2;5;102;8492
2;5;103;6759
2;5;104;2840
2;5;105;8942
2;5;106;6378
2;5;107;8699
2;5;108;577
2;5;109;6064
2;5;110;32386
2;5;111;5532
2;5;112;34111
2;5;113;8316
2;5;114;32681
2;5;115;0
2;5;116;28899
2;5;117;31020
2;5;118;34684
2;5;119;28022
2;5;120;0
