1;1;1;29921
1;1;2;4994
1;1;3;19987
1;1;4;6217
1;1;5;24120
1;1;6;5012
1;1;7;30152
1;1;8;7308
1;1;9;5201
1;1;10;30969
1;1;11;2306
1;1;12;7740
1;1;13;4956
1;1;14;1181
1;1;15;34878
1;1;16;4815
1;1;17;32560
1;1;18;7355
1;1;19;24306
1;1;20;7372
1;1;21;7357
1;1;22;26248
1;1;23;7371
1;1;24;7359
1;1;25;2516
1;1;26;1269
1;1;27;22147
1;1;28;205
1;1;29;32245
1;1;30;1189
1;1;31;26265
1;1;32;3141
1;1;33;29839
1;1;34;18009
1;1;35;18006
1;1;36;1255
1;1;37;1268
1;1;38;5036
1;1;39;31156
1;1;40;30149
1;1;41;28007
1;1;42;1247
1;1;43;1246
1;1;44;4779
1;1;45;5792
1;1;46;32079
1;1;47;32096
1;1;48;1241
1;1;49;7133
1;1;50;21094
1;1;51;817
1;1;52;7720
1;1;53;4487
1;1;54;2741
1;1;55;835
1;1;56;31483
1;1;57;1174
1;1;58;141
1;1;59;574
1;1;60;1000
1;1;61;15674
1;1;62;550
1;1;63;23726
1;1;64;34650
1;1;65;34646
1;1;66;26046
1;1;67;24528
1;1;68;4974
1;1;69;6168
1;1;70;8365
1;1;71;0
1;1;72;2688
1;1;73;3223
1;1;74;4842
1;1;75;1594
1;1;76;28495
1;1;77;34672
1;1;78;2839
1;1;79;33236
1;1;80;33666
1;1;81;2699
1;1;82;6498
1;1;83;4579
1;1;84;1726
1;1;85;15767
1;1;86;22184
1;1;87;25213
1;1;88;28516
1;1;89;4825
1;1;90;26515
1;1;91;5209
1;1;92;24043
1;1;93;22704
1;1;94;1212
1;1;95;28784
1;1;96;29032
1;1;97;406
1;1;98;3219
1;1;99;20215
1;1;100;6771
1;1;101;2500
1;1;102;23596
1;1;103;21343
1;1;104;16908
1;1;105;16575
1;1;106;16919
1;1;107;7492
1;1;108;27965
1;1;109;4782
1;1;110;33686
1;1;111;30730
1;1;112;32774
1;1;113;26836
1;1;114;30026
1;1;115;114
1;1;116;15074
1;1;117;0
2;1;1;23728
2;1;2;23810
2;1;3;5053
2;1;4;27327
2;1;5;892
2;1;6;6587
2;1;7;33532
2;1;8;8418
2;1;9;4851
2;1;10;31663
2;1;11;31661
2;1;12;31658
2;1;13;4852
2;1;14;34458
2;1;15;2627
2;1;16;26241
2;1;17;6315
2;1;18;3292
2;1;19;4935
2;1;20;2682
2;1;21;2184
2;1;22;4749
2;1;23;8361
2;1;24;1903
2;1;25;2680
2;1;26;20512
2;1;27;4235
2;1;28;1585
2;1;29;2100
2;1;30;7309
2;1;31;18872
2;1;32;2091
2;1;33;4845
2;1;34;5232
2;1;35;4800
2;1;36;32809
2;1;37;28082
2;1;38;31267
2;1;39;603
2;1;40;4767
2;1;41;19836
2;1;42;3140
2;1;43;5063
2;1;44;4950
2;1;45;4746
2;1;46;21967
2;1;47;4774
2;1;48;4949
2;1;49;4823
2;1;50;5205
2;1;51;4829
2;1;52;7617
2;1;53;6340
2;1;54;24021
2;1;55;34762
2;1;56;4814
2;1;57;34582
2;1;58;4926
2;1;59;32813
2;1;60;4858
2;1;61;7753
2;1;62;4234
2;1;63;15911
2;1;64;839
2;1;65;31151
2;1;66;16132
2;1;67;1040
2;1;68;25745
2;1;69;4201
2;1;70;22751
2;1;71;936
2;1;72;29342
2;1;73;34814
2;1;74;31183
2;1;75;6828
2;1;76;2456
2;1;77;3348
2;1;78;27365
2;1;79;32895
2;1;80;30165
2;1;81;1221
2;1;82;1012
2;1;83;8131
2;1;84;31441
2;1;85;7979
2;1;86;5970
2;1;87;7137
2;1;88;23037
2;1;89;8269
2;1;90;25341
2;1;91;8233
2;1;92;8033
2;1;93;32168
2;1;94;34486
2;1;95;29087
2;1;96;7374
2;1;97;7646
2;1;98;27692
2;1;99;32109
2;1;100;0
2;1;101;32889
2;1;102;28825
2;1;103;4910
2;1;104;2949
2;1;105;4987
2;1;106;31461
2;1;107;5202
2;1;108;17201
2;1;109;3205
2;1;110;4992
2;1;111;5929
2;1;112;5128
2;1;113;4988
2;1;114;5407
2;1;115;5055
2;1;116;4740
2;1;117;28289
2;1;118;22171
2;1;119;5018
2;1;120;1732
2;1;121;5017
2;1;122;4978
2;1;123;6224
2;1;124;4763
2;1;125;5006
2;1;126;27613
2;1;127;1407
2;1;128;7211
2;1;129;4969
2;1;130;5009
2;1;131;4884
2;1;132;32702
2;1;133;4780
2;1;134;34739
2;1;135;6925
2;1;136;5888
2;1;137;7953
2;1;138;2539
2;1;139;3003
2;1;140;8141
2;1;141;5159
2;1;142;1771
2;1;143;5166
2;1;144;5092
2;1;145;5189
2;1;146;5362
2;1;147;1728
2;1;148;4958
2;1;149;26079
2;1;150;4844
2;1;151;17969
2;1;152;1758
2;1;153;8244
2;1;154;5097
2;1;155;2353
2;1;156;5729
2;1;157;8410
2;1;158;18
2;1;159;5004
2;1;160;4875
2;1;161;31898
2;1;162;31279
2;1;163;4798
2;1;164;34679
2;1;165;0
1;2;1;2188
1;2;2;2191
1;2;3;27934
1;2;4;27932
1;2;5;33318
1;2;6;865
1;2;7;18716
1;2;8;3329
1;2;9;1139
1;2;10;28546
1;2;11;24164
1;2;12;33306
1;2;13;33226
1;2;14;9490
1;2;15;8444
1;2;16;14927
1;2;17;31750
1;2;18;32245
1;2;19;33
1;2;20;24822
1;2;21;1068
1;2;22;1280
1;2;23;1066
1;2;24;32864
1;2;25;33985
1;2;26;20255
1;2;27;1272
1;2;28;8497
1;2;29;5793
1;2;30;730
1;2;31;19473
1;2;32;0
1;2;33;2836
1;2;34;28899
1;2;35;5804
1;2;36;3018
1;2;37;7104
1;2;38;6289
1;2;39;8413
1;2;40;820
1;2;41;2832
1;2;42;5048
1;2;43;5114
1;2;44;15487
1;2;45;6395
1;2;46;8319
1;2;47;1601
1;2;48;24078
1;2;49;4977
1;2;50;6887
1;2;51;1663
1;2;52;29266
1;2;53;5787
1;2;54;4750
1;2;55;6286
1;2;56;2316
1;2;57;29509
1;2;58;895
1;2;59;5005
1;2;60;5015
1;2;61;15458
1;2;62;4753
1;2;63;4350
1;2;64;4879
1;2;65;5224
1;2;66;34910
1;2;67;5339
1;2;68;15940
1;2;69;15426
1;2;70;1824
1;2;71;17095
1;2;72;6865
1;2;73;1772
1;2;74;22342
1;2;75;32606
1;2;76;6249
1;2;77;2621
1;2;78;32601
1;2;79;2698
1;2;80;4797
1;2;81;1895
1;2;82;5049
1;2;83;4896
1;2;84;26054
1;2;85;20010
1;2;86;4796
1;2;87;2707
1;2;88;6888
1;2;89;2757
1;2;90;1745
1;2;91;1734
1;2;92;1727
1;2;93;1805
1;2;94;1764
1;2;95;1755
1;2;96;31679
1;2;97;2300
1;2;98;15760
1;2;99;25969
1;2;100;122
1;2;101;33211
1;2;102;25678
1;2;103;34219
1;2;104;4752
1;2;105;19697
1;2;106;4838
1;2;107;4934
1;2;108;17907
1;2;109;6147
1;2;110;7480
1;2;111;1959
1;2;112;19377
1;2;113;5116
1;2;114;0
2;2;1;7161
2;2;2;20690
2;2;3;7941
2;2;4;16580
2;2;5;4831
2;2;6;32568
2;2;7;22296
2;2;8;4775
2;2;9;20231
2;2;10;30809
2;2;11;8368
2;2;12;15272
2;2;13;1625
2;2;14;19546
2;2;15;8211
2;2;16;4801
2;2;17;5190
2;2;18;4857
2;2;19;5105
2;2;20;4824
2;2;21;29035
2;2;22;5140
2;2;23;30528
2;2;24;5170
2;2;25;4955
2;2;26;5175
2;2;27;4945
2;2;28;5176
2;2;29;5239
2;2;30;4772
2;2;31;5832
2;2;32;29250
2;2;33;8412
2;2;34;5058
2;2;35;5144
2;2;36;5571
2;2;37;4608
2;2;38;5152
2;2;39;5107
2;2;40;19087
2;2;41;2334
2;2;42;5983
2;2;43;4957
2;2;44;28125
2;2;45;5109
2;2;46;5061
2;2;47;19155
2;2;48;6359
2;2;49;4991
2;2;50;34121
2;2;51;5039
2;2;52;32559
2;2;53;4783
2;2;54;1739
2;2;55;7541
2;2;56;6603
2;2;57;5050
2;2;58;4903
2;2;59;5052
2;2;60;5127
2;2;61;2697
2;2;62;898
2;2;63;5861
2;2;64;25100
2;2;65;5146
2;2;66;24125
2;2;67;8327
2;2;68;16607
2;2;69;338
2;2;70;4895
2;2;71;4816
2;2;72;30238
2;2;73;6272
2;2;74;1875
2;2;75;1876
2;2;76;5564
2;2;77;5142
2;2;78;31913
2;2;79;6144
2;2;80;5082
2;2;81;16697
2;2;82;6136
2;2;83;26064
2;2;84;5178
2;2;85;5011
2;2;86;5550
2;2;87;1751
2;2;88;8414
2;2;89;34841
2;2;90;4755
2;2;91;1826
2;2;92;4766
2;2;93;32285
2;2;94;31548
2;2;95;15825
2;2;96;5351
2;2;97;4970
2;2;98;7300
2;2;99;1760
2;2;100;25860
2;2;101;1995
2;2;102;17262
2;2;103;5093
2;2;104;30875
2;2;105;1888
2;2;106;576
2;2;107;0
2;2;108;4986
2;2;109;875
2;2;110;1774
2;2;111;30872
2;2;112;317
2;2;113;33203
2;2;114;907
2;2;115;908
2;2;116;27189
2;2;117;32538
2;2;118;7814
2;2;119;7370
2;2;120;7365
2;2;121;21179
2;2;122;909
2;2;123;969
2;2;124;6129
2;2;125;887
2;2;126;7373
2;2;127;16960
2;2;128;1085
2;2;129;808
2;2;130;850
2;2;131;27137
2;2;132;934
2;2;133;29626
2;2;134;1069
2;2;135;844
2;2;136;30382
2;2;137;1223
2;2;138;930
2;2;139;7097
2;2;140;23922
2;2;141;733
2;2;142;18837
2;2;143;17379
2;2;144;33996
2;2;145;956
2;2;146;1522
2;2;147;20328
2;2;148;7694
2;2;149;32694
2;2;150;8272
2;2;151;8584
2;2;152;0
1;3;1;33666
1;3;2;5215
1;3;3;996
1;3;4;5878
1;3;5;5139
1;3;6;34288
1;3;7;5037
1;3;8;4631
1;3;9;6503
1;3;10;31663
1;3;11;31661
1;3;12;31658
1;3;13;32823
1;3;14;5131
1;3;15;4907
1;3;16;5111
1;3;17;28315
1;3;18;5204
1;3;19;6316
1;3;20;5141
1;3;21;4985
1;3;22;4773
1;3;23;5856
1;3;24;33024
1;3;25;4751
1;3;26;5219
1;3;27;4911
1;3;28;32102
1;3;29;30229
1;3;30;5788
1;3;31;32778
1;3;32;4904
1;3;33;30968
1;3;34;20793
1;3;35;29895
1;3;36;2314
1;3;37;25195
1;3;38;21701
1;3;39;3046
1;3;40;21276
1;3;41;21807
1;3;42;20621
1;3;43;33425
1;3;44;31023
1;3;45;5221
1;3;46;30710
1;3;47;972
1;3;48;1378
1;3;49;1669
1;3;50;27100
1;3;51;24389
1;3;52;7424
1;3;53;23880
1;3;54;16093
1;3;55;17665
1;3;56;1731
1;3;57;7070
1;3;58;642
1;3;59;8188
1;3;60;31323
1;3;61;5473
1;3;62;960
1;3;63;508
1;3;64;20412
1;3;65;7505
1;3;66;701
1;3;67;34424
1;3;68;7709
1;3;69;1043
1;3;70;1013
1;3;71;34306
1;3;72;935
1;3;73;7083
1;3;74;1584
1;3;75;3333
1;3;76;24047
1;3;77;25908
1;3;78;27465
1;3;79;26414
1;3;80;14930
1;3;81;18835
1;3;82;26243
1;3;83;29647
1;3;84;7610
1;3;85;31152
1;3;86;34612
1;3;87;15180
1;3;88;7980
1;3;89;30824
1;3;90;16759
1;3;91;34669
1;3;92;30812
1;3;93;1602
1;3;94;881
1;3;95;1065
1;3;96;8363
1;3;97;1015
1;3;98;1064
1;3;99;7747
1;3;100;33104
1;3;101;0
1;3;102;33346
1;3;103;31020
1;3;104;19000
1;3;105;34909
1;3;106;919
1;3;107;661
1;3;108;1188
1;3;109;23955
1;3;110;23990
1;3;111;4319
1;3;112;1518
1;3;113;34544
1;3;114;30157
1;3;115;0
2;3;1;25188
2;3;2;361
2;3;3;4734
2;3;4;5080
2;3;5;32946
2;3;6;8607
2;3;7;31469
2;3;8;8202
2;3;9;24180
2;3;10;25920
2;3;11;30375
2;3;12;1934
2;3;13;7314
2;3;14;1517
2;3;15;2740
2;3;16;25262
2;3;17;622
2;3;18;7237
2;3;19;6248
2;3;20;4354
2;3;21;584
2;3;22;23110
2;3;23;7714
2;3;24;6478
2;3;25;23155
2;3;26;8290
2;3;27;30814
2;3;28;34199
2;3;29;7618
2;3;30;526
2;3;31;7072
2;3;32;30815
2;3;33;27124
2;3;34;1324
2;3;35;2862
2;3;36;30411
2;3;37;538
2;3;38;7437
2;3;39;2212
2;3;40;1720
2;3;41;32127
2;3;42;15631
2;3;43;34593
2;3;44;23795
2;3;45;5303
2;3;46;7040
2;3;47;28061
2;3;48;2259
2;3;49;620
2;3;50;449
2;3;51;33947
2;3;52;573
2;3;53;6955
2;3;54;7316
2;3;55;8201
2;3;56;5264
2;3;57;32735
2;3;58;1155
2;3;59;7315
2;3;60;31188
2;3;61;7011
2;3;62;22825
2;3;63;557
2;3;64;624
2;3;65;1017
2;3;66;1067
2;3;67;33206
2;3;68;32876
2;3;69;1583
2;3;70;32300
2;3;71;572
2;3;72;5229
2;3;73;8234
2;3;74;768
2;3;75;537
2;3;76;5682
2;3;77;562
2;3;78;767
2;3;79;32562
2;3;80;25248
2;3;81;552
2;3;82;33976
2;3;83;25776
2;3;84;571
2;3;85;4337
2;3;86;1213
2;3;87;7791
2;3;88;783
2;3;89;30657
2;3;90;7430
2;3;91;3295
2;3;92;997
2;3;93;23391
2;3;94;33840
2;3;95;25584
2;3;96;1063
2;3;97;2652
2;3;98;33781
2;3;99;1007
2;3;100;31507
2;3;101;34374
2;3;102;31608
2;3;103;0
2;3;104;29175
2;3;105;24118
2;3;106;18967
2;3;107;1303
2;3;108;30164
2;3;109;747
2;3;110;811
2;3;111;33904
2;3;112;883
2;3;113;789
2;3;114;20533
2;3;115;23106
2;3;116;1084
2;3;117;16673
2;3;118;1336
2;3;119;22253
2;3;120;868
2;3;121;29975
2;3;122;2483
2;3;123;1638
2;3;124;33002
2;3;125;31588
2;3;126;766
2;3;127;6863
2;3;128;6169
2;3;129;2593
2;3;130;1018
2;3;131;29744
2;3;132;4454
2;3;133;28198
2;3;134;0
1;4;1;34762
1;4;2;1374
1;4;3;795
1;4;4;6587
1;4;5;6010
1;4;6;325
1;4;7;8030
1;4;8;5636
1;4;9;5010
1;4;10;18
1;4;11;29730
1;4;12;5056
1;4;13;6809
1;4;14;4763
1;4;15;24162
1;4;16;26079
1;4;17;7953
1;4;18;28819
1;4;19;24120
1;4;20;7308
1;4;21;4804
1;4;22;30370
1;4;23;15142
1;4;24;2306
1;4;25;5555
1;4;26;7740
1;4;27;4748
1;4;28;23070
1;4;29;5126
1;4;30;3349
1;4;31;5038
1;4;32;4981
1;4;33;33849
1;4;34;24306
1;4;35;7359
1;4;36;7357
1;4;37;7355
1;4;38;1335
1;4;39;1247
1;4;40;32079
1;4;41;2241
1;4;42;3330
1;4;43;8971
1;4;44;4088
1;4;45;21094
1;4;46;32109
1;4;47;880
1;4;48;22483
1;4;49;7646
1;4;50;23890
1;4;51;812
1;4;52;7009
1;4;53;2741
1;4;54;7472
1;4;55;23726
1;4;56;34646
1;4;57;34650
1;4;58;7477
1;4;59;7730
1;4;60;26046
1;4;61;15674
1;4;62;19375
1;4;63;15945
1;4;64;18887
1;4;65;1246
1;4;66;24705
1;4;67;6260
1;4;68;859
1;4;69;31801
1;4;70;4736
1;4;71;1230
1;4;72;1599
1;4;73;23621
1;4;74;885
1;4;75;5344
1;4;76;28702
1;4;77;3322
1;4;78;32711
1;4;79;33070
1;4;80;18720
1;4;81;27958
1;4;82;0
1;4;83;7774
1;4;84;7772
1;4;85;21335
1;4;86;33236
1;4;87;5226
1;4;88;3308
1;4;89;24882
1;4;90;162
1;4;91;26070
1;4;92;804
1;4;93;33827
1;4;94;697
1;4;95;31961
1;4;96;33162
1;4;97;6360
1;4;98;1312
1;4;99;24295
1;4;100;33926
1;4;101;26706
1;4;102;30365
1;4;103;1211
1;4;104;933
1;4;105;4618
1;4;106;2939
1;4;107;1273
1;4;108;34366
1;4;109;1506
1;4;110;26190
1;4;111;29885
1;4;112;26401
1;4;113;31156
1;4;114;30825
1;4;115;1332
1;4;116;1278
1;4;117;26862
1;4;118;851
1;4;119;6654
1;4;120;1268
1;4;121;5036
1;4;122;29893
1;4;123;1267
1;4;124;3134
1;4;125;32973
1;4;126;891
1;4;127;1254
1;4;128;3357
1;4;129;15265
1;4;130;0
2;4;1;363
2;4;2;4878
2;4;3;27700
2;4;4;5882
2;4;5;28007
2;4;6;836
2;4;7;3045
2;4;8;1590
2;4;9;34504
2;4;10;1603
2;4;11;8333
2;4;12;20453
2;4;13;20457
2;4;14;6912
2;4;15;29204
2;4;16;30242
2;4;17;4367
2;4;18;33954
2;4;19;24322
2;4;20;205
2;4;21;203
2;4;22;204
2;4;23;21297
2;4;24;28517
2;4;25;15168
2;4;26;1924
2;4;27;31136
2;4;28;16326
2;4;29;25082
2;4;30;1957
2;4;31;29246
2;4;32;256
2;4;33;25465
2;4;34;8331
2;4;35;21300
2;4;36;31904
2;4;37;5679
2;4;38;20963
2;4;39;31900
2;4;40;24294
2;4;41;24461
2;4;42;1256
2;4;43;34050
2;4;44;785
2;4;45;1264
2;4;46;24046
2;4;47;24044
2;4;48;17541
2;4;49;1334
2;4;50;2728
2;4;51;5791
2;4;52;4358
2;4;53;23702
2;4;54;6139
2;4;55;853
2;4;56;1255
2;4;57;24358
2;4;58;30089
2;4;59;1083
2;4;60;751
2;4;61;20419
2;4;62;2714
2;4;63;23852
2;4;64;24449
2;4;65;688
2;4;66;1041
2;4;67;882
2;4;68;1337
2;4;69;31025
2;4;70;31833
2;4;71;17957
2;4;72;31517
2;4;73;30863
2;4;74;27158
2;4;75;17714
2;4;76;7184
2;4;77;16062
2;4;78;8435
2;4;79;30075
2;4;80;3197
2;4;81;23086
2;4;82;32245
2;4;83;6274
2;4;84;4359
2;4;85;19168
2;4;86;395
2;4;87;25704
2;4;88;5794
2;4;89;23590
2;4;90;34343
2;4;91;30440
2;4;92;0
2;4;93;23728
2;4;94;2094
2;4;95;30383
2;4;96;22771
2;4;97;29839
2;4;98;778
2;4;99;4357
2;4;100;4328
2;4;101;6527
2;4;102;4333
2;4;103;26373
2;4;104;26317
2;4;105;19441
2;4;106;20844
2;4;107;3209
2;4;108;6270
2;4;109;6181
2;4;110;17733
2;4;111;33951
2;4;112;1605
2;4;113;4318
2;4;114;6321
2;4;115;18963
2;4;116;24330
2;4;117;25543
2;4;118;27561
2;4;119;24229
2;4;120;2511
2;4;121;24042
2;4;122;5296
2;4;123;26558
2;4;124;0
1;5;1;33666
1;5;2;2188
1;5;3;2191
1;5;4;33306
1;5;5;33226
1;5;6;32245
1;5;7;33
1;5;8;31750
1;5;9;16067
1;5;10;5297
1;5;11;31663
1;5;12;5542
1;5;13;31661
1;5;14;31658
1;5;15;0
1;5;16;358
1;5;17;1854
1;5;18;1178
1;5;19;18283
1;5;20;753
1;5;21;1331
1;5;22;1179
1;5;23;4153
1;5;24;23456
1;5;25;5553
1;5;26;6895
1;5;27;143
1;5;28;1228
1;5;29;23160
1;5;30;16661
1;5;31;15958
1;5;32;14927
1;5;33;5773
1;5;34;32261
1;5;35;32370
1;5;36;33071
1;5;37;4576
1;5;38;29892
1;5;39;121
1;5;40;8983
1;5;41;6322
1;5;42;34611
1;5;43;2346
1;5;44;6428
1;5;45;29399
1;5;46;29398
1;5;47;33513
1;5;48;15031
1;5;49;28985
1;5;50;5927
1;5;51;651
1;5;52;18996
1;5;53;21589
1;5;54;28367
1;5;55;7226
1;5;56;19186
1;5;57;32776
1;5;58;29598
1;5;59;1008
1;5;60;32985
1;5;61;658
1;5;62;927
1;5;63;32950
1;5;64;4881
1;5;65;6813
1;5;66;5762
1;5;67;21839
1;5;68;23862
1;5;69;19770
1;5;70;25586
1;5;71;7706
1;5;72;984
1;5;73;26763
1;5;74;24590
1;5;75;846
1;5;76;5185
1;5;77;34331
1;5;78;1526
1;5;79;25505
1;5;80;8409
1;5;81;28546
1;5;82;3115
1;5;83;6094
1;5;84;31485
1;5;85;0
2;5;1;4524
2;5;2;24163
2;5;3;809
2;5;4;21064
2;5;5;3238
2;5;6;4334
2;5;7;1566
2;5;8;27934
2;5;9;843
2;5;10;1640
2;5;11;945
2;5;12;16472
2;5;13;22341
2;5;14;27932
2;5;15;31027
2;5;16;1184
2;5;17;1010
2;5;18;810
2;5;19;31905
2;5;20;18715
2;5;21;696
2;5;22;5298
2;5;23;941
2;5;24;962
2;5;25;942
2;5;26;597
2;5;27;644
2;5;28;964
2;5;29;24119
2;5;30;951
2;5;31;1005
2;5;32;7205
2;5;33;4721
2;5;34;23988
2;5;35;940
2;5;36;8369
2;5;37;34389
2;5;38;32952
2;5;39;28043
2;5;40;8669
2;5;41;28987
2;5;42;32746
2;5;43;943
2;5;44;5908
2;5;45;4340
2;5;46;15093
2;5;47;2340
2;5;48;4953
2;5;49;981
2;5;50;19950
2;5;51;33953
2;5;52;993
2;5;53;5576
2;5;54;24257
2;5;55;1200
2;5;56;2524
2;5;57;29931
2;5;58;31051
2;5;59;25743
2;5;60;23982
2;5;61;952
2;5;62;944
2;5;63;30934
2;5;64;31189
2;5;65;32949
2;5;66;33003
2;5;67;30190
2;5;68;34825
2;5;69;30218
2;5;70;30243
2;5;71;30352
2;5;72;30160
2;5;73;30186
2;5;74;30351
2;5;75;34197
2;5;76;29943
2;5;77;25649
2;5;78;33839
2;5;79;946
2;5;80;29911
2;5;81;30199
2;5;82;31047
2;5;83;9016
2;5;84;30758
2;5;85;29973
2;5;86;17439
2;5;87;33740
2;5;88;948
2;5;89;950
2;5;90;949
2;5;91;959
2;5;92;958
2;5;93;890
2;5;94;23876
2;5;95;947
2;5;96;932
2;5;97;7867
2;5;98;6255
2;5;99;21147
2;5;100;33991
2;5;101;8492
2;5;102;6759
2;5;103;2840
2;5;104;8942
2;5;105;6378
2;5;106;8699
2;5;107;577
2;5;108;6064
2;5;109;32386
2;5;110;5532
2;5;111;34111
2;5;112;8316
2;5;113;32681
2;5;114;0
2;5;115;28022
2;5;116;34684
2;5;117;0
