1;1;1;29921
1;1;2;4994
1;1;3;5729
1;1;4;19987
1;1;5;5888
1;1;6;6217
1;1;7;24120
1;1;8;5012
1;1;9;30152
1;1;10;7308
1;1;11;5201
1;1;12;30969
1;1;13;2306
1;1;14;7740
1;1;15;4956
1;1;16;1181
1;1;17;24078
1;1;18;4815
1;1;19;32560
1;1;20;7355
1;1;21;24306
1;1;22;7372
1;1;23;7357
1;1;24;7371
1;1;25;7359
1;1;26;2516
1;1;27;8331
1;1;28;22147
1;1;29;205
1;1;30;32245
1;1;31;1189
1;1;32;26265
1;1;33;3141
1;1;34;29839
1;1;35;18006
1;1;36;18009
1;1;37;1255
1;1;38;1268
1;1;39;5036
1;1;40;31156
1;1;41;30149
1;1;42;28007
1;1;43;4779
1;1;44;1246
1;1;45;1247
1;1;46;5792
1;1;47;32079
1;1;48;32096
1;1;49;1241
1;1;50;7133
1;1;51;21094
1;1;52;7505
1;1;53;817
1;1;54;7720
1;1;55;4487
1;1;56;2741
1;1;57;8233
1;1;58;835
1;1;59;31483
1;1;60;1174
1;1;61;141
1;1;62;1000
1;1;63;574
1;1;64;15674
1;1;65;550
1;1;66;23726
1;1;67;34650
1;1;68;34646
1;1;69;26046
1;1;70;4974
1;1;71;6168
1;1;72;8365
1;1;73;0
1;1;74;7772
1;1;75;31020
1;1;76;28495
1;1;77;1594
1;1;78;4842
1;1;79;2839
1;1;80;34672
1;1;81;33236
1;1;82;2688
1;1;83;33666
1;1;84;2699
1;1;85;6498
1;1;86;4579
1;1;87;1726
1;1;88;15767
1;1;89;22184
1;1;90;4782
1;1;91;4825
1;1;92;30026
1;1;93;26515
1;1;94;7492
1;1;95;20215
1;1;96;3219
1;1;97;1212
1;1;98;29032
1;1;99;28784
1;1;100;21343
1;1;101;23596
1;1;102;406
1;1;103;26836
1;1;104;2500
1;1;105;27965
1;1;106;25213
1;1;107;24043
1;1;108;5209
1;1;109;6771
1;1;110;30730
1;1;111;16919
1;1;112;16908
1;1;113;33686
1;1;114;16575
1;1;115;32774
1;1;116;28516
1;1;117;114
1;1;118;15074
1;1;119;22704
1;1;120;0
2;1;1;363
2;1;2;23728
2;1;3;5226
2;1;4;23810
2;1;5;5053
2;1;6;27327
2;1;7;4800
2;1;8;892
2;1;9;6587
2;1;10;8418
2;1;11;4851
2;1;12;31663
2;1;13;31661
2;1;14;31658
2;1;15;4852
2;1;16;34458
2;1;17;2627
2;1;18;26241
2;1;19;6315
2;1;20;4935
2;1;21;3292
2;1;22;2682
2;1;23;2184
2;1;24;4749
2;1;25;1903
2;1;26;8361
2;1;27;2680
2;1;28;20512
2;1;29;4235
2;1;30;1585
2;1;31;2100
2;1;32;7309
2;1;33;18872
2;1;34;2091
2;1;35;4845
2;1;36;5232
2;1;37;33532
2;1;38;4631
2;1;39;32809
2;1;40;28082
2;1;41;31267
2;1;42;4746
2;1;43;603
2;1;44;19836
2;1;45;4767
2;1;46;5063
2;1;47;4950
2;1;48;21967
2;1;49;3140
2;1;50;4774
2;1;51;4949
2;1;52;4823
2;1;53;5205
2;1;54;4829
2;1;55;7617
2;1;56;6340
2;1;57;24021
2;1;58;34762
2;1;59;4814
2;1;60;34582
2;1;61;4926
2;1;62;32813
2;1;63;7753
2;1;64;4234
2;1;65;15911
2;1;66;839
2;1;67;31151
2;1;68;16132
2;1;69;1040
2;1;70;25745
2;1;71;4201
2;1;72;936
2;1;73;22751
2;1;74;29342
2;1;75;34814
2;1;76;31183
2;1;77;6828
2;1;78;2456
2;1;79;3348
2;1;80;27365
2;1;81;32895
2;1;82;1221
2;1;83;1012
2;1;84;8131
2;1;85;30165
2;1;86;7979
2;1;87;5970
2;1;88;7137
2;1;89;31441
2;1;90;23037
2;1;91;8269
2;1;92;25341
2;1;93;8033
2;1;94;32168
2;1;95;34486
2;1;96;29087
2;1;97;7374
2;1;98;7646
2;1;99;22483
2;1;100;32109
2;1;101;0
2;1;102;32889
2;1;103;28825
2;1;104;4910
2;1;105;2949
2;1;106;4987
2;1;107;31461
2;1;108;5202
2;1;109;17201
2;1;110;3205
2;1;111;4992
2;1;112;5929
2;1;113;5128
2;1;114;4988
2;1;115;5407
2;1;116;5055
2;1;117;4740
2;1;118;28289
2;1;119;22171
2;1;120;5018
2;1;121;1732
2;1;122;5017
2;1;123;4978
2;1;124;6224
2;1;125;4763
2;1;126;5006
2;1;127;24162
2;1;128;1407
2;1;129;4780
2;1;130;6925
2;1;131;4969
2;1;132;4884
2;1;133;32702
2;1;134;31898
2;1;135;7953
2;1;136;34739
2;1;137;31279
2;1;138;7211
2;1;139;2539
2;1;140;3003
2;1;141;8141
2;1;142;5159
2;1;143;1771
2;1;144;5166
2;1;145;5092
2;1;146;5189
2;1;147;5362
2;1;148;1728
2;1;149;4958
2;1;150;26079
2;1;151;4844
2;1;152;17969
2;1;153;1758
2;1;154;8244
2;1;155;5097
2;1;156;2353
2;1;157;8410
2;1;158;18
2;1;159;5004
2;1;160;4875
2;1;161;5009
2;1;162;4798
2;1;163;34679
2;1;164;0
1;2;1;2188
1;2;2;2191
1;2;3;27934
1;2;4;27932
1;2;5;33318
1;2;6;865
1;2;7;18716
1;2;8;3329
1;2;9;3115
1;2;10;28546
1;2;11;24164
1;2;12;33306
1;2;13;33226
1;2;14;9490
1;2;15;8444
1;2;16;14927
1;2;17;31750
1;2;18;32245
1;2;19;33
1;2;20;24822
1;2;21;1068
1;2;22;1280
1;2;23;1066
1;2;24;32864
1;2;25;33985
1;2;26;20255
1;2;27;1272
1;2;28;8497
1;2;29;5793
1;2;30;730
1;2;31;19473
1;2;32;0
1;2;33;358
1;2;34;2836
1;2;35;25188
1;2;36;28899
1;2;37;5804
1;2;38;3018
1;2;39;7104
1;2;40;3349
1;2;41;8413
1;2;42;6289
1;2;43;2832
1;2;44;5048
1;2;45;5114
1;2;46;15487
1;2;47;6395
1;2;48;8319
1;2;49;1601
1;2;50;34878
1;2;51;33024
1;2;52;4977
1;2;53;6887
1;2;54;1663
1;2;55;29266
1;2;56;5787
1;2;57;4750
1;2;58;6286
1;2;59;2316
1;2;60;29509
1;2;61;5005
1;2;62;895
1;2;63;4753
1;2;64;15458
1;2;65;5015
1;2;66;4350
1;2;67;4879
1;2;68;5224
1;2;69;34910
1;2;70;5339
1;2;71;15940
1;2;72;15426
1;2;73;1824
1;2;74;17095
1;2;75;6865
1;2;76;1772
1;2;77;22342
1;2;78;2621
1;2;79;32606
1;2;80;6249
1;2;81;32601
1;2;82;2698
1;2;83;4797
1;2;84;5049
1;2;85;26054
1;2;86;1895
1;2;87;4896
1;2;88;20010
1;2;89;4796
1;2;90;1764
1;2;91;1727
1;2;92;2757
1;2;93;2707
1;2;94;1734
1;2;95;1745
1;2;96;1805
1;2;97;1755
1;2;98;6888
1;2;99;15142
1;2;100;31679
1;2;101;2300
1;2;102;15760
1;2;103;25969
1;2;104;122
1;2;105;33211
1;2;106;25678
1;2;107;34219
1;2;108;4752
1;2;109;19697
1;2;110;4838
1;2;111;4934
1;2;112;17907
1;2;113;6147
1;2;114;7480
1;2;115;1959
1;2;116;19377
1;2;117;5116
1;2;118;0
2;2;1;7161
2;2;2;20690
2;2;3;7941
2;2;4;16580
2;2;5;4831
2;2;6;32568
2;2;7;22296
2;2;8;4775
2;2;9;20231
2;2;10;30809
2;2;11;8368
2;2;12;15272
2;2;13;1625
2;2;14;19546
2;2;15;8211
2;2;16;4801
2;2;17;5190
2;2;18;4857
2;2;19;5105
2;2;20;4824
2;2;21;29035
2;2;22;5140
2;2;23;30528
2;2;24;5170
2;2;25;4955
2;2;26;5175
2;2;27;5176
2;2;28;4945
2;2;29;5239
2;2;30;4772
2;2;31;5832
2;2;32;29250
2;2;33;8412
2;2;34;5058
2;2;35;5144
2;2;36;5571
2;2;37;4608
2;2;38;5152
2;2;39;5107
2;2;40;19087
2;2;41;2334
2;2;42;5983
2;2;43;4957
2;2;44;28125
2;2;45;5109
2;2;46;5061
2;2;47;19155
2;2;48;6359
2;2;49;4991
2;2;50;34121
2;2;51;5039
2;2;52;32559
2;2;53;1739
2;2;54;4783
2;2;55;7541
2;2;56;6603
2;2;57;5050
2;2;58;4903
2;2;59;5052
2;2;60;5127
2;2;61;898
2;2;62;5861
2;2;63;25100
2;2;64;5146
2;2;65;24125
2;2;66;4755
2;2;67;16607
2;2;68;338
2;2;69;4895
2;2;70;4816
2;2;71;30238
2;2;72;6272
2;2;73;1875
2;2;74;1876
2;2;75;5564
2;2;76;5142
2;2;77;31913
2;2;78;6144
2;2;79;5082
2;2;80;16697
2;2;81;6136
2;2;82;26064
2;2;83;5178
2;2;84;2697
2;2;85;5011
2;2;86;5550
2;2;87;1751
2;2;88;8414
2;2;89;34841
2;2;90;8327
2;2;91;1826
2;2;92;4766
2;2;93;32285
2;2;94;31548
2;2;95;15825
2;2;96;5351
2;2;97;4970
2;2;98;7300
2;2;99;1760
2;2;100;1888
2;2;101;1995
2;2;102;25860
2;2;103;17262
2;2;104;5093
2;2;105;30875
2;2;106;576
2;2;107;0
2;2;108;4986
2;2;109;875
2;2;110;1774
2;2;111;30872
2;2;112;317
2;2;113;33203
2;2;114;27189
2;2;115;908
2;2;116;907
2;2;117;32538
2;2;118;7814
2;2;119;7370
2;2;120;7365
2;2;121;21179
2;2;122;909
2;2;123;969
2;2;124;6129
2;2;125;887
2;2;126;7373
2;2;127;26248
2;2;128;1085
2;2;129;808
2;2;130;850
2;2;131;27137
2;2;132;934
2;2;133;29626
2;2;134;1069
2;2;135;844
2;2;136;30382
2;2;137;1223
2;2;138;930
2;2;139;7097
2;2;140;23922
2;2;141;733
2;2;142;18837
2;2;143;17379
2;2;144;7009
2;2;145;956
2;2;146;1522
2;2;147;20328
2;2;148;7694
2;2;149;32694
2;2;150;8272
2;2;151;8584
2;2;152;0
1;3;1;33666
1;3;2;5215
1;3;3;996
1;3;4;5878
1;3;5;5139
1;3;6;4858
1;3;7;5037
1;3;8;31663
1;3;9;6503
1;3;10;31661
1;3;11;31658
1;3;12;32823
1;3;13;5131
1;3;14;4907
1;3;15;5111
1;3;16;28315
1;3;17;5204
1;3;18;6316
1;3;19;5141
1;3;20;4985
1;3;21;4773
1;3;22;5856
1;3;23;4751
1;3;24;5219
1;3;25;4911
1;3;26;32102
1;3;27;30229
1;3;28;5788
1;3;29;32778
1;3;30;4904
1;3;31;30968
1;3;32;20793
1;3;33;29895
1;3;34;2314
1;3;35;25195
1;3;36;21701
1;3;37;3046
1;3;38;21276
1;3;39;21807
1;3;40;20621
1;3;41;33425
1;3;42;31023
1;3;43;5221
1;3;44;30710
1;3;45;4878
1;3;46;972
1;3;47;29175
1;3;48;1378
1;3;49;1669
1;3;50;27100
1;3;51;24389
1;3;52;7424
1;3;53;23880
1;3;54;16093
1;3;55;17665
1;3;56;1731
1;3;57;7070
1;3;58;642
1;3;59;31323
1;3;60;5473
1;3;61;960
1;3;62;8188
1;3;63;508
1;3;64;701
1;3;65;20412
1;3;66;34424
1;3;67;7709
1;3;68;1043
1;3;69;1013
1;3;70;34306
1;3;71;935
1;3;72;7083
1;3;73;1584
1;3;74;3333
1;3;75;24047
1;3;76;25908
1;3;77;27465
1;3;78;26414
1;3;79;14930
1;3;80;18835
1;3;81;26243
1;3;82;29647
1;3;83;7610
1;3;84;31152
1;3;85;34612
1;3;86;15180
1;3;87;7980
1;3;88;30824
1;3;89;16759
1;3;90;34669
1;3;91;30812
1;3;92;881
1;3;93;1065
1;3;94;8363
1;3;95;1015
1;3;96;1064
1;3;97;7747
1;3;98;33104
1;3;99;0
1;3;100;3223
1;3;101;19000
1;3;102;34909
1;3;103;919
1;3;104;661
1;3;105;1188
1;3;106;1303
1;3;107;23955
1;3;108;23990
1;3;109;4319
1;3;110;1518
1;3;111;34544
1;3;112;30157
1;3;113;0
2;3;1;4734
2;3;2;361
2;3;3;5080
2;3;4;32946
2;3;5;8607
2;3;6;24528
2;3;7;31469
2;3;8;8202
2;3;9;24180
2;3;10;25920
2;3;11;30375
2;3;12;1934
2;3;13;33947
2;3;14;573
2;3;15;1517
2;3;16;2740
2;3;17;622
2;3;18;25262
2;3;19;7237
2;3;20;6248
2;3;21;4354
2;3;22;584
2;3;23;23110
2;3;24;7714
2;3;25;6478
2;3;26;23155
2;3;27;30814
2;3;28;7072
2;3;29;526
2;3;30;30815
2;3;31;8290
2;3;32;34199
2;3;33;25776
2;3;34;2862
2;3;35;7618
2;3;36;33976
2;3;37;27124
2;3;38;538
2;3;39;7437
2;3;40;2212
2;3;41;1720
2;3;42;32127
2;3;43;34593
2;3;44;15631
2;3;45;23795
2;3;46;5303
2;3;47;7040
2;3;48;28061
2;3;49;2259
2;3;50;620
2;3;51;449
2;3;52;7314
2;3;53;6955
2;3;54;7316
2;3;55;8201
2;3;56;5264
2;3;57;7315
2;3;58;1155
2;3;59;32735
2;3;60;31188
2;3;61;7011
2;3;62;22825
2;3;63;557
2;3;64;624
2;3;65;1017
2;3;66;1067
2;3;67;33206
2;3;68;32876
2;3;69;1583
2;3;70;32300
2;3;71;572
2;3;72;5229
2;3;73;8234
2;3;74;768
2;3;75;537
2;3;76;5682
2;3;77;562
2;3;78;767
2;3;79;32562
2;3;80;25248
2;3;81;552
2;3;82;30411
2;3;83;1324
2;3;84;571
2;3;85;4337
2;3;86;1213
2;3;87;7791
2;3;88;783
2;3;89;30657
2;3;90;7430
2;3;91;3295
2;3;92;997
2;3;93;23391
2;3;94;33840
2;3;95;25584
2;3;96;1063
2;3;97;2652
2;3;98;33781
2;3;99;1007
2;3;100;31507
2;3;101;34374
2;3;102;31608
2;3;103;0
2;3;104;34288
2;3;105;24118
2;3;106;18967
2;3;107;30164
2;3;108;747
2;3;109;811
2;3;110;33904
2;3;111;883
2;3;112;789
2;3;113;20533
2;3;114;23106
2;3;115;1084
2;3;116;16673
2;3;117;1336
2;3;118;22253
2;3;119;868
2;3;120;2483
2;3;121;29975
2;3;122;1638
2;3;123;33002
2;3;124;31588
2;3;125;766
2;3;126;6863
2;3;127;6169
2;3;128;2593
2;3;129;1018
2;3;130;29744
2;3;131;4454
2;3;132;28198
2;3;133;0
1;4;1;34762
1;4;2;1374
1;4;3;795
1;4;4;6587
1;4;5;6010
1;4;6;325
1;4;7;8030
1;4;8;5636
1;4;9;5010
1;4;10;18
1;4;11;29730
1;4;12;5056
1;4;13;6809
1;4;14;4763
1;4;15;27613
1;4;16;26079
1;4;17;7953
1;4;18;28819
1;4;19;24120
1;4;20;7308
1;4;21;4804
1;4;22;30370
1;4;23;2306
1;4;24;5555
1;4;25;7740
1;4;26;4748
1;4;27;23070
1;4;28;5126
1;4;29;820
1;4;30;5038
1;4;31;4981
1;4;32;33849
1;4;33;24306
1;4;34;7359
1;4;35;7357
1;4;36;7355
1;4;37;16960
1;4;38;1335
1;4;39;1247
1;4;40;32079
1;4;41;2241
1;4;42;3330
1;4;43;8971
1;4;44;4088
1;4;45;21094
1;4;46;32109
1;4;47;880
1;4;48;27692
1;4;49;7646
1;4;50;23890
1;4;51;812
1;4;52;33996
1;4;53;2741
1;4;54;7472
1;4;55;23726
1;4;56;34646
1;4;57;34650
1;4;58;7477
1;4;59;7730
1;4;60;26046
1;4;61;15674
1;4;62;19375
1;4;63;15945
1;4;64;18887
1;4;65;1246
1;4;66;24705
1;4;67;6260
1;4;68;859
1;4;69;31801
1;4;70;4736
1;4;71;1230
1;4;72;1599
1;4;73;23621
1;4;74;885
1;4;75;5344
1;4;76;28702
1;4;77;3322
1;4;78;32711
1;4;79;33070
1;4;80;18720
1;4;81;27958
1;4;82;0
1;4;83;7774
1;4;84;21335
1;4;85;33236
1;4;86;3308
1;4;87;24882
1;4;88;162
1;4;89;26070
1;4;90;804
1;4;91;33827
1;4;92;697
1;4;93;31961
1;4;94;33162
1;4;95;6360
1;4;96;1312
1;4;97;24295
1;4;98;33926
1;4;99;26706
1;4;100;30365
1;4;101;1211
1;4;102;933
1;4;103;34366
1;4;104;2939
1;4;105;1273
1;4;106;851
1;4;107;4618
1;4;108;26190
1;4;109;29885
1;4;110;26401
1;4;111;31156
1;4;112;30825
1;4;113;1332
1;4;114;1278
1;4;115;26862
1;4;116;1506
1;4;117;6654
1;4;118;1268
1;4;119;5036
1;4;120;29893
1;4;121;1267
1;4;122;24358
1;4;123;1254
1;4;124;3134
1;4;125;1334
1;4;126;3357
1;4;127;15265
1;4;128;0
2;4;1;27700
2;4;2;1602
2;4;3;5882
2;4;4;28007
2;4;5;836
2;4;6;3045
2;4;7;1590
2;4;8;34504
2;4;9;1603
2;4;10;8333
2;4;11;20457
2;4;12;20453
2;4;13;6912
2;4;14;29204
2;4;15;30242
2;4;16;4367
2;4;17;33954
2;4;18;24322
2;4;19;205
2;4;20;204
2;4;21;203
2;4;22;21297
2;4;23;28517
2;4;24;15168
2;4;25;1924
2;4;26;31136
2;4;27;16326
2;4;28;25082
2;4;29;1957
2;4;30;29246
2;4;31;256
2;4;32;25465
2;4;33;1269
2;4;34;21300
2;4;35;1256
2;4;36;24461
2;4;37;5679
2;4;38;20963
2;4;39;31900
2;4;40;24294
2;4;41;31904
2;4;42;32973
2;4;43;34050
2;4;44;785
2;4;45;1264
2;4;46;24044
2;4;47;24046
2;4;48;17541
2;4;49;891
2;4;50;2728
2;4;51;5791
2;4;52;4358
2;4;53;23702
2;4;54;6139
2;4;55;853
2;4;56;1255
2;4;57;30089
2;4;58;1083
2;4;59;751
2;4;60;20419
2;4;61;2714
2;4;62;23852
2;4;63;24449
2;4;64;688
2;4;65;1041
2;4;66;882
2;4;67;1337
2;4;68;31025
2;4;69;31833
2;4;70;17957
2;4;71;31517
2;4;72;30863
2;4;73;27158
2;4;74;17714
2;4;75;24229
2;4;76;7184
2;4;77;16062
2;4;78;8435
2;4;79;30075
2;4;80;3197
2;4;81;23086
2;4;82;32245
2;4;83;6274
2;4;84;4359
2;4;85;19168
2;4;86;395
2;4;87;25704
2;4;88;5794
2;4;89;23590
2;4;90;34343
2;4;91;25543
2;4;92;30440
2;4;93;0
2;4;94;23728
2;4;95;2094
2;4;96;29839
2;4;97;22771
2;4;98;30383
2;4;99;778
2;4;100;4357
2;4;101;4328
2;4;102;6527
2;4;103;4333
2;4;104;26373
2;4;105;26317
2;4;106;19441
2;4;107;20844
2;4;108;3209
2;4;109;6270
2;4;110;6181
2;4;111;17733
2;4;112;33951
2;4;113;1605
2;4;114;4318
2;4;115;6321
2;4;116;24330
2;4;117;18963
2;4;118;27561
2;4;119;2511
2;4;120;24042
2;4;121;5296
2;4;122;26558
2;4;123;0
1;5;1;33666
1;5;2;2188
1;5;3;2191
1;5;4;33306
1;5;5;33226
1;5;6;32245
1;5;7;33
1;5;8;31750
1;5;9;16067
1;5;10;5297
1;5;11;31658
1;5;12;5542
1;5;13;31661
1;5;14;31663
1;5;15;0
1;5;16;1854
1;5;17;1178
1;5;18;18283
1;5;19;753
1;5;20;1331
1;5;21;1179
1;5;22;4153
1;5;23;23456
1;5;24;5553
1;5;25;6895
1;5;26;143
1;5;27;1228
1;5;28;23160
1;5;29;16661
1;5;30;14927
1;5;31;15958
1;5;32;5773
1;5;33;32261
1;5;34;32370
1;5;35;33071
1;5;36;4576
1;5;37;29892
1;5;38;121
1;5;39;6322
1;5;40;8983
1;5;41;34611
1;5;42;2346
1;5;43;6428
1;5;44;29399
1;5;45;29398
1;5;46;33513
1;5;47;15031
1;5;48;28985
1;5;49;5927
1;5;50;651
1;5;51;18996
1;5;52;21589
1;5;53;28367
1;5;54;7226
1;5;55;19186
1;5;56;32776
1;5;57;29598
1;5;58;1008
1;5;59;32985
1;5;60;658
1;5;61;927
1;5;62;32950
1;5;63;4881
1;5;64;6813
1;5;65;5762
1;5;66;23862
1;5;67;21839
1;5;68;7706
1;5;69;25586
1;5;70;19770
1;5;71;984
1;5;72;26763
1;5;73;24590
1;5;74;846
1;5;75;5185
1;5;76;34331
1;5;77;1526
1;5;78;25505
1;5;79;8409
1;5;80;28546
1;5;81;1139
1;5;82;6094
1;5;83;31485
1;5;84;0
2;5;1;33346
2;5;2;4524
2;5;3;24163
2;5;4;809
2;5;5;21064
2;5;6;3238
2;5;7;4334
2;5;8;1566
2;5;9;27934
2;5;10;843
2;5;11;1640
2;5;12;945
2;5;13;16472
2;5;14;22341
2;5;15;27932
2;5;16;31027
2;5;17;1184
2;5;18;1010
2;5;19;810
2;5;20;31905
2;5;21;18715
2;5;22;696
2;5;23;5298
2;5;24;941
2;5;25;962
2;5;26;942
2;5;27;597
2;5;28;644
2;5;29;964
2;5;30;24119
2;5;31;951
2;5;32;1005
2;5;33;23982
2;5;34;4721
2;5;35;23988
2;5;36;940
2;5;37;8369
2;5;38;34389
2;5;39;32952
2;5;40;28043
2;5;41;28987
2;5;42;8669
2;5;43;32746
2;5;44;943
2;5;45;5908
2;5;46;4340
2;5;47;15093
2;5;48;2340
2;5;49;4953
2;5;50;981
2;5;51;19950
2;5;52;33953
2;5;53;993
2;5;54;5576
2;5;55;24257
2;5;56;1200
2;5;57;2524
2;5;58;29931
2;5;59;31051
2;5;60;25743
2;5;61;7205
2;5;62;952
2;5;63;944
2;5;64;30934
2;5;65;31189
2;5;66;32949
2;5;67;33003
2;5;68;30190
2;5;69;34825
2;5;70;30218
2;5;71;30243
2;5;72;30352
2;5;73;30160
2;5;74;30186
2;5;75;30351
2;5;76;34197
2;5;77;29943
2;5;78;25649
2;5;79;33839
2;5;80;946
2;5;81;29911
2;5;82;30199
2;5;83;31047
2;5;84;29973
2;5;85;30758
2;5;86;9016
2;5;87;17439
2;5;88;33740
2;5;89;948
2;5;90;950
2;5;91;949
2;5;92;959
2;5;93;958
2;5;94;23876
2;5;95;890
2;5;96;947
2;5;97;932
2;5;98;7867
2;5;99;6255
2;5;100;21147
2;5;101;33991
2;5;102;8492
2;5;103;6759
2;5;104;2840
2;5;105;8942
2;5;106;6378
2;5;107;8699
2;5;108;6064
2;5;109;577
2;5;110;32386
2;5;111;5532
2;5;112;34111
2;5;113;32681
2;5;114;8316
2;5;115;0
2;5;116;28022
2;5;117;34684
2;5;118;0
