1;1;1;4734
1;1;2;363
1;1;3;3223
1;1;4;29921
1;1;5;5729
1;1;6;8410
1;1;7;5009
1;1;8;28819
1;1;9;24120
1;1;10;5012
1;1;11;30152
1;1;12;7308
1;1;13;5201
1;1;14;30969
1;1;15;2306
1;1;16;7740
1;1;17;6887
1;1;18;1181
1;1;19;24078
1;1;20;4815
1;1;21;32560
1;1;22;7355
1;1;23;24306
1;1;24;7372
1;1;25;7373
1;1;26;7359
1;1;27;7357
1;1;28;697
1;1;29;2516
1;1;30;25465
1;1;31;205
1;1;32;32245
1;1;33;1068
1;1;34;3141
1;1;35;29839
1;1;36;18006
1;1;37;18009
1;1;38;1255
1;1;39;1268
1;1;40;5036
1;1;41;31156
1;1;42;30149
1;1;43;28007
1;1;44;1246
1;1;45;4779
1;1;46;1247
1;1;47;32079
1;1;48;31588
1;1;49;7133
1;1;50;21094
1;1;51;32109
1;1;52;880
1;1;53;34424
1;1;54;7505
1;1;55;7720
1;1;56;2741
1;1;57;23890
1;1;58;31483
1;1;59;1174
1;1;60;141
1;1;61;1000
1;1;62;574
1;1;63;15674
1;1;64;550
1;1;65;23726
1;1;66;34650
1;1;67;7477
1;1;68;34646
1;1;69;26046
1;1;70;6168
1;1;71;8365
1;1;72;0
1;1;73;1594
1;1;74;28495
1;1;75;34672
1;1;76;4842
1;1;77;2839
1;1;78;33236
1;1;79;33666
1;1;80;2699
1;1;81;6498
1;1;82;4579
1;1;83;1726
1;1;84;15767
1;1;85;22184
1;1;86;6771
1;1;87;28784
1;1;88;33686
1;1;89;30730
1;1;90;3219
1;1;91;114
1;1;92;15074
1;1;93;28516
1;1;94;22704
1;1;95;27965
1;1;96;1212
1;1;97;4825
1;1;98;4782
1;1;99;2500
1;1;100;24043
1;1;101;23596
1;1;102;406
1;1;103;20215
1;1;104;30026
1;1;105;21343
1;1;106;26515
1;1;107;7492
1;1;108;29032
1;1;109;16575
1;1;110;16919
1;1;111;26836
1;1;112;16908
1;1;113;25213
1;1;114;32774
1;1;115;5209
1;1;116;0
2;1;1;33346
2;1;2;1854
2;1;3;23728
2;1;4;5226
2;1;5;23810
2;1;6;5053
2;1;7;27327
2;1;8;5232
2;1;9;6587
2;1;10;4800
2;1;11;892
2;1;12;33532
2;1;13;4907
2;1;14;4851
2;1;15;31663
2;1;16;31661
2;1;17;31658
2;1;18;4852
2;1;19;34458
2;1;20;2627
2;1;21;26241
2;1;22;6315
2;1;23;3292
2;1;24;4935
2;1;25;2682
2;1;26;2184
2;1;27;4974
2;1;28;8361
2;1;29;20512
2;1;30;2680
2;1;31;1903
2;1;32;4235
2;1;33;1585
2;1;34;2100
2;1;35;7309
2;1;36;18872
2;1;37;4845
2;1;38;8418
2;1;39;2091
2;1;40;4631
2;1;41;32809
2;1;42;28082
2;1;43;4767
2;1;44;4746
2;1;45;31267
2;1;46;4950
2;1;47;603
2;1;48;19836
2;1;49;5063
2;1;50;21967
2;1;51;3140
2;1;52;4774
2;1;53;4949
2;1;54;4823
2;1;55;5205
2;1;56;4829
2;1;57;7617
2;1;58;24021
2;1;59;34762
2;1;60;4814
2;1;61;34582
2;1;62;32813
2;1;63;4926
2;1;64;4234
2;1;65;15911
2;1;66;7753
2;1;67;1602
2;1;68;839
2;1;69;31151
2;1;70;16132
2;1;71;1040
2;1;72;25745
2;1;73;4201
2;1;74;29342
2;1;75;22751
2;1;76;936
2;1;77;34814
2;1;78;31183
2;1;79;30812
2;1;80;3308
2;1;81;3348
2;1;82;27365
2;1;83;1012
2;1;84;32895
2;1;85;1221
2;1;86;30165
2;1;87;8131
2;1;88;5970
2;1;89;7137
2;1;90;31441
2;1;91;23037
2;1;92;7979
2;1;93;25341
2;1;94;8269
2;1;95;8033
2;1;96;32168
2;1;97;8233
2;1;98;34486
2;1;99;29087
2;1;100;7374
2;1;101;7646
2;1;102;22483
2;1;103;4487
2;1;104;0
2;1;105;32889
2;1;106;28825
2;1;107;4910
2;1;108;2949
2;1;109;4987
2;1;110;31461
2;1;111;5202
2;1;112;3205
2;1;113;17201
2;1;114;4992
2;1;115;5929
2;1;116;5128
2;1;117;4988
2;1;118;5407
2;1;119;4740
2;1;120;5055
2;1;121;28289
2;1;122;22171
2;1;123;5018
2;1;124;1732
2;1;125;5017
2;1;126;4978
2;1;127;6224
2;1;128;4763
2;1;129;5006
2;1;130;27613
2;1;131;24162
2;1;132;1407
2;1;133;4884
2;1;134;7953
2;1;135;5888
2;1;136;4969
2;1;137;7211
2;1;138;2539
2;1;139;6217
2;1;140;32702
2;1;141;3003
2;1;142;8141
2;1;143;5159
2;1;144;1771
2;1;145;5166
2;1;146;5362
2;1;147;5189
2;1;148;5092
2;1;149;1728
2;1;150;4958
2;1;151;26079
2;1;152;17969
2;1;153;1758
2;1;154;8244
2;1;155;5097
2;1;156;4994
2;1;157;19987
2;1;158;18
2;1;159;5004
2;1;160;4875
2;1;161;4798
2;1;162;34679
2;1;163;0
1;2;1;2188
1;2;2;2191
1;2;3;27934
1;2;4;27932
1;2;5;865
1;2;6;18716
1;2;7;3329
1;2;8;3115
1;2;9;28546
1;2;10;24164
1;2;11;5762
1;2;12;33306
1;2;13;33226
1;2;14;9490
1;2;15;8444
1;2;16;14927
1;2;17;31750
1;2;18;32245
1;2;19;33
1;2;20;24822
1;2;21;31025
1;2;22;26265
1;2;23;1269
1;2;24;1280
1;2;25;1066
1;2;26;32864
1;2;27;24358
1;2;28;33985
1;2;29;20255
1;2;30;1272
1;2;31;8497
1;2;32;5793
1;2;33;730
1;2;34;19473
1;2;35;0
1;2;36;2688
1;2;37;31020
1;2;38;5804
1;2;39;3018
1;2;40;7104
1;2;41;8413
1;2;42;325
1;2;43;5114
1;2;44;5048
1;2;45;2832
1;2;46;15487
1;2;47;6395
1;2;48;8319
1;2;49;1601
1;2;50;5636
1;2;51;8030
1;2;52;34878
1;2;53;4977
1;2;54;4956
1;2;55;1663
1;2;56;29266
1;2;57;5787
1;2;58;4750
1;2;59;6286
1;2;60;2353
1;2;61;29509
1;2;62;2316
1;2;63;4753
1;2;64;4879
1;2;65;895
1;2;66;15458
1;2;67;5005
1;2;68;5015
1;2;69;4350
1;2;70;5224
1;2;71;34910
1;2;72;5339
1;2;73;15940
1;2;74;15426
1;2;75;1824
1;2;76;17095
1;2;77;1772
1;2;78;6865
1;2;79;22342
1;2;80;6249
1;2;81;32606
1;2;82;2621
1;2;83;2698
1;2;84;4797
1;2;85;4896
1;2;86;32601
1;2;87;1895
1;2;88;5049
1;2;89;26054
1;2;90;20010
1;2;91;4796
1;2;92;2707
1;2;93;1764
1;2;94;1727
1;2;95;1734
1;2;96;6888
1;2;97;2757
1;2;98;15142
1;2;99;1745
1;2;100;31679
1;2;101;4804
1;2;102;2300
1;2;103;15760
1;2;104;25969
1;2;105;122
1;2;106;33211
1;2;107;25678
1;2;108;34219
1;2;109;4752
1;2;110;19697
1;2;111;4838
1;2;112;4934
1;2;113;17907
1;2;114;6147
1;2;115;7480
1;2;116;1959
1;2;117;19377
1;2;118;5116
1;2;119;0
2;2;1;7161
2;2;2;20690
2;2;3;7941
2;2;4;16580
2;2;5;4831
2;2;6;32568
2;2;7;22296
2;2;8;4775
2;2;9;20231
2;2;10;19546
2;2;11;1625
2;2;12;15272
2;2;13;8368
2;2;14;30809
2;2;15;8211
2;2;16;6010
2;2;17;4801
2;2;18;5190
2;2;19;4857
2;2;20;5105
2;2;21;4824
2;2;22;29035
2;2;23;5140
2;2;24;5170
2;2;25;30528
2;2;26;4955
2;2;27;5175
2;2;28;4945
2;2;29;5239
2;2;30;5176
2;2;31;4772
2;2;32;5832
2;2;33;8412
2;2;34;5058
2;2;35;5144
2;2;36;5571
2;2;37;4608
2;2;38;5152
2;2;39;5107
2;2;40;5983
2;2;41;2334
2;2;42;19087
2;2;43;4957
2;2;44;29250
2;2;45;28125
2;2;46;5109
2;2;47;5061
2;2;48;19155
2;2;49;6359
2;2;50;4991
2;2;51;34121
2;2;52;5039
2;2;53;32559
2;2;54;1739
2;2;55;4783
2;2;56;7541
2;2;57;6603
2;2;58;5127
2;2;59;5052
2;2;60;4903
2;2;61;5050
2;2;62;898
2;2;63;5146
2;2;64;24125
2;2;65;5011
2;2;66;4755
2;2;67;16607
2;2;68;338
2;2;69;4816
2;2;70;4895
2;2;71;30238
2;2;72;6272
2;2;73;1875
2;2;74;1876
2;2;75;5564
2;2;76;5142
2;2;77;31913
2;2;78;6144
2;2;79;5082
2;2;80;16697
2;2;81;6136
2;2;82;26064
2;2;83;5178
2;2;84;2697
2;2;85;5861
2;2;86;25100
2;2;87;1751
2;2;88;8414
2;2;89;5550
2;2;90;34841
2;2;91;8327
2;2;92;1826
2;2;93;4766
2;2;94;32285
2;2;95;31548
2;2;96;15825
2;2;97;5351
2;2;98;4970
2;2;99;7300
2;2;100;1760
2;2;101;1888
2;2;102;30875
2;2;103;25860
2;2;104;1995
2;2;105;17262
2;2;106;5093
2;2;107;576
2;2;108;0
2;2;109;28899
2;2;110;4986
2;2;111;875
2;2;112;1774
2;2;113;30872
2;2;114;317
2;2;115;33203
2;2;116;27189
2;2;117;907
2;2;118;908
2;2;119;32538
2;2;120;7814
2;2;121;7370
2;2;122;7371
2;2;123;16960
2;2;124;7365
2;2;125;909
2;2;126;21179
2;2;127;6129
2;2;128;969
2;2;129;887
2;2;130;26248
2;2;131;1085
2;2;132;808
2;2;133;850
2;2;134;27137
2;2;135;934
2;2;136;29626
2;2;137;1069
2;2;138;844
2;2;139;30382
2;2;140;1223
2;2;141;930
2;2;142;162
2;2;143;7097
2;2;144;23922
2;2;145;733
2;2;146;18837
2;2;147;835
2;2;148;17379
2;2;149;812
2;2;150;33996
2;2;151;7009
2;2;152;1522
2;2;153;20328
2;2;154;7694
2;2;155;32694
2;2;156;8272
2;2;157;8584
2;2;158;0
1;3;1;33666
1;3;2;4858
1;3;3;996
1;3;4;5878
1;3;5;5139
1;3;6;4878
1;3;7;34288
1;3;8;6340
1;3;9;31663
1;3;10;6503
1;3;11;31661
1;3;12;31658
1;3;13;32823
1;3;14;5131
1;3;15;5111
1;3;16;5141
1;3;17;5204
1;3;18;4985
1;3;19;28315
1;3;20;6316
1;3;21;4773
1;3;22;5856
1;3;23;4751
1;3;24;5219
1;3;25;4911
1;3;26;32102
1;3;27;30229
1;3;28;5788
1;3;29;32778
1;3;30;4904
1;3;31;30968
1;3;32;20793
1;3;33;29895
1;3;34;2314
1;3;35;25195
1;3;36;21701
1;3;37;3046
1;3;38;21276
1;3;39;21807
1;3;40;20621
1;3;41;33425
1;3;42;31023
1;3;43;5221
1;3;44;30710
1;3;45;19000
1;3;46;972
1;3;47;24118
1;3;48;1378
1;3;49;1669
1;3;50;24389
1;3;51;27100
1;3;52;7424
1;3;53;23880
1;3;54;16093
1;3;55;17665
1;3;56;1731
1;3;57;7070
1;3;58;642
1;3;59;960
1;3;60;5473
1;3;61;31323
1;3;62;8188
1;3;63;508
1;3;64;20412
1;3;65;701
1;3;66;817
1;3;67;7709
1;3;68;1043
1;3;69;1013
1;3;70;34306
1;3;71;935
1;3;72;7083
1;3;73;4088
1;3;74;1584
1;3;75;3333
1;3;76;24047
1;3;77;25908
1;3;78;27465
1;3;79;26414
1;3;80;14930
1;3;81;18835
1;3;82;26243
1;3;83;29647
1;3;84;7610
1;3;85;31152
1;3;86;15180
1;3;87;34612
1;3;88;7980
1;3;89;16759
1;3;90;30824
1;3;91;34669
1;3;92;7747
1;3;93;8363
1;3;94;881
1;3;95;1065
1;3;96;1015
1;3;97;1064
1;3;98;24882
1;3;99;2456
1;3;100;0
1;3;101;5215
1;3;102;5037
1;3;103;34909
1;3;104;919
1;3;105;661
1;3;106;1188
1;3;107;18967
1;3;108;23955
1;3;109;4319
1;3;110;1518
1;3;111;34544
1;3;112;30157
1;3;113;0
2;3;1;358
2;3;2;5080
2;3;3;32946
2;3;4;8607
2;3;5;24528
2;3;6;31469
2;3;7;8202
2;3;8;24180
2;3;9;30375
2;3;10;1934
2;3;11;573
2;3;12;1517
2;3;13;2740
2;3;14;25262
2;3;15;622
2;3;16;6248
2;3;17;7237
2;3;18;4354
2;3;19;584
2;3;20;23110
2;3;21;7714
2;3;22;6478
2;3;23;23155
2;3;24;7618
2;3;25;33976
2;3;26;34199
2;3;27;25776
2;3;28;27124
2;3;29;538
2;3;30;30814
2;3;31;1324
2;3;32;7072
2;3;33;2862
2;3;34;526
2;3;35;7437
2;3;36;34593
2;3;37;32127
2;3;38;23795
2;3;39;2212
2;3;40;15631
2;3;41;1720
2;3;42;5303
2;3;43;2259
2;3;44;7040
2;3;45;28061
2;3;46;620
2;3;47;449
2;3;48;7314
2;3;49;33947
2;3;50;6955
2;3;51;8201
2;3;52;7316
2;3;53;1155
2;3;54;7315
2;3;55;32735
2;3;56;5264
2;3;57;7011
2;3;58;31188
2;3;59;22825
2;3;60;624
2;3;61;557
2;3;62;1067
2;3;63;1017
2;3;64;32876
2;3;65;33206
2;3;66;8290
2;3;67;30815
2;3;68;32300
2;3;69;1583
2;3;70;572
2;3;71;5229
2;3;72;8234
2;3;73;768
2;3;74;537
2;3;75;5682
2;3;76;25920
2;3;77;562
2;3;78;767
2;3;79;32562
2;3;80;25248
2;3;81;552
2;3;82;30411
2;3;83;571
2;3;84;4337
2;3;85;1213
2;3;86;7791
2;3;87;783
2;3;88;30657
2;3;89;7430
2;3;90;3295
2;3;91;997
2;3;92;23391
2;3;93;33840
2;3;94;33781
2;3;95;25584
2;3;96;2652
2;3;97;1063
2;3;98;1007
2;3;99;31507
2;3;100;34374
2;3;101;31608
2;3;102;0
2;3;103;29175
2;3;104;1303
2;3;105;30164
2;3;106;747
2;3;107;811
2;3;108;23990
2;3;109;33904
2;3;110;883
2;3;111;789
2;3;112;20533
2;3;113;1241
2;3;114;23106
2;3;115;1084
2;3;116;16673
2;3;117;1336
2;3;118;22253
2;3;119;868
2;3;120;2483
2;3;121;29975
2;3;122;33002
2;3;123;1638
2;3;124;5792
2;3;125;32096
2;3;126;766
2;3;127;6863
2;3;128;6169
2;3;129;2593
2;3;130;29744
2;3;131;4454
2;3;132;28198
2;3;133;1018
2;3;134;0
1;4;1;34762
1;4;2;1374
1;4;3;795
1;4;4;6587
1;4;5;3349
1;4;6;6289
1;4;7;33024
1;4;8;5010
1;4;9;18
1;4;10;29730
1;4;11;4844
1;4;12;5056
1;4;13;6809
1;4;14;4763
1;4;15;26079
1;4;16;7953
1;4;17;31898
1;4;18;31279
1;4;19;6925
1;4;20;4780
1;4;21;34739
1;4;22;24120
1;4;23;7308
1;4;24;30370
1;4;25;2306
1;4;26;5555
1;4;27;1805
1;4;28;1755
1;4;29;7740
1;4;30;4748
1;4;31;23070
1;4;32;5126
1;4;33;820
1;4;34;4981
1;4;35;5038
1;4;36;33849
1;4;37;7359
1;4;38;7355
1;4;39;24306
1;4;40;7357
1;4;41;1335
1;4;42;1247
1;4;43;32079
1;4;44;2241
1;4;45;3330
1;4;46;8971
1;4;47;21094
1;4;48;32109
1;4;49;27692
1;4;50;7646
1;4;51;956
1;4;52;2741
1;4;53;7472
1;4;54;23726
1;4;55;34646
1;4;56;34650
1;4;57;7730
1;4;58;26046
1;4;59;19375
1;4;60;15674
1;4;61;18887
1;4;62;15945
1;4;63;1246
1;4;64;24705
1;4;65;6260
1;4;66;859
1;4;67;31801
1;4;68;4736
1;4;69;1230
1;4;70;1599
1;4;71;23621
1;4;72;885
1;4;73;5344
1;4;74;28702
1;4;75;3322
1;4;76;32711
1;4;77;33070
1;4;78;18720
1;4;79;27958
1;4;80;5297
1;4;81;0
1;4;82;7772
1;4;83;33236
1;4;84;33104
1;4;85;6828
1;4;86;26070
1;4;87;804
1;4;88;33827
1;4;89;31961
1;4;90;33162
1;4;91;6360
1;4;92;1312
1;4;93;26706
1;4;94;24295
1;4;95;33926
1;4;96;30365
1;4;97;1211
1;4;98;933
1;4;99;34366
1;4;100;2939
1;4;101;1273
1;4;102;851
1;4;103;4618
1;4;104;26190
1;4;105;29885
1;4;106;26401
1;4;107;31156
1;4;108;30825
1;4;109;1332
1;4;110;1278
1;4;111;26862
1;4;112;1506
1;4;113;6654
1;4;114;5036
1;4;115;1268
1;4;116;29893
1;4;117;1267
1;4;118;1334
1;4;119;30089
1;4;120;3134
1;4;121;32973
1;4;122;3357
1;4;123;15265
1;4;124;0
2;4;1;27700
2;4;2;5882
2;4;3;28007
2;4;4;836
2;4;5;3045
2;4;6;1590
2;4;7;34504
2;4;8;1603
2;4;9;8333
2;4;10;20457
2;4;11;20453
2;4;12;6912
2;4;13;29204
2;4;14;30242
2;4;15;4367
2;4;16;33954
2;4;17;24322
2;4;18;205
2;4;19;204
2;4;20;2094
2;4;21;21297
2;4;22;24449
2;4;23;15168
2;4;24;28517
2;4;25;16326
2;4;26;31136
2;4;27;25082
2;4;28;1957
2;4;29;29246
2;4;30;256
2;4;31;22147
2;4;32;8331
2;4;33;21300
2;4;34;24294
2;4;35;1256
2;4;36;31904
2;4;37;24461
2;4;38;31900
2;4;39;20963
2;4;40;5679
2;4;41;17541
2;4;42;34050
2;4;43;891
2;4;44;785
2;4;45;1264
2;4;46;24046
2;4;47;24044
2;4;48;1254
2;4;49;2728
2;4;50;5791
2;4;51;4358
2;4;52;853
2;4;53;23702
2;4;54;6139
2;4;55;1255
2;4;56;1083
2;4;57;751
2;4;58;20419
2;4;59;2714
2;4;60;23852
2;4;61;1924
2;4;62;688
2;4;63;1041
2;4;64;882
2;4;65;1337
2;4;66;1189
2;4;67;31833
2;4;68;17957
2;4;69;31517
2;4;70;30863
2;4;71;27158
2;4;72;17714
2;4;73;24229
2;4;74;7184
2;4;75;16062
2;4;76;8435
2;4;77;30075
2;4;78;3197
2;4;79;23086
2;4;80;32245
2;4;81;6274
2;4;82;4359
2;4;83;19168
2;4;84;395
2;4;85;25704
2;4;86;5794
2;4;87;23590
2;4;88;34343
2;4;89;25543
2;4;90;1605
2;4;91;15958
2;4;92;16067
2;4;93;0
2;4;94;361
2;4;95;25188
2;4;96;23728
2;4;97;203
2;4;98;29839
2;4;99;22771
2;4;100;30383
2;4;101;778
2;4;102;4357
2;4;103;4328
2;4;104;6527
2;4;105;4333
2;4;106;26373
2;4;107;26317
2;4;108;19441
2;4;109;3209
2;4;110;6270
2;4;111;20844
2;4;112;6181
2;4;113;17733
2;4;114;33951
2;4;115;4318
2;4;116;18963
2;4;117;6321
2;4;118;24330
2;4;119;27561
2;4;120;2511
2;4;121;24042
2;4;122;5296
2;4;123;26558
2;4;124;0
1;5;1;33666
1;5;2;2188
1;5;3;2191
1;5;4;33306
1;5;5;33226
1;5;6;32245
1;5;7;33
1;5;8;31750
1;5;9;30440
1;5;10;18283
1;5;11;4749
1;5;12;31658
1;5;13;5542
1;5;14;31661
1;5;15;31663
1;5;16;0
1;5;17;1178
1;5;18;753
1;5;19;1331
1;5;20;1179
1;5;21;4153
1;5;22;23456
1;5;23;5553
1;5;24;6895
1;5;25;143
1;5;26;1228
1;5;27;16661
1;5;28;23160
1;5;29;14927
1;5;30;5773
1;5;31;32261
1;5;32;32370
1;5;33;29892
1;5;34;4576
1;5;35;33071
1;5;36;121
1;5;37;8983
1;5;38;6322
1;5;39;6428
1;5;40;34611
1;5;41;2346
1;5;42;29399
1;5;43;29398
1;5;44;33513
1;5;45;15031
1;5;46;28985
1;5;47;5927
1;5;48;651
1;5;49;18996
1;5;50;21589
1;5;51;28367
1;5;52;7226
1;5;53;19186
1;5;54;32776
1;5;55;29598
1;5;56;1008
1;5;57;927
1;5;58;32985
1;5;59;658
1;5;60;32950
1;5;61;4881
1;5;62;6813
1;5;63;23862
1;5;64;21839
1;5;65;19770
1;5;66;25586
1;5;67;7706
1;5;68;984
1;5;69;26763
1;5;70;24590
1;5;71;846
1;5;72;5185
1;5;73;34331
1;5;74;1526
1;5;75;25505
1;5;76;8409
1;5;77;28546
1;5;78;1139
1;5;79;6094
1;5;80;31485
1;5;81;0
2;5;1;4524
2;5;2;24163
2;5;3;809
2;5;4;21064
2;5;5;3238
2;5;6;4334
2;5;7;1566
2;5;8;27934
2;5;9;843
2;5;10;1640
2;5;11;945
2;5;12;16472
2;5;13;22341
2;5;14;33318
2;5;15;27932
2;5;16;31027
2;5;17;1184
2;5;18;1010
2;5;19;810
2;5;20;31905
2;5;21;18715
2;5;22;696
2;5;23;5298
2;5;24;941
2;5;25;942
2;5;26;597
2;5;27;644
2;5;28;964
2;5;29;25743
2;5;30;951
2;5;31;23982
2;5;32;1005
2;5;33;4721
2;5;34;23988
2;5;35;940
2;5;36;8369
2;5;37;34389
2;5;38;32952
2;5;39;28043
2;5;40;8669
2;5;41;28987
2;5;42;32746
2;5;43;943
2;5;44;5908
2;5;45;4340
2;5;46;15093
2;5;47;2340
2;5;48;4953
2;5;49;19950
2;5;50;981
2;5;51;33953
2;5;52;5576
2;5;53;993
2;5;54;24257
2;5;55;1200
2;5;56;2524
2;5;57;29931
2;5;58;31051
2;5;59;24119
2;5;60;7205
2;5;61;952
2;5;62;944
2;5;63;30934
2;5;64;31189
2;5;65;32949
2;5;66;33003
2;5;67;30190
2;5;68;34825
2;5;69;30218
2;5;70;30243
2;5;71;34197
2;5;72;30186
2;5;73;30160
2;5;74;30351
2;5;75;30352
2;5;76;29943
2;5;77;25649
2;5;78;946
2;5;79;33839
2;5;80;962
2;5;81;29911
2;5;82;30199
2;5;83;31047
2;5;84;30758
2;5;85;9016
2;5;86;29973
2;5;87;17439
2;5;88;33740
2;5;89;949
2;5;90;950
2;5;91;948
2;5;92;890
2;5;93;23876
2;5;94;959
2;5;95;958
2;5;96;947
2;5;97;932
2;5;98;7867
2;5;99;6255
2;5;100;21147
2;5;101;33991
2;5;102;8492
2;5;103;6759
2;5;104;2840
2;5;105;8942
2;5;106;6378
2;5;107;8699
2;5;108;32386
2;5;109;577
2;5;110;6064
2;5;111;5532
2;5;112;34111
2;5;113;32681
2;5;114;8316
2;5;115;0
2;5;116;2836
2;5;117;7774
2;5;118;21335
2;5;119;34684
2;5;120;28022
2;5;121;0
