1;1;1;18
1;1;2;4844
1;1;3;5888
1;1;4;28819
1;1;5;7308
1;1;6;2306
1;1;7;7740
1;1;8;1745
1;1;9;1727
1;1;10;29266
1;1;11;5787
1;1;12;1663
1;1;13;4956
1;1;14;5636
1;1;15;8413
1;1;16;3349
1;1;17;7373
1;1;18;7359
1;1;19;7357
1;1;20;24306
1;1;21;7355
1;1;22;1255
1;1;23;32245
1;1;24;33071
1;1;25;29892
1;1;26;121
1;1;27;1068
1;1;28;205
1;1;29;29839
1;1;30;1268
1;1;31;5036
1;1;32;31156
1;1;33;28007
1;1;34;1246
1;1;35;1247
1;1;36;4779
1;1;37;32079
1;1;38;31588
1;1;39;20533
1;1;40;21094
1;1;41;32109
1;1;42;7505
1;1;43;22483
1;1;44;2741
1;1;45;31483
1;1;46;572
1;1;47;15674
1;1;48;23726
1;1;49;34650
1;1;50;34646
1;1;51;26046
1;1;52;31661
1;1;53;31663
1;1;54;31658
1;1;55;34762
1;1;56;0
1;1;57;1594
1;1;58;34672
1;1;59;2839
1;1;60;4842
1;1;61;28495
1;1;62;7774
1;1;63;25188
1;1;64;33666
1;1;65;23728
1;1;66;2699
1;1;67;6498
1;1;68;4579
1;1;69;1726
1;1;70;15767
1;1;71;22184
1;1;72;28516
1;1;73;3219
1;1;74;5209
1;1;75;6771
1;1;76;28784
1;1;77;16919
1;1;78;1212
1;1;79;7492
1;1;80;33686
1;1;81;29032
1;1;82;32774
1;1;83;16908
1;1;84;27965
1;1;85;16575
1;1;86;15074
1;1;87;4782
1;1;88;23596
1;1;89;22704
1;1;90;26515
1;1;91;2500
1;1;92;114
1;1;93;4825
1;1;94;30026
1;1;95;21343
1;1;96;25213
1;1;97;26836
1;1;98;24043
1;1;99;20215
1;1;100;406
1;1;101;30730
1;1;102;0
2;1;1;33236
2;1;2;33346
2;1;3;7772
2;1;4;358
2;1;5;1374
2;1;6;8365
2;1;7;23810
2;1;8;795
2;1;9;5053
2;1;10;4631
2;1;11;27327
2;1;12;4845
2;1;13;2091
2;1;14;6587
2;1;15;4800
2;1;16;8418
2;1;17;5232
2;1;18;892
2;1;19;4907
2;1;20;4851
2;1;21;26241
2;1;22;2627
2;1;23;34458
2;1;24;6315
2;1;25;4935
2;1;26;3292
2;1;27;2682
2;1;28;2184
2;1;29;4749
2;1;30;1903
2;1;31;8361
2;1;32;2680
2;1;33;20512
2;1;34;1585
2;1;35;4235
2;1;36;2100
2;1;37;7309
2;1;38;18872
2;1;39;33532
2;1;40;32809
2;1;41;28082
2;1;42;4746
2;1;43;31267
2;1;44;4767
2;1;45;5063
2;1;46;19836
2;1;47;4950
2;1;48;3140
2;1;49;603
2;1;50;21967
2;1;51;4774
2;1;52;6168
2;1;53;7617
2;1;54;4949
2;1;55;4823
2;1;56;5205
2;1;57;4829
2;1;58;6340
2;1;59;24021
2;1;60;5226
2;1;61;32813
2;1;62;4814
2;1;63;5037
2;1;64;24118
2;1;65;15911
2;1;66;7753
2;1;67;31151
2;1;68;1040
2;1;69;25745
2;1;70;839
2;1;71;30812
2;1;72;34814
2;1;73;22751
2;1;74;4201
2;1;75;29342
2;1;76;936
2;1;77;31183
2;1;78;24882
2;1;79;5882
2;1;80;27365
2;1;81;32895
2;1;82;1221
2;1;83;30165
2;1;84;8131
2;1;85;1012
2;1;86;5970
2;1;87;7979
2;1;88;31441
2;1;89;7137
2;1;90;23037
2;1;91;25341
2;1;92;8269
2;1;93;8033
2;1;94;32168
2;1;95;17379
2;1;96;29087
2;1;97;7646
2;1;98;4487
2;1;99;0
2;1;100;28825
2;1;101;32889
2;1;102;4910
2;1;103;2949
2;1;104;4987
2;1;105;31461
2;1;106;5202
2;1;107;3205
2;1;108;17201
2;1;109;29921
2;1;110;4992
2;1;111;5128
2;1;112;5929
2;1;113;4988
2;1;114;5407
2;1;115;1758
2;1;116;4740
2;1;117;5055
2;1;118;28289
2;1;119;1732
2;1;120;4978
2;1;121;4763
2;1;122;1407
2;1;123;22171
2;1;124;4875
2;1;125;5017
2;1;126;6224
2;1;127;24162
2;1;128;5056
2;1;129;6809
2;1;130;5018
2;1;131;5006
2;1;132;27613
2;1;133;5004
2;1;134;6925
2;1;135;32702
2;1;136;6217
2;1;137;5009
2;1;138;4884
2;1;139;34739
2;1;140;4780
2;1;141;31898
2;1;142;4969
2;1;143;31279
2;1;144;7211
2;1;145;24120
2;1;146;3003
2;1;147;5012
2;1;148;8141
2;1;149;5159
2;1;150;1771
2;1;151;4748
2;1;152;5166
2;1;153;23070
2;1;154;5219
2;1;155;5189
2;1;156;1728
2;1;157;5362
2;1;158;5092
2;1;159;26079
2;1;160;4958
2;1;161;5010
2;1;162;5097
2;1;163;8244
2;1;164;19987
2;1;165;2353
2;1;166;5729
2;1;167;4994
2;1;168;17969
2;1;169;7953
2;1;170;4798
2;1;171;34679
2;1;172;0
1;2;1;2836
1;2;2;1854
1;2;3;2188
1;2;4;2191
1;2;5;24528
1;2;6;27934
1;2;7;27932
1;2;8;865
1;2;9;3329
1;2;10;28546
1;2;11;24590
1;2;12;33306
1;2;13;33226
1;2;14;14927
1;2;15;31750
1;2;16;32245
1;2;17;33
1;2;18;3141
1;2;19;1774
1;2;20;30872
1;2;21;32538
1;2;22;32560
1;2;23;19473
1;2;24;730
1;2;25;7372
1;2;26;7370
1;2;27;26248
1;2;28;16960
1;2;29;0
1;2;30;33849
1;2;31;7161
1;2;32;4981
1;2;33;5038
1;2;34;5804
1;2;35;3018
1;2;36;8211
1;2;37;7104
1;2;38;820
1;2;39;6289
1;2;40;5126
1;2;41;5048
1;2;42;2832
1;2;43;5114
1;2;44;1601
1;2;45;6395
1;2;46;15487
1;2;47;8319
1;2;48;24078
1;2;49;8030
1;2;50;34878
1;2;51;33024
1;2;52;4977
1;2;53;1181
1;2;54;6887
1;2;55;4751
1;2;56;4750
1;2;57;6286
1;2;58;8410
1;2;59;2316
1;2;60;29509
1;2;61;4350
1;2;62;4879
1;2;63;5015
1;2;64;5005
1;2;65;895
1;2;66;4753
1;2;67;15458
1;2;68;5224
1;2;69;34910
1;2;70;5339
1;2;71;15940
1;2;72;15426
1;2;73;1824
1;2;74;1772
1;2;75;6865
1;2;76;17095
1;2;77;22342
1;2;78;2621
1;2;79;32606
1;2;80;6249
1;2;81;1895
1;2;82;5049
1;2;83;2698
1;2;84;26054
1;2;85;4797
1;2;86;32601
1;2;87;4896
1;2;88;1760
1;2;89;7300
1;2;90;20010
1;2;91;4796
1;2;92;15142
1;2;93;2757
1;2;94;6888
1;2;95;1734
1;2;96;5555
1;2;97;1764
1;2;98;2707
1;2;99;1805
1;2;100;31679
1;2;101;5201
1;2;102;4804
1;2;103;2300
1;2;104;30152
1;2;105;15760
1;2;106;33211
1;2;107;4838
1;2;108;25678
1;2;109;34219
1;2;110;4752
1;2;111;4970
1;2;112;5351
1;2;113;19697
1;2;114;25969
1;2;115;122
1;2;116;4934
1;2;117;17907
1;2;118;6147
1;2;119;1959
1;2;120;7480
1;2;121;5039
1;2;122;19377
1;2;123;5116
1;2;124;0
2;2;1;3223
2;2;2;5080
2;2;3;20690
2;2;4;7941
2;2;5;16580
2;2;6;5141
2;2;7;4985
2;2;8;28315
2;2;9;5856
2;2;10;4773
2;2;11;5204
2;2;12;6316
2;2;13;5111
2;2;14;4831
2;2;15;22296
2;2;16;32568
2;2;17;4775
2;2;18;19546
2;2;19;20231
2;2;20;1625
2;2;21;15272
2;2;22;30809
2;2;23;8368
2;2;24;4801
2;2;25;5190
2;2;26;4857
2;2;27;5105
2;2;28;4824
2;2;29;29035
2;2;30;5170
2;2;31;30528
2;2;32;4955
2;2;33;5140
2;2;34;5983
2;2;35;4945
2;2;36;5239
2;2;37;5176
2;2;38;5175
2;2;39;4957
2;2;40;4772
2;2;41;5832
2;2;42;8412
2;2;43;28125
2;2;44;5058
2;2;45;5144
2;2;46;4608
2;2;47;5571
2;2;48;5152
2;2;49;5107
2;2;50;2334
2;2;51;19087
2;2;52;29250
2;2;53;5109
2;2;54;5061
2;2;55;19155
2;2;56;4991
2;2;57;6359
2;2;58;34121
2;2;59;32559
2;2;60;4783
2;2;61;1739
2;2;62;6603
2;2;63;7541
2;2;64;5127
2;2;65;4766
2;2;66;5052
2;2;67;4903
2;2;68;5050
2;2;69;32285
2;2;70;31548
2;2;71;2697
2;2;72;898
2;2;73;5861
2;2;74;5011
2;2;75;8327
2;2;76;16607
2;2;77;338
2;2;78;4895
2;2;79;4816
2;2;80;30238
2;2;81;6272
2;2;82;1876
2;2;83;1875
2;2;84;5564
2;2;85;5142
2;2;86;31913
2;2;87;6144
2;2;88;5082
2;2;89;16697
2;2;90;6136
2;2;91;26064
2;2;92;5178
2;2;93;24125
2;2;94;25100
2;2;95;1751
2;2;96;5550
2;2;97;8414
2;2;98;1826
2;2;99;4755
2;2;100;34841
2;2;101;5146
2;2;102;15825
2;2;103;5093
2;2;104;17262
2;2;105;1995
2;2;106;25860
2;2;107;1888
2;2;108;30875
2;2;109;30710
2;2;110;29895
2;2;111;2314
2;2;112;32778
2;2;113;576
2;2;114;0
2;2;115;28899
2;2;116;21335
2;2;117;4986
2;2;118;875
2;2;119;33203
2;2;120;317
2;2;121;27189
2;2;122;907
2;2;123;908
2;2;124;7371
2;2;125;7365
2;2;126;887
2;2;127;21179
2;2;128;6129
2;2;129;969
2;2;130;909
2;2;131;1069
2;2;132;27137
2;2;133;29626
2;2;134;808
2;2;135;850
2;2;136;934
2;2;137;1085
2;2;138;844
2;2;139;30382
2;2;140;1223
2;2;141;930
2;2;142;162
2;2;143;23922
2;2;144;733
2;2;145;18837
2;2;146;8233
2;2;147;835
2;2;148;34486
2;2;149;956
2;2;150;812
2;2;151;7009
2;2;152;33996
2;2;153;1522
2;2;154;20328
2;2;155;8272
2;2;156;7694
2;2;157;32694
2;2;158;0
1;3;1;2688
1;3;2;996
1;3;3;5878
1;3;4;31663
1;3;5;31661
1;3;6;31658
1;3;7;4852
1;3;8;325
1;3;9;32102
1;3;10;4911
1;3;11;30229
1;3;12;5788
1;3;13;30968
1;3;14;20793
1;3;15;4904
1;3;16;25195
1;3;17;21701
1;3;18;3046
1;3;19;21276
1;3;20;21807
1;3;21;20621
1;3;22;33425
1;3;23;31023
1;3;24;5221
1;3;25;33666
1;3;26;4926
1;3;27;34582
1;3;28;19000
1;3;29;1188
1;3;30;4234
1;3;31;27700
1;3;32;7747
1;3;33;16132
1;3;34;18967
1;3;35;30164
1;3;36;1378
1;3;37;747
1;3;38;1669
1;3;39;24389
1;3;40;7424
1;3;41;880
1;3;42;27100
1;3;43;23955
1;3;44;23880
1;3;45;16093
1;3;46;17665
1;3;47;1731
1;3;48;7070
1;3;49;642
1;3;50;8188
1;3;51;31323
1;3;52;5473
1;3;53;960
1;3;54;20412
1;3;55;701
1;3;56;34424
1;3;57;817
1;3;58;508
1;3;59;27692
1;3;60;1043
1;3;61;7709
1;3;62;8584
1;3;63;23990
1;3;64;34306
1;3;65;1013
1;3;66;3333
1;3;67;1584
1;3;68;4088
1;3;69;24047
1;3;70;25908
1;3;71;27465
1;3;72;26414
1;3;73;14930
1;3;74;18835
1;3;75;26243
1;3;76;29647
1;3;77;7610
1;3;78;31152
1;3;79;34612
1;3;80;15180
1;3;81;7980
1;3;82;16759
1;3;83;30824
1;3;84;34669
1;3;85;8363
1;3;86;1064
1;3;87;1065
1;3;88;881
1;3;89;1015
1;3;90;3308
1;3;91;697
1;3;92;8497
1;3;93;0
1;3;94;919
1;3;95;34909
1;3;96;935
1;3;97;7083
1;3;98;4319
1;3;99;1518
1;3;100;34544
1;3;101;30157
1;3;102;0
2;3;1;4524
2;3;2;32946
2;3;3;8607
2;3;4;8202
2;3;5;24180
2;3;6;25920
2;3;7;562
2;3;8;5682
2;3;9;1934
2;3;10;449
2;3;11;573
2;3;12;7314
2;3;13;33947
2;3;14;1517
2;3;15;2740
2;3;16;7237
2;3;17;622
2;3;18;6248
2;3;19;4354
2;3;20;25262
2;3;21;768
2;3;22;584
2;3;23;23110
2;3;24;7714
2;3;25;23155
2;3;26;30815
2;3;27;526
2;3;28;7072
2;3;29;25776
2;3;30;2862
2;3;31;30814
2;3;32;7618
2;3;33;34199
2;3;34;1324
2;3;35;8290
2;3;36;27124
2;3;37;538
2;3;38;33976
2;3;39;7437
2;3;40;5303
2;3;41;2212
2;3;42;23795
2;3;43;34593
2;3;44;1720
2;3;45;32127
2;3;46;15631
2;3;47;28061
2;3;48;7040
2;3;49;2259
2;3;50;537
2;3;51;6955
2;3;52;8201
2;3;53;7316
2;3;54;7477
2;3;55;1067
2;3;56;5264
2;3;57;7730
2;3;58;1155
2;3;59;7315
2;3;60;32735
2;3;61;31188
2;3;62;7011
2;3;63;22825
2;3;64;624
2;3;65;557
2;3;66;1017
2;3;67;574
2;3;68;32876
2;3;69;33206
2;3;70;1583
2;3;71;32300
2;3;72;19375
2;3;73;8234
2;3;74;5229
2;3;75;550
2;3;76;6478
2;3;77;30375
2;3;78;767
2;3;79;32562
2;3;80;25248
2;3;81;552
2;3;82;620
2;3;83;30411
2;3;84;1000
2;3;85;571
2;3;86;141
2;3;87;1007
2;3;88;1174
2;3;89;4337
2;3;90;1213
2;3;91;7791
2;3;92;783
2;3;93;30657
2;3;94;7430
2;3;95;3295
2;3;96;997
2;3;97;23391
2;3;98;33840
2;3;99;25584
2;3;100;33781
2;3;101;2652
2;3;102;1063
2;3;103;7472
2;3;104;31507
2;3;105;34374
2;3;106;31608
2;3;107;0
2;3;108;5215
2;3;109;4878
2;3;110;34288
2;3;111;33104
2;3;112;1303
2;3;113;811
2;3;114;883
2;3;115;789
2;3;116;1241
2;3;117;859
2;3;118;31801
2;3;119;766
2;3;120;32096
2;3;121;23106
2;3;122;15945
2;3;123;16673
2;3;124;5792
2;3;125;1336
2;3;126;22253
2;3;127;868
2;3;128;29975
2;3;129;2483
2;3;130;33002
2;3;131;1638
2;3;132;2241
2;3;133;3330
2;3;134;6260
2;3;135;6863
2;3;136;6169
2;3;137;2593
2;3;138;29744
2;3;139;4454
2;3;140;28198
2;3;141;1018
2;3;142;0
1;4;1;33236
1;4;2;34762
1;4;3;6587
1;4;4;18
1;4;5;29730
1;4;6;4763
1;4;7;26079
1;4;8;7953
1;4;9;2539
1;4;10;24120
1;4;11;7308
1;4;12;30370
1;4;13;30969
1;4;14;2306
1;4;15;1755
1;4;16;7740
1;4;17;6010
1;4;18;7814
1;4;19;24306
1;4;20;7357
1;4;21;7359
1;4;22;7355
1;4;23;1268
1;4;24;5036
1;4;25;18006
1;4;26;18009
1;4;27;30383
1;4;28;29839
1;4;29;6654
1;4;30;24705
1;4;31;1247
1;4;32;1246
1;4;33;1084
1;4;34;32079
1;4;35;8971
1;4;36;21094
1;4;37;32109
1;4;38;7720
1;4;39;7374
1;4;40;7646
1;4;41;23890
1;4;42;2741
1;4;43;23726
1;4;44;34646
1;4;45;34650
1;4;46;26046
1;4;47;15674
1;4;48;205
1;4;49;8333
1;4;50;4736
1;4;51;1599
1;4;52;1230
1;4;53;1331
1;4;54;1179
1;4;55;23621
1;4;56;885
1;4;57;5344
1;4;58;28702
1;4;59;3322
1;4;60;32711
1;4;61;33070
1;4;62;16661
1;4;63;4815
1;4;64;0
1;4;65;23728
1;4;66;4858
1;4;67;972
1;4;68;2456
1;4;69;6828
1;4;70;7097
1;4;71;26070
1;4;72;804
1;4;73;15265
1;4;74;3357
1;4;75;6360
1;4;76;1312
1;4;77;33162
1;4;78;20255
1;4;79;26862
1;4;80;33926
1;4;81;26706
1;4;82;24295
1;4;83;30365
1;4;84;1211
1;4;85;933
1;4;86;851
1;4;87;4618
1;4;88;34366
1;4;89;1273
1;4;90;2939
1;4;91;1506
1;4;92;26190
1;4;93;30149
1;4;94;26401
1;4;95;29885
1;4;96;1272
1;4;97;1278
1;4;98;1332
1;4;99;31156
1;4;100;30825
1;4;101;2516
1;4;102;29893
1;4;103;1267
1;4;104;24358
1;4;105;32864
1;4;106;1255
1;4;107;3134
1;4;108;34050
1;4;109;1066
1;4;110;30089
1;4;111;33985
1;4;112;0
2;4;1;29175
2;4;2;7133
2;4;3;33904
2;4;4;18887
2;4;5;28007
2;4;6;836
2;4;7;3045
2;4;8;1590
2;4;9;34504
2;4;10;1603
2;4;11;20453
2;4;12;20457
2;4;13;24322
2;4;14;6912
2;4;15;29204
2;4;16;30242
2;4;17;4367
2;4;18;33954
2;4;19;204
2;4;20;203
2;4;21;15168
2;4;22;1924
2;4;23;24449
2;4;24;28517
2;4;25;22771
2;4;26;2094
2;4;27;21297
2;4;28;16326
2;4;29;31136
2;4;30;25082
2;4;31;1957
2;4;32;29246
2;4;33;256
2;4;34;1280
2;4;35;25465
2;4;36;8331
2;4;37;21300
2;4;38;22147
2;4;39;1269
2;4;40;24294
2;4;41;31904
2;4;42;31900
2;4;43;5679
2;4;44;24461
2;4;45;1256
2;4;46;20963
2;4;47;17541
2;4;48;1334
2;4;49;32973
2;4;50;891
2;4;51;785
2;4;52;1264
2;4;53;24044
2;4;54;24046
2;4;55;1254
2;4;56;2728
2;4;57;5791
2;4;58;23702
2;4;59;4358
2;4;60;6139
2;4;61;853
2;4;62;1083
2;4;63;751
2;4;64;20419
2;4;65;2714
2;4;66;23852
2;4;67;26265
2;4;68;778
2;4;69;688
2;4;70;1041
2;4;71;882
2;4;72;1337
2;4;73;31025
2;4;74;1189
2;4;75;31833
2;4;76;17957
2;4;77;31517
2;4;78;30863
2;4;79;27158
2;4;80;17714
2;4;81;7184
2;4;82;16062
2;4;83;8435
2;4;84;30075
2;4;85;3197
2;4;86;23086
2;4;87;6274
2;4;88;4359
2;4;89;19168
2;4;90;395
2;4;91;25704
2;4;92;32245
2;4;93;5794
2;4;94;30440
2;4;95;34343
2;4;96;1605
2;4;97;25543
2;4;98;33951
2;4;99;0
2;4;100;361
2;4;101;363
2;4;102;4734
2;4;103;5139
2;4;104;661
2;4;105;1602
2;4;106;3348
2;4;107;33827
2;4;108;1335
2;4;109;5793
2;4;110;31961
2;4;111;4357
2;4;112;4328
2;4;113;6527
2;4;114;4333
2;4;115;26373
2;4;116;24822
2;4;117;19441
2;4;118;20844
2;4;119;6270
2;4;120;3209
2;4;121;6181
2;4;122;17733
2;4;123;16067
2;4;124;4318
2;4;125;24330
2;4;126;18963
2;4;127;6321
2;4;128;27561
2;4;129;26317
2;4;130;24229
2;4;131;5296
2;4;132;24042
2;4;133;2511
2;4;134;26558
2;4;135;0
1;5;1;31469
1;5;2;2188
1;5;3;2191
1;5;4;27934
1;5;5;27932
1;5;6;33306
1;5;7;33226
1;5;8;8444
1;5;9;33
1;5;10;23590
1;5;11;14927
1;5;12;15958
1;5;13;753
1;5;14;18283
1;5;15;4974
1;5;16;5131
1;5;17;31658
1;5;18;31661
1;5;19;5542
1;5;20;6503
1;5;21;32823
1;5;22;31663
1;5;23;31020
1;5;24;0
1;5;25;33666
1;5;26;1178
1;5;27;34684
1;5;28;28022
1;5;29;4153
1;5;30;23456
1;5;31;5553
1;5;32;6895
1;5;33;143
1;5;34;1228
1;5;35;23160
1;5;36;18720
1;5;37;27958
1;5;38;5297
1;5;39;31750
1;5;40;5773
1;5;41;32261
1;5;42;32370
1;5;43;4576
1;5;44;34611
1;5;45;2346
1;5;46;6428
1;5;47;8983
1;5;48;6322
1;5;49;32245
1;5;50;29398
1;5;51;29399
1;5;52;6378
1;5;53;33513
1;5;54;15031
1;5;55;28985
1;5;56;5927
1;5;57;651
1;5;58;18996
1;5;59;21589
1;5;60;28367
1;5;61;7226
1;5;62;19186
1;5;63;32776
1;5;64;9490
1;5;65;29598
1;5;66;32985
1;5;67;658
1;5;68;1008
1;5;69;927
1;5;70;4881
1;5;71;32950
1;5;72;6813
1;5;73;23862
1;5;74;949
1;5;75;984
1;5;76;26763
1;5;77;846
1;5;78;5185
1;5;79;34331
1;5;80;1526
1;5;81;24164
1;5;82;8409
1;5;83;6094
1;5;84;1139
1;5;85;3115
1;5;86;28546
1;5;87;25505
1;5;88;19770
1;5;89;25586
1;5;90;31485
1;5;91;0
2;5;1;809
2;5;2;810
2;5;3;24163
2;5;4;21064
2;5;5;3238
2;5;6;4334
2;5;7;1566
2;5;8;843
2;5;9;1640
2;5;10;945
2;5;11;18716
2;5;12;16472
2;5;13;22341
2;5;14;33318
2;5;15;31027
2;5;16;1184
2;5;17;1010
2;5;18;30199
2;5;19;29911
2;5;20;18715
2;5;21;696
2;5;22;31905
2;5;23;5298
2;5;24;962
2;5;25;941
2;5;26;597
2;5;27;644
2;5;28;964
2;5;29;24119
2;5;30;25743
2;5;31;951
2;5;32;23982
2;5;33;1005
2;5;34;7205
2;5;35;4721
2;5;36;8369
2;5;37;23988
2;5;38;940
2;5;39;34389
2;5;40;28987
2;5;41;28043
2;5;42;32952
2;5;43;8669
2;5;44;943
2;5;45;32746
2;5;46;4953
2;5;47;5908
2;5;48;4340
2;5;49;15093
2;5;50;2340
2;5;51;33953
2;5;52;981
2;5;53;19950
2;5;54;993
2;5;55;5576
2;5;56;24257
2;5;57;1200
2;5;58;2524
2;5;59;29931
2;5;60;31051
2;5;61;944
2;5;62;952
2;5;63;31189
2;5;64;32949
2;5;65;33003
2;5;66;34825
2;5;67;30190
2;5;68;30218
2;5;69;30243
2;5;70;34197
2;5;71;30186
2;5;72;30160
2;5;73;30351
2;5;74;30352
2;5;75;29943
2;5;76;25649
2;5;77;946
2;5;78;33839
2;5;79;30934
2;5;80;942
2;5;81;30758
2;5;82;29973
2;5;83;9016
2;5;84;17439
2;5;85;31047
2;5;86;33740
2;5;87;5762
2;5;88;21839
2;5;89;950
2;5;90;948
2;5;91;7706
2;5;92;959
2;5;93;958
2;5;94;890
2;5;95;23876
2;5;96;947
2;5;97;6255
2;5;98;932
2;5;99;7867
2;5;100;21147
2;5;101;33991
2;5;102;8492
2;5;103;6759
2;5;104;2840
2;5;105;8942
2;5;106;8699
2;5;107;32386
2;5;108;6064
2;5;109;577
2;5;110;5532
2;5;111;34111
2;5;112;8316
2;5;113;32681
2;5;114;0
2;5;115;0
