1;1;1;17201
1;1;2;5729
1;1;3;4994
1;1;4;2353
1;1;5;5009
1;1;6;28819
1;1;7;24120
1;1;8;15760
1;1;9;7308
1;1;10;5201
1;1;11;15142
1;1;12;2306
1;1;13;7740
1;1;14;4956
1;1;15;4977
1;1;16;4815
1;1;17;32560
1;1;18;7355
1;1;19;7357
1;1;20;7359
1;1;21;24306
1;1;22;31961
1;1;23;2516
1;1;24;22147
1;1;25;1269
1;1;26;205
1;1;27;32245
1;1;28;1068
1;1;29;3141
1;1;30;29839
1;1;31;18006
1;1;32;18009
1;1;33;1255
1;1;34;5036
1;1;35;1268
1;1;36;31156
1;1;37;28007
1;1;38;4779
1;1;39;1247
1;1;40;1246
1;1;41;32079
1;1;42;1241
1;1;43;7133
1;1;44;21094
1;1;45;32109
1;1;46;7424
1;1;47;508
1;1;48;817
1;1;49;20412
1;1;50;7505
1;1;51;7720
1;1;52;2741
1;1;53;31483
1;1;54;571
1;1;55;574
1;1;56;15674
1;1;57;550
1;1;58;23726
1;1;59;34650
1;1;60;7477
1;1;61;34646
1;1;62;26046
1;1;63;5232
1;1;64;1374
1;1;65;34762
1;1;66;0
1;1;67;2688
1;1;68;363
1;1;69;1594
1;1;70;28495
1;1;71;34672
1;1;72;4842
1;1;73;2839
1;1;74;33236
1;1;75;33666
1;1;76;2699
1;1;77;6498
1;1;78;4579
1;1;79;1726
1;1;80;15767
1;1;81;22184
1;1;82;25213
1;1;83;16575
1;1;84;22704
1;1;85;30730
1;1;86;27965
1;1;87;20215
1;1;88;1212
1;1;89;15074
1;1;90;16908
1;1;91;5209
1;1;92;3219
1;1;93;29032
1;1;94;33686
1;1;95;24043
1;1;96;7492
1;1;97;32774
1;1;98;28516
1;1;99;6771
1;1;100;26836
1;1;101;114
1;1;102;2500
1;1;103;30026
1;1;104;4782
1;1;105;28784
1;1;106;16919
1;1;107;406
1;1;108;23596
1;1;109;26515
1;1;110;21343
1;1;111;4825
1;1;112;0
2;1;1;23728
2;1;2;5226
2;1;3;6168
2;1;4;5053
2;1;5;795
2;1;6;27327
2;1;7;6587
2;1;8;8418
2;1;9;4800
2;1;10;4851
2;1;11;4907
2;1;12;31663
2;1;13;31661
2;1;14;31658
2;1;15;4852
2;1;16;26241
2;1;17;34458
2;1;18;2627
2;1;19;6315
2;1;20;2682
2;1;21;3292
2;1;22;4935
2;1;23;2184
2;1;24;1903
2;1;25;8361
2;1;26;2680
2;1;27;20512
2;1;28;4235
2;1;29;1585
2;1;30;2100
2;1;31;7309
2;1;32;18872
2;1;33;2091
2;1;34;4845
2;1;35;33532
2;1;36;892
2;1;37;32809
2;1;38;28082
2;1;39;4746
2;1;40;19836
2;1;41;5063
2;1;42;31267
2;1;43;4950
2;1;44;4767
2;1;45;21967
2;1;46;603
2;1;47;3140
2;1;48;4774
2;1;49;4949
2;1;50;4823
2;1;51;5205
2;1;52;4829
2;1;53;7617
2;1;54;24021
2;1;55;8365
2;1;56;4814
2;1;57;34582
2;1;58;4926
2;1;59;32813
2;1;60;33104
2;1;61;15911
2;1;62;4234
2;1;63;1602
2;1;64;839
2;1;65;31151
2;1;66;16132
2;1;67;1040
2;1;68;25745
2;1;69;22751
2;1;70;29342
2;1;71;34814
2;1;72;936
2;1;73;4201
2;1;74;31183
2;1;75;30812
2;1;76;3308
2;1;77;5882
2;1;78;27365
2;1;79;32895
2;1;80;1221
2;1;81;8131
2;1;82;1012
2;1;83;30165
2;1;84;5970
2;1;85;7137
2;1;86;23037
2;1;87;31441
2;1;88;7979
2;1;89;25341
2;1;90;8269
2;1;91;8033
2;1;92;835
2;1;93;8233
2;1;94;34486
2;1;95;17379
2;1;96;7646
2;1;97;23890
2;1;98;22483
2;1;99;4487
2;1;100;0
2;1;101;28825
2;1;102;32889
2;1;103;4910
2;1;104;2949
2;1;105;4987
2;1;106;31461
2;1;107;5202
2;1;108;3205
2;1;109;29921
2;1;110;4992
2;1;111;5929
2;1;112;5128
2;1;113;4988
2;1;114;5407
2;1;115;4740
2;1;116;5055
2;1;117;28289
2;1;118;22171
2;1;119;5018
2;1;120;1732
2;1;121;5017
2;1;122;4978
2;1;123;6224
2;1;124;4763
2;1;125;5006
2;1;126;27613
2;1;127;5004
2;1;128;2539
2;1;129;4884
2;1;130;4969
2;1;131;6925
2;1;132;7953
2;1;133;3003
2;1;134;5012
2;1;135;8141
2;1;136;5159
2;1;137;1771
2;1;138;4748
2;1;139;5362
2;1;140;5189
2;1;141;5092
2;1;142;1728
2;1;143;4958
2;1;144;26079
2;1;145;17969
2;1;146;1758
2;1;147;8244
2;1;148;5097
2;1;149;19987
2;1;150;18
2;1;151;1407
2;1;152;4875
2;1;153;31279
2;1;154;4798
2;1;155;34679
2;1;156;0
1;2;1;32946
1;2;2;2188
1;2;3;2191
1;2;4;27934
1;2;5;27932
1;2;6;865
1;2;7;18716
1;2;8;3329
1;2;9;3115
1;2;10;28546
1;2;11;24164
1;2;12;5762
1;2;13;33306
1;2;14;33226
1;2;15;9490
1;2;16;8444
1;2;17;14927
1;2;18;27561
1;2;19;31750
1;2;20;32245
1;2;21;33
1;2;22;24822
1;2;23;26265
1;2;24;21300
1;2;25;32864
1;2;26;24358
1;2;27;1066
1;2;28;33985
1;2;29;20255
1;2;30;26862
1;2;31;1272
1;2;32;8497
1;2;33;697
1;2;34;730
1;2;35;19473
1;2;36;0
1;2;37;21335
1;2;38;33346
1;2;39;1854
1;2;40;361
1;2;41;7161
1;2;42;5804
1;2;43;3018
1;2;44;6010
1;2;45;7104
1;2;46;8413
1;2;47;6289
1;2;48;325
1;2;49;5048
1;2;50;2832
1;2;51;5114
1;2;52;1601
1;2;53;15487
1;2;54;6395
1;2;55;8319
1;2;56;5636
1;2;57;8030
1;2;58;33024
1;2;59;34878
1;2;60;1181
1;2;61;6887
1;2;62;29266
1;2;63;1663
1;2;64;5787
1;2;65;4750
1;2;66;6286
1;2;67;8410
1;2;68;29509
1;2;69;2316
1;2;70;4753
1;2;71;4879
1;2;72;4350
1;2;73;5005
1;2;74;895
1;2;75;5015
1;2;76;15458
1;2;77;5224
1;2;78;34910
1;2;79;5339
1;2;80;15940
1;2;81;15426
1;2;82;1824
1;2;83;17095
1;2;84;1772
1;2;85;6865
1;2;86;22342
1;2;87;6249
1;2;88;2621
1;2;89;32606
1;2;90;2698
1;2;91;1895
1;2;92;5049
1;2;93;4896
1;2;94;4797
1;2;95;32601
1;2;96;26054
1;2;97;20010
1;2;98;4796
1;2;99;2757
1;2;100;1805
1;2;101;2707
1;2;102;1764
1;2;103;1734
1;2;104;6888
1;2;105;1745
1;2;106;1727
1;2;107;31679
1;2;108;4804
1;2;109;2300
1;2;110;30152
1;2;111;25969
1;2;112;122
1;2;113;33211
1;2;114;19697
1;2;115;25678
1;2;116;34219
1;2;117;4752
1;2;118;4838
1;2;119;4934
1;2;120;17907
1;2;121;6147
1;2;122;1959
1;2;123;7480
1;2;124;34121
1;2;125;19377
1;2;126;5116
1;2;127;0
2;2;1;28899
2;2;2;4974
2;2;3;7941
2;2;4;20690
2;2;5;16580
2;2;6;4831
2;2;7;22296
2;2;8;32568
2;2;9;4775
2;2;10;30809
2;2;11;8368
2;2;12;1625
2;2;13;15272
2;2;14;20231
2;2;15;19546
2;2;16;8211
2;2;17;4801
2;2;18;5190
2;2;19;4857
2;2;20;5105
2;2;21;4824
2;2;22;29035
2;2;23;5170
2;2;24;5140
2;2;25;30528
2;2;26;4955
2;2;27;5175
2;2;28;4945
2;2;29;5176
2;2;30;5239
2;2;31;4772
2;2;32;5832
2;2;33;8412
2;2;34;5058
2;2;35;5144
2;2;36;5571
2;2;37;4608
2;2;38;5152
2;2;39;5107
2;2;40;5983
2;2;41;2334
2;2;42;19087
2;2;43;4957
2;2;44;29250
2;2;45;28125
2;2;46;5109
2;2;47;5061
2;2;48;19155
2;2;49;4991
2;2;50;6359
2;2;51;5039
2;2;52;32559
2;2;53;1739
2;2;54;4783
2;2;55;7541
2;2;56;6603
2;2;57;5127
2;2;58;5050
2;2;59;4903
2;2;60;5052
2;2;61;2697
2;2;62;898
2;2;63;5011
2;2;64;8327
2;2;65;16607
2;2;66;338
2;2;67;4895
2;2;68;4816
2;2;69;30238
2;2;70;6272
2;2;71;1875
2;2;72;1876
2;2;73;5564
2;2;74;5142
2;2;75;31913
2;2;76;6144
2;2;77;5082
2;2;78;16697
2;2;79;6136
2;2;80;26064
2;2;81;5178
2;2;82;5861
2;2;83;25100
2;2;84;24125
2;2;85;8414
2;2;86;1751
2;2;87;5550
2;2;88;34841
2;2;89;4755
2;2;90;1826
2;2;91;5146
2;2;92;4766
2;2;93;32285
2;2;94;31548
2;2;95;15825
2;2;96;5351
2;2;97;4970
2;2;98;7300
2;2;99;1760
2;2;100;25860
2;2;101;5093
2;2;102;1888
2;2;103;30875
2;2;104;17262
2;2;105;1995
2;2;106;576
2;2;107;0
2;2;108;31020
2;2;109;4986
2;2;110;875
2;2;111;1774
2;2;112;317
2;2;113;33203
2;2;114;32538
2;2;115;908
2;2;116;907
2;2;117;27189
2;2;118;30872
2;2;119;7372
2;2;120;7370
2;2;121;909
2;2;122;969
2;2;123;6129
2;2;124;21179
2;2;125;887
2;2;126;7371
2;2;127;26248
2;2;128;7365
2;2;129;7373
2;2;130;1085
2;2;131;808
2;2;132;850
2;2;133;29626
2;2;134;27137
2;2;135;934
2;2;136;1069
2;2;137;844
2;2;138;30382
2;2;139;1223
2;2;140;930
2;2;141;162
2;2;142;7097
2;2;143;23922
2;2;144;733
2;2;145;18837
2;2;146;32168
2;2;147;29087
2;2;148;7374
2;2;149;33996
2;2;150;956
2;2;151;812
2;2;152;7009
2;2;153;1522
2;2;154;20328
2;2;155;7694
2;2;156;32694
2;2;157;8272
2;2;158;8584
2;2;159;0
1;3;1;5139
1;3;2;5878
1;3;3;996
1;3;4;972
1;3;5;4858
1;3;6;6340
1;3;7;5131
1;3;8;32823
1;3;9;31661
1;3;10;31658
1;3;11;31663
1;3;12;4749
1;3;13;5111
1;3;14;5204
1;3;15;6316
1;3;16;5141
1;3;17;28315
1;3;18;4985
1;3;19;4773
1;3;20;5856
1;3;21;24078
1;3;22;5219
1;3;23;4911
1;3;24;32102
1;3;25;30229
1;3;26;5788
1;3;27;32778
1;3;28;4904
1;3;29;30968
1;3;30;20793
1;3;31;29895
1;3;32;2314
1;3;33;25195
1;3;34;21701
1;3;35;3046
1;3;36;21276
1;3;37;21807
1;3;38;20621
1;3;39;33425
1;3;40;31023
1;3;41;5221
1;3;42;30710
1;3;43;33666
1;3;44;4878
1;3;45;19000
1;3;46;18967
1;3;47;1378
1;3;48;1669
1;3;49;24389
1;3;50;27100
1;3;51;880
1;3;52;23880
1;3;53;16093
1;3;54;17665
1;3;55;1731
1;3;56;7070
1;3;57;642
1;3;58;31323
1;3;59;5473
1;3;60;960
1;3;61;8188
1;3;62;34424
1;3;63;701
1;3;64;1043
1;3;65;7709
1;3;66;1013
1;3;67;34306
1;3;68;935
1;3;69;7083
1;3;70;4088
1;3;71;1584
1;3;72;3333
1;3;73;24047
1;3;74;25908
1;3;75;27465
1;3;76;26414
1;3;77;14930
1;3;78;18835
1;3;79;26243
1;3;80;29647
1;3;81;7610
1;3;82;31152
1;3;83;15180
1;3;84;34612
1;3;85;7980
1;3;86;30824
1;3;87;16759
1;3;88;34669
1;3;89;7747
1;3;90;8363
1;3;91;1065
1;3;92;881
1;3;93;1064
1;3;94;1015
1;3;95;24882
1;3;96;3348
1;3;97;5793
1;3;98;7814
1;3;99;0
1;3;100;5215
1;3;101;919
1;3;102;34909
1;3;103;24118
1;3;104;811
1;3;105;23990
1;3;106;4319
1;3;107;1518
1;3;108;34544
1;3;109;30157
1;3;110;0
2;3;1;7774
2;3;2;358
2;3;3;5080
2;3;4;8607
2;3;5;31469
2;3;6;24528
2;3;7;8202
2;3;8;24180
2;3;9;30375
2;3;10;1934
2;3;11;537
2;3;12;1517
2;3;13;2740
2;3;14;25262
2;3;15;4354
2;3;16;6248
2;3;17;622
2;3;18;7237
2;3;19;584
2;3;20;23110
2;3;21;7714
2;3;22;6478
2;3;23;23155
2;3;24;25776
2;3;25;34199
2;3;26;1324
2;3;27;538
2;3;28;30814
2;3;29;27124
2;3;30;2862
2;3;31;30815
2;3;32;526
2;3;33;7072
2;3;34;7618
2;3;35;33976
2;3;36;7437
2;3;37;34593
2;3;38;23795
2;3;39;2212
2;3;40;15631
2;3;41;5303
2;3;42;32127
2;3;43;1720
2;3;44;28061
2;3;45;7040
2;3;46;2259
2;3;47;449
2;3;48;7314
2;3;49;6955
2;3;50;7316
2;3;51;8201
2;3;52;7315
2;3;53;1155
2;3;54;5264
2;3;55;7730
2;3;56;32735
2;3;57;7011
2;3;58;31188
2;3;59;22825
2;3;60;624
2;3;61;557
2;3;62;1067
2;3;63;1017
2;3;64;32876
2;3;65;33206
2;3;66;19375
2;3;67;32300
2;3;68;1583
2;3;69;572
2;3;70;5229
2;3;71;8234
2;3;72;768
2;3;73;33947
2;3;74;573
2;3;75;5682
2;3;76;562
2;3;77;25920
2;3;78;767
2;3;79;32562
2;3;80;552
2;3;81;25248
2;3;82;620
2;3;83;8290
2;3;84;1000
2;3;85;141
2;3;86;1174
2;3;87;4337
2;3;88;1213
2;3;89;7791
2;3;90;783
2;3;91;30657
2;3;92;7430
2;3;93;3295
2;3;94;997
2;3;95;23391
2;3;96;33840
2;3;97;33781
2;3;98;25584
2;3;99;2652
2;3;100;1063
2;3;101;1007
2;3;102;31507
2;3;103;34374
2;3;104;31608
2;3;105;0
2;3;106;29175
2;3;107;1188
2;3;108;1303
2;3;109;30164
2;3;110;747
2;3;111;23955
2;3;112;33904
2;3;113;883
2;3;114;789
2;3;115;20533
2;3;116;6260
2;3;117;32096
2;3;118;23106
2;3;119;1084
2;3;120;16673
2;3;121;1336
2;3;122;22253
2;3;123;868
2;3;124;2483
2;3;125;29975
2;3;126;33002
2;3;127;1638
2;3;128;5792
2;3;129;766
2;3;130;6169
2;3;131;6863
2;3;132;2593
2;3;133;29744
2;3;134;4454
2;3;135;28198
2;3;136;1018
2;3;137;0
1;4;1;34762
1;4;2;23810
1;4;3;4631
1;4;4;6587
1;4;5;3349
1;4;6;5010
1;4;7;18
1;4;8;29730
1;4;9;4844
1;4;10;5056
1;4;11;6809
1;4;12;4763
1;4;13;24162
1;4;14;26079
1;4;15;7211
1;4;16;7953
1;4;17;32702
1;4;18;34739
1;4;19;5888
1;4;20;4780
1;4;21;31898
1;4;22;6217
1;4;23;24120
1;4;24;7308
1;4;25;30370
1;4;26;2306
1;4;27;7740
1;4;28;1755
1;4;29;5555
1;4;30;30969
1;4;31;5166
1;4;32;23070
1;4;33;4751
1;4;34;5126
1;4;35;820
1;4;36;4981
1;4;37;5038
1;4;38;33849
1;4;39;7359
1;4;40;7355
1;4;41;16960
1;4;42;7357
1;4;43;24306
1;4;44;28007
1;4;45;30149
1;4;46;1247
1;4;47;32079
1;4;48;2241
1;4;49;3330
1;4;50;8971
1;4;51;21094
1;4;52;32109
1;4;53;27692
1;4;54;7646
1;4;55;2741
1;4;56;7472
1;4;57;23726
1;4;58;34646
1;4;59;34650
1;4;60;26046
1;4;61;30411
1;4;62;15674
1;4;63;1246
1;4;64;15945
1;4;65;18887
1;4;66;24705
1;4;67;31588
1;4;68;31801
1;4;69;859
1;4;70;4736
1;4;71;1599
1;4;72;1230
1;4;73;1179
1;4;74;885
1;4;75;5344
1;4;76;28702
1;4;77;3322
1;4;78;32711
1;4;79;33070
1;4;80;18720
1;4;81;27958
1;4;82;5297
1;4;83;0
1;4;84;7772
1;4;85;33236
1;4;86;5037
1;4;87;34288
1;4;88;661
1;4;89;6828
1;4;90;33827
1;4;91;26070
1;4;92;804
1;4;93;6360
1;4;94;33162
1;4;95;1312
1;4;96;24295
1;4;97;33926
1;4;98;26706
1;4;99;30365
1;4;100;1211
1;4;101;933
1;4;102;34366
1;4;103;2939
1;4;104;1273
1;4;105;1506
1;4;106;4618
1;4;107;26190
1;4;108;29885
1;4;109;26401
1;4;110;31156
1;4;111;30825
1;4;112;1332
1;4;113;1278
1;4;114;851
1;4;115;6654
1;4;116;5036
1;4;117;1268
1;4;118;29893
1;4;119;1267
1;4;120;30089
1;4;121;1254
1;4;122;1334
1;4;123;3134
1;4;124;32973
1;4;125;1255
1;4;126;3357
1;4;127;15265
1;4;128;0
2;4;1;7753
2;4;2;27700
2;4;3;2456
2;4;4;1335
2;4;5;836
2;4;6;3045
2;4;7;1590
2;4;8;34504
2;4;9;1603
2;4;10;8333
2;4;11;20453
2;4;12;20457
2;4;13;6912
2;4;14;29204
2;4;15;33954
2;4;16;4367
2;4;17;30242
2;4;18;24322
2;4;19;205
2;4;20;24449
2;4;21;21297
2;4;22;2094
2;4;23;22771
2;4;24;28517
2;4;25;15168
2;4;26;31136
2;4;27;16326
2;4;28;25082
2;4;29;1957
2;4;30;29246
2;4;31;256
2;4;32;8331
2;4;33;25465
2;4;34;1280
2;4;35;24461
2;4;36;31904
2;4;37;1256
2;4;38;5679
2;4;39;31900
2;4;40;24294
2;4;41;20963
2;4;42;17541
2;4;43;891
2;4;44;785
2;4;45;1264
2;4;46;24044
2;4;47;24046
2;4;48;34050
2;4;49;2728
2;4;50;5791
2;4;51;853
2;4;52;6139
2;4;53;23702
2;4;54;4358
2;4;55;1083
2;4;56;751
2;4;57;20419
2;4;58;2714
2;4;59;23852
2;4;60;1924
2;4;61;1041
2;4;62;882
2;4;63;1337
2;4;64;31025
2;4;65;1189
2;4;66;31833
2;4;67;17957
2;4;68;31517
2;4;69;30863
2;4;70;27158
2;4;71;17714
2;4;72;24229
2;4;73;7184
2;4;74;16062
2;4;75;8435
2;4;76;30075
2;4;77;3197
2;4;78;23086
2;4;79;32245
2;4;80;4359
2;4;81;6274
2;4;82;19168
2;4;83;395
2;4;84;25704
2;4;85;5794
2;4;86;23590
2;4;87;30440
2;4;88;34343
2;4;89;1605
2;4;90;25543
2;4;91;33951
2;4;92;0
2;4;93;23728
2;4;94;203
2;4;95;204
2;4;96;29839
2;4;97;30383
2;4;98;778
2;4;99;688
2;4;100;4357
2;4;101;4328
2;4;102;6527
2;4;103;4333
2;4;104;26373
2;4;105;26317
2;4;106;19441
2;4;107;6270
2;4;108;20844
2;4;109;3209
2;4;110;6181
2;4;111;17733
2;4;112;16067
2;4;113;4318
2;4;114;18963
2;4;115;24330
2;4;116;6321
2;4;117;2511
2;4;118;5296
2;4;119;24042
2;4;120;26558
2;4;121;0
1;5;1;33666
1;5;2;2188
1;5;3;2191
1;5;4;28546
1;5;5;33306
1;5;6;33226
1;5;7;32245
1;5;8;33
1;5;9;31750
1;5;10;14927
1;5;11;1178
1;5;12;31658
1;5;13;31661
1;5;14;5542
1;5;15;31663
1;5;16;6503
1;5;17;0
1;5;18;25188
1;5;19;3223
1;5;20;4734
1;5;21;2836
1;5;22;18283
1;5;23;753
1;5;24;1331
1;5;25;23621
1;5;26;4153
1;5;27;23456
1;5;28;5553
1;5;29;6895
1;5;30;143
1;5;31;1228
1;5;32;16661
1;5;33;23160
1;5;34;15958
1;5;35;5773
1;5;36;32261
1;5;37;32370
1;5;38;4576
1;5;39;29892
1;5;40;33071
1;5;41;121
1;5;42;8983
1;5;43;6322
1;5;44;6428
1;5;45;34611
1;5;46;2346
1;5;47;29398
1;5;48;29399
1;5;49;33513
1;5;50;15031
1;5;51;28985
1;5;52;5927
1;5;53;651
1;5;54;18996
1;5;55;21589
1;5;56;28367
1;5;57;7226
1;5;58;19186
1;5;59;32776
1;5;60;29598
1;5;61;927
1;5;62;32985
1;5;63;658
1;5;64;1008
1;5;65;32950
1;5;66;4881
1;5;67;6813
1;5;68;21839
1;5;69;949
1;5;70;24590
1;5;71;984
1;5;72;846
1;5;73;26763
1;5;74;5185
1;5;75;34331
1;5;76;1526
1;5;77;25505
1;5;78;8409
1;5;79;1139
1;5;80;6094
1;5;81;19770
1;5;82;31485
1;5;83;0
2;5;1;4524
2;5;2;24163
2;5;3;809
2;5;4;21064
2;5;5;3238
2;5;6;4334
2;5;7;1566
2;5;8;27934
2;5;9;843
2;5;10;1640
2;5;11;945
2;5;12;16472
2;5;13;22341
2;5;14;33318
2;5;15;27932
2;5;16;31027
2;5;17;1184
2;5;18;1010
2;5;19;810
2;5;20;31905
2;5;21;18715
2;5;22;696
2;5;23;5298
2;5;24;941
2;5;25;962
2;5;26;942
2;5;27;597
2;5;28;644
2;5;29;964
2;5;30;951
2;5;31;25743
2;5;32;7205
2;5;33;1005
2;5;34;4721
2;5;35;8369
2;5;36;23988
2;5;37;940
2;5;38;34389
2;5;39;28987
2;5;40;28043
2;5;41;32952
2;5;42;8669
2;5;43;32746
2;5;44;943
2;5;45;5908
2;5;46;4340
2;5;47;15093
2;5;48;2340
2;5;49;4953
2;5;50;19950
2;5;51;981
2;5;52;33953
2;5;53;5576
2;5;54;993
2;5;55;1200
2;5;56;24257
2;5;57;2524
2;5;58;29931
2;5;59;31051
2;5;60;24119
2;5;61;23982
2;5;62;952
2;5;63;944
2;5;64;30934
2;5;65;31189
2;5;66;32949
2;5;67;33003
2;5;68;30190
2;5;69;34825
2;5;70;30218
2;5;71;30243
2;5;72;34197
2;5;73;30351
2;5;74;30160
2;5;75;30186
2;5;76;30352
2;5;77;29943
2;5;78;25649
2;5;79;33839
2;5;80;946
2;5;81;29911
2;5;82;30199
2;5;83;30758
2;5;84;29973
2;5;85;31047
2;5;86;9016
2;5;87;17439
2;5;88;33740
2;5;89;23862
2;5;90;7706
2;5;91;25586
2;5;92;950
2;5;93;948
2;5;94;890
2;5;95;23876
2;5;96;958
2;5;97;959
2;5;98;947
2;5;99;932
2;5;100;7867
2;5;101;6255
2;5;102;21147
2;5;103;33991
2;5;104;8492
2;5;105;6759
2;5;106;2840
2;5;107;8942
2;5;108;6378
2;5;109;8699
2;5;110;577
2;5;111;6064
2;5;112;32386
2;5;113;5532
2;5;114;34111
2;5;115;32681
2;5;116;8316
2;5;117;0
2;5;118;34684
2;5;119;28022
2;5;120;0
