1;1;1;23728
1;1;2;19987
1;1;3;5010
1;1;4;28819
1;1;5;24120
1;1;6;15760
1;1;7;7308
1;1;8;5201
1;1;9;2306
1;1;10;7740
1;1;11;24078
1;1;12;4815
1;1;13;32560
1;1;14;7355
1;1;15;7373
1;1;16;7357
1;1;17;7359
1;1;18;24306
1;1;19;31961
1;1;20;2516
1;1;21;1280
1;1;22;205
1;1;23;32245
1;1;24;1068
1;1;25;778
1;1;26;29839
1;1;27;18006
1;1;28;18009
1;1;29;22147
1;1;30;1255
1;1;31;1268
1;1;32;5036
1;1;33;31156
1;1;34;28007
1;1;35;1246
1;1;36;1247
1;1;37;15945
1;1;38;32079
1;1;39;1241
1;1;40;7133
1;1;41;21094
1;1;42;32109
1;1;43;817
1;1;44;20412
1;1;45;7720
1;1;46;2741
1;1;47;31483
1;1;48;1213
1;1;49;571
1;1;50;15674
1;1;51;550
1;1;52;23726
1;1;53;34650
1;1;54;34646
1;1;55;26046
1;1;56;31658
1;1;57;4852
1;1;58;34762
1;1;59;0
1;1;60;33236
1;1;61;28899
1;1;62;4842
1;1;63;34672
1;1;64;28495
1;1;65;2839
1;1;66;1594
1;1;67;21335
1;1;68;363
1;1;69;33666
1;1;70;2699
1;1;71;6498
1;1;72;4579
1;1;73;1726
1;1;74;15767
1;1;75;22184
1;1;76;3219
1;1;77;114
1;1;78;6771
1;1;79;22704
1;1;80;32774
1;1;81;27965
1;1;82;33686
1;1;83;28784
1;1;84;21343
1;1;85;23596
1;1;86;2500
1;1;87;16919
1;1;88;25213
1;1;89;4825
1;1;90;406
1;1;91;30730
1;1;92;20215
1;1;93;26836
1;1;94;16575
1;1;95;7492
1;1;96;4782
1;1;97;30026
1;1;98;16908
1;1;99;26515
1;1;100;29032
1;1;101;28516
1;1;102;5209
1;1;103;1212
1;1;104;24043
1;1;105;15074
1;1;106;6168
1;1;107;795
1;1;108;0
2;1;1;3223
2;1;2;8365
2;1;3;6340
2;1;4;23810
2;1;5;5053
2;1;6;4631
2;1;7;27327
2;1;8;33532
2;1;9;6587
2;1;10;4800
2;1;11;2091
2;1;12;4851
2;1;13;4907
2;1;14;31663
2;1;15;32823
2;1;16;31661
2;1;17;5131
2;1;18;26241
2;1;19;34458
2;1;20;2627
2;1;21;6315
2;1;22;2682
2;1;23;4935
2;1;24;3292
2;1;25;2184
2;1;26;1903
2;1;27;20512
2;1;28;2680
2;1;29;4749
2;1;30;4974
2;1;31;8361
2;1;32;4235
2;1;33;1585
2;1;34;2100
2;1;35;18872
2;1;36;7309
2;1;37;8418
2;1;38;4845
2;1;39;892
2;1;40;32809
2;1;41;28082
2;1;42;19836
2;1;43;31267
2;1;44;3140
2;1;45;603
2;1;46;5063
2;1;47;4746
2;1;48;21967
2;1;49;4950
2;1;50;4767
2;1;51;4774
2;1;52;4949
2;1;53;4823
2;1;54;5205
2;1;55;4829
2;1;56;7617
2;1;57;24021
2;1;58;4814
2;1;59;34582
2;1;60;4926
2;1;61;32813
2;1;62;4858
2;1;63;1188
2;1;64;24118
2;1;65;33104
2;1;66;15911
2;1;67;4234
2;1;68;7753
2;1;69;839
2;1;70;1602
2;1;71;31151
2;1;72;16132
2;1;73;1040
2;1;74;25745
2;1;75;31183
2;1;76;34814
2;1;77;29342
2;1;78;4201
2;1;79;22751
2;1;80;936
2;1;81;30812
2;1;82;2456
2;1;83;5882
2;1;84;27365
2;1;85;8131
2;1;86;1221
2;1;87;32895
2;1;88;30165
2;1;89;1012
2;1;90;23037
2;1;91;5970
2;1;92;31441
2;1;93;7979
2;1;94;7137
2;1;95;8269
2;1;96;25341
2;1;97;32168
2;1;98;8033
2;1;99;835
2;1;100;34486
2;1;101;17379
2;1;102;7646
2;1;103;23890
2;1;104;4487
2;1;105;0
2;1;106;28825
2;1;107;32889
2;1;108;4910
2;1;109;2949
2;1;110;4987
2;1;111;31461
2;1;112;5202
2;1;113;3205
2;1;114;17201
2;1;115;29921
2;1;116;4992
2;1;117;5929
2;1;118;5128
2;1;119;4988
2;1;120;5407
2;1;121;1758
2;1;122;5055
2;1;123;4740
2;1;124;28289
2;1;125;22171
2;1;126;5018
2;1;127;1732
2;1;128;5017
2;1;129;5006
2;1;130;27613
2;1;131;6224
2;1;132;4763
2;1;133;5056
2;1;134;4875
2;1;135;31279
2;1;136;31898
2;1;137;7953
2;1;138;4884
2;1;139;4780
2;1;140;5009
2;1;141;4969
2;1;142;5888
2;1;143;3003
2;1;144;8141
2;1;145;5012
2;1;146;5159
2;1;147;1771
2;1;148;4748
2;1;149;5166
2;1;150;23070
2;1;151;5189
2;1;152;1728
2;1;153;5362
2;1;154;5092
2;1;155;4958
2;1;156;26079
2;1;157;17969
2;1;158;5097
2;1;159;8244
2;1;160;5729
2;1;161;8410
2;1;162;18
2;1;163;4844
2;1;164;1407
2;1;165;6925
2;1;166;4798
2;1;167;34679
2;1;168;0
1;2;1;32946
1;2;2;2188
1;2;3;2191
1;2;4;27934
1;2;5;27932
1;2;6;865
1;2;7;3329
1;2;8;3115
1;2;9;28546
1;2;10;8409
1;2;11;33306
1;2;12;33226
1;2;13;8444
1;2;14;14927
1;2;15;31750
1;2;16;32245
1;2;17;33
1;2;18;24822
1;2;19;26265
1;2;20;1269
1;2;21;8331
1;2;22;24358
1;2;23;30089
1;2;24;1066
1;2;25;33985
1;2;26;20255
1;2;27;1272
1;2;28;8497
1;2;29;7814
1;2;30;1774
1;2;31;730
1;2;32;19473
1;2;33;0
1;2;34;7161
1;2;35;3018
1;2;36;5804
1;2;37;8211
1;2;38;6010
1;2;39;7104
1;2;40;3349
1;2;41;8413
1;2;42;325
1;2;43;5126
1;2;44;5048
1;2;45;5114
1;2;46;2832
1;2;47;15487
1;2;48;1601
1;2;49;6395
1;2;50;8319
1;2;51;8030
1;2;52;5636
1;2;53;33024
1;2;54;34878
1;2;55;4977
1;2;56;1181
1;2;57;6887
1;2;58;29266
1;2;59;5787
1;2;60;4750
1;2;61;6286
1;2;62;2353
1;2;63;4994
1;2;64;2316
1;2;65;29509
1;2;66;4879
1;2;67;5005
1;2;68;15458
1;2;69;5015
1;2;70;4753
1;2;71;4350
1;2;72;895
1;2;73;5224
1;2;74;34910
1;2;75;5339
1;2;76;15940
1;2;77;15426
1;2;78;1824
1;2;79;6865
1;2;80;17095
1;2;81;1772
1;2;82;22342
1;2;83;6249
1;2;84;2621
1;2;85;32606
1;2;86;2698
1;2;87;4797
1;2;88;32601
1;2;89;4896
1;2;90;26054
1;2;91;1895
1;2;92;5049
1;2;93;20010
1;2;94;4796
1;2;95;1727
1;2;96;1764
1;2;97;1745
1;2;98;1755
1;2;99;15142
1;2;100;2707
1;2;101;1734
1;2;102;6888
1;2;103;2757
1;2;104;1805
1;2;105;5555
1;2;106;31679
1;2;107;30370
1;2;108;4804
1;2;109;2300
1;2;110;30152
1;2;111;122
1;2;112;25969
1;2;113;33211
1;2;114;4838
1;2;115;19697
1;2;116;25678
1;2;117;34219
1;2;118;4752
1;2;119;4934
1;2;120;17907
1;2;121;6147
1;2;122;1959
1;2;123;7480
1;2;124;5039
1;2;125;34121
1;2;126;19377
1;2;127;5116
1;2;128;0
2;2;1;33346
2;2;2;358
2;2;3;7941
2;2;4;20690
2;2;5;16580
2;2;6;4831
2;2;7;22296
2;2;8;32568
2;2;9;4775
2;2;10;20231
2;2;11;1625
2;2;12;15272
2;2;13;30809
2;2;14;8368
2;2;15;19546
2;2;16;820
2;2;17;4801
2;2;18;5190
2;2;19;4857
2;2;20;5105
2;2;21;4824
2;2;22;29035
2;2;23;5170
2;2;24;30528
2;2;25;5140
2;2;26;4955
2;2;27;5983
2;2;28;5175
2;2;29;5239
2;2;30;4945
2;2;31;5176
2;2;32;4957
2;2;33;4772
2;2;34;5832
2;2;35;8412
2;2;36;28125
2;2;37;5058
2;2;38;5144
2;2;39;5152
2;2;40;5571
2;2;41;4608
2;2;42;5107
2;2;43;2334
2;2;44;19087
2;2;45;29250
2;2;46;5109
2;2;47;19155
2;2;48;5061
2;2;49;4991
2;2;50;6359
2;2;51;32559
2;2;52;1739
2;2;53;4783
2;2;54;7541
2;2;55;6603
2;2;56;5127
2;2;57;5050
2;2;58;4903
2;2;59;5052
2;2;60;898
2;2;61;2697
2;2;62;5011
2;2;63;4755
2;2;64;16607
2;2;65;338
2;2;66;4895
2;2;67;4816
2;2;68;30238
2;2;69;6272
2;2;70;1876
2;2;71;1875
2;2;72;5564
2;2;73;5142
2;2;74;31913
2;2;75;5082
2;2;76;6144
2;2;77;16697
2;2;78;6136
2;2;79;26064
2;2;80;5178
2;2;81;5861
2;2;82;25100
2;2;83;5550
2;2;84;1751
2;2;85;8414
2;2;86;34841
2;2;87;8327
2;2;88;1826
2;2;89;24125
2;2;90;5146
2;2;91;4766
2;2;92;32285
2;2;93;31548
2;2;94;15825
2;2;95;5351
2;2;96;4970
2;2;97;7300
2;2;98;1760
2;2;99;17262
2;2;100;1888
2;2;101;25860
2;2;102;5093
2;2;103;1995
2;2;104;30875
2;2;105;576
2;2;106;2314
2;2;107;29895
2;2;108;0
2;2;109;4986
2;2;110;875
2;2;111;30872
2;2;112;317
2;2;113;33203
2;2;114;32538
2;2;115;907
2;2;116;908
2;2;117;27189
2;2;118;887
2;2;119;909
2;2;120;21179
2;2;121;6129
2;2;122;969
2;2;123;7371
2;2;124;7365
2;2;125;7370
2;2;126;16960
2;2;127;27137
2;2;128;808
2;2;129;850
2;2;130;29626
2;2;131;934
2;2;132;1069
2;2;133;1085
2;2;134;844
2;2;135;30382
2;2;136;1223
2;2;137;930
2;2;138;162
2;2;139;7097
2;2;140;23922
2;2;141;733
2;2;142;18837
2;2;143;8233
2;2;144;29087
2;2;145;7374
2;2;146;33996
2;2;147;812
2;2;148;7009
2;2;149;956
2;2;150;1522
2;2;151;20328
2;2;152;7694
2;2;153;32694
2;2;154;8584
2;2;155;8272
2;2;156;0
1;3;1;5139
1;3;2;996
1;3;3;5878
1;3;4;31661
1;3;5;31658
1;3;6;31663
1;3;7;5111
1;3;8;6316
1;3;9;5141
1;3;10;28315
1;3;11;4985
1;3;12;5204
1;3;13;4773
1;3;14;5856
1;3;15;4956
1;3;16;5219
1;3;17;4911
1;3;18;32102
1;3;19;30229
1;3;20;5788
1;3;21;30968
1;3;22;4904
1;3;23;32778
1;3;24;20793
1;3;25;25195
1;3;26;21701
1;3;27;3046
1;3;28;21276
1;3;29;21807
1;3;30;20621
1;3;31;33425
1;3;32;31023
1;3;33;5221
1;3;34;30710
1;3;35;33666
1;3;36;5226
1;3;37;29175
1;3;38;18967
1;3;39;1303
1;3;40;747
1;3;41;1378
1;3;42;1669
1;3;43;27100
1;3;44;880
1;3;45;24389
1;3;46;7424
1;3;47;23955
1;3;48;23880
1;3;49;16093
1;3;50;17665
1;3;51;1731
1;3;52;7070
1;3;53;642
1;3;54;8188
1;3;55;31323
1;3;56;5473
1;3;57;960
1;3;58;34424
1;3;59;7505
1;3;60;508
1;3;61;701
1;3;62;1043
1;3;63;7709
1;3;64;23990
1;3;65;1013
1;3;66;34306
1;3;67;935
1;3;68;7083
1;3;69;3333
1;3;70;1584
1;3;71;4088
1;3;72;24047
1;3;73;25908
1;3;74;27465
1;3;75;26414
1;3;76;14930
1;3;77;18835
1;3;78;26243
1;3;79;7610
1;3;80;29647
1;3;81;31152
1;3;82;34612
1;3;83;15180
1;3;84;7980
1;3;85;30824
1;3;86;16759
1;3;87;34669
1;3;88;7747
1;3;89;1015
1;3;90;881
1;3;91;1065
1;3;92;1064
1;3;93;8363
1;3;94;24882
1;3;95;3348
1;3;96;5793
1;3;97;697
1;3;98;0
1;3;99;34909
1;3;100;919
1;3;101;19000
1;3;102;30164
1;3;103;4319
1;3;104;1518
1;3;105;34544
1;3;106;30157
1;3;107;0
2;3;1;4734
2;3;2;25188
2;3;3;361
2;3;4;5080
2;3;5;8607
2;3;6;31469
2;3;7;24528
2;3;8;8202
2;3;9;24180
2;3;10;562
2;3;11;30375
2;3;12;5682
2;3;13;1934
2;3;14;573
2;3;15;537
2;3;16;1517
2;3;17;2740
2;3;18;25262
2;3;19;4354
2;3;20;622
2;3;21;7237
2;3;22;6248
2;3;23;584
2;3;24;23110
2;3;25;7714
2;3;26;6478
2;3;27;23155
2;3;28;30814
2;3;29;7072
2;3;30;1324
2;3;31;7618
2;3;32;25776
2;3;33;538
2;3;34;526
2;3;35;34199
2;3;36;30815
2;3;37;8290
2;3;38;2862
2;3;39;27124
2;3;40;33976
2;3;41;7437
2;3;42;1720
2;3;43;23795
2;3;44;32127
2;3;45;2212
2;3;46;5303
2;3;47;15631
2;3;48;34593
2;3;49;7040
2;3;50;28061
2;3;51;2259
2;3;52;7314
2;3;53;6955
2;3;54;7316
2;3;55;8201
2;3;56;7477
2;3;57;7011
2;3;58;1155
2;3;59;5264
2;3;60;7730
2;3;61;32735
2;3;62;7315
2;3;63;31188
2;3;64;22825
2;3;65;557
2;3;66;624
2;3;67;1067
2;3;68;1017
2;3;69;32876
2;3;70;33206
2;3;71;19375
2;3;72;32300
2;3;73;1583
2;3;74;572
2;3;75;5229
2;3;76;8234
2;3;77;768
2;3;78;33947
2;3;79;25920
2;3;80;767
2;3;81;32562
2;3;82;552
2;3;83;25248
2;3;84;620
2;3;85;574
2;3;86;1000
2;3;87;23391
2;3;88;4337
2;3;89;7791
2;3;90;783
2;3;91;30657
2;3;92;7430
2;3;93;3295
2;3;94;997
2;3;95;1174
2;3;96;33840
2;3;97;33781
2;3;98;25584
2;3;99;2652
2;3;100;1063
2;3;101;7472
2;3;102;31507
2;3;103;34374
2;3;104;31608
2;3;105;0
2;3;106;5215
2;3;107;34288
2;3;108;811
2;3;109;33904
2;3;110;883
2;3;111;789
2;3;112;20533
2;3;113;31588
2;3;114;6260
2;3;115;23106
2;3;116;1084
2;3;117;16673
2;3;118;1336
2;3;119;22253
2;3;120;868
2;3;121;29975
2;3;122;2483
2;3;123;1638
2;3;124;3330
2;3;125;2241
2;3;126;33002
2;3;127;5792
2;3;128;766
2;3;129;6169
2;3;130;6863
2;3;131;2593
2;3;132;29744
2;3;133;4454
2;3;134;28198
2;3;135;1018
2;3;136;0
1;4;1;33236
1;4;2;34762
1;4;3;1374
1;4;4;5232
1;4;5;6587
1;4;6;5038
1;4;7;1663
1;4;8;18
1;4;9;29730
1;4;10;5004
1;4;11;6809
1;4;12;4978
1;4;13;4763
1;4;14;24162
1;4;15;26079
1;4;16;2539
1;4;17;6217
1;4;18;32702
1;4;19;7211
1;4;20;7953
1;4;21;34739
1;4;22;24120
1;4;23;7308
1;4;24;2306
1;4;25;7740
1;4;26;30969
1;4;27;4751
1;4;28;6289
1;4;29;4981
1;4;30;33849
1;4;31;7359
1;4;32;7355
1;4;33;24306
1;4;34;26248
1;4;35;7357
1;4;36;7372
1;4;37;28007
1;4;38;30149
1;4;39;1246
1;4;40;1247
1;4;41;32079
1;4;42;8971
1;4;43;21094
1;4;44;32109
1;4;45;27692
1;4;46;22483
1;4;47;7646
1;4;48;2741
1;4;49;1007
1;4;50;23726
1;4;51;34646
1;4;52;34650
1;4;53;26046
1;4;54;449
1;4;55;30411
1;4;56;15674
1;4;57;141
1;4;58;203
1;4;59;18887
1;4;60;24705
1;4;61;4779
1;4;62;32096
1;4;63;31801
1;4;64;859
1;4;65;4736
1;4;66;1230
1;4;67;1599
1;4;68;1179
1;4;69;885
1;4;70;5344
1;4;71;28702
1;4;72;3322
1;4;73;32711
1;4;74;33070
1;4;75;18720
1;4;76;27958
1;4;77;5297
1;4;78;0
1;4;79;1854
1;4;80;7772
1;4;81;2836
1;4;82;5037
1;4;83;4878
1;4;84;661
1;4;85;972
1;4;86;3308
1;4;87;6828
1;4;88;33827
1;4;89;26070
1;4;90;804
1;4;91;6360
1;4;92;33162
1;4;93;1312
1;4;94;26862
1;4;95;24295
1;4;96;33926
1;4;97;26706
1;4;98;30365
1;4;99;1211
1;4;100;933
1;4;101;4618
1;4;102;34366
1;4;103;29885
1;4;104;1273
1;4;105;2939
1;4;106;851
1;4;107;1506
1;4;108;26190
1;4;109;26401
1;4;110;31156
1;4;111;1278
1;4;112;1332
1;4;113;30825
1;4;114;6654
1;4;115;5036
1;4;116;1268
1;4;117;29893
1;4;118;1267
1;4;119;1334
1;4;120;891
1;4;121;3134
1;4;122;32864
1;4;123;1255
1;4;124;15265
1;4;125;3357
1;4;126;0
2;4;1;7774
2;4;2;2688
2;4;3;27700
2;4;4;1335
2;4;5;836
2;4;6;3045
2;4;7;1590
2;4;8;34504
2;4;9;1603
2;4;10;8333
2;4;11;20453
2;4;12;20457
2;4;13;29204
2;4;14;33954
2;4;15;4367
2;4;16;30242
2;4;17;6912
2;4;18;24322
2;4;19;205
2;4;20;204
2;4;21;15168
2;4;22;1924
2;4;23;24449
2;4;24;21297
2;4;25;2094
2;4;26;22771
2;4;27;31136
2;4;28;16326
2;4;29;25082
2;4;30;1957
2;4;31;256
2;4;32;29246
2;4;33;25465
2;4;34;21300
2;4;35;31900
2;4;36;24294
2;4;37;5679
2;4;38;20963
2;4;39;24461
2;4;40;1256
2;4;41;31904
2;4;42;1254
2;4;43;32973
2;4;44;17541
2;4;45;785
2;4;46;1264
2;4;47;24044
2;4;48;24046
2;4;49;34050
2;4;50;5791
2;4;51;2728
2;4;52;853
2;4;53;6139
2;4;54;23702
2;4;55;4358
2;4;56;1083
2;4;57;751
2;4;58;20419
2;4;59;2714
2;4;60;23852
2;4;61;3141
2;4;62;1041
2;4;63;882
2;4;64;1337
2;4;65;31025
2;4;66;1189
2;4;67;31833
2;4;68;17957
2;4;69;31517
2;4;70;30863
2;4;71;27158
2;4;72;17714
2;4;73;24229
2;4;74;7184
2;4;75;16062
2;4;76;8435
2;4;77;30075
2;4;78;3197
2;4;79;32245
2;4;80;23086
2;4;81;6274
2;4;82;4359
2;4;83;19168
2;4;84;395
2;4;85;25704
2;4;86;5794
2;4;87;23590
2;4;88;34343
2;4;89;30440
2;4;90;27561
2;4;91;1605
2;4;92;25543
2;4;93;33951
2;4;94;0
2;4;95;23728
2;4;96;29839
2;4;97;30383
2;4;98;28517
2;4;99;688
2;4;100;4357
2;4;101;4328
2;4;102;6527
2;4;103;4333
2;4;104;26373
2;4;105;26317
2;4;106;19441
2;4;107;20844
2;4;108;3209
2;4;109;6270
2;4;110;6181
2;4;111;17733
2;4;112;16067
2;4;113;15958
2;4;114;4318
2;4;115;18963
2;4;116;24330
2;4;117;6321
2;4;118;24042
2;4;119;5296
2;4;120;26558
2;4;121;2511
2;4;122;0
1;5;1;2188
1;5;2;2191
1;5;3;28546
1;5;4;33306
1;5;5;33226
1;5;6;32245
1;5;7;33
1;5;8;31750
1;5;9;14927
1;5;10;1178
1;5;11;31658
1;5;12;5542
1;5;13;31661
1;5;14;6503
1;5;15;31663
1;5;16;33666
1;5;17;0
1;5;18;18283
1;5;19;753
1;5;20;1331
1;5;21;23621
1;5;22;4153
1;5;23;23456
1;5;24;5553
1;5;25;6895
1;5;26;143
1;5;27;1228
1;5;28;16661
1;5;29;23160
1;5;30;5773
1;5;31;32261
1;5;32;32370
1;5;33;4576
1;5;34;33071
1;5;35;29892
1;5;36;121
1;5;37;8983
1;5;38;6322
1;5;39;2346
1;5;40;6428
1;5;41;34611
1;5;42;29399
1;5;43;29398
1;5;44;33513
1;5;45;15031
1;5;46;28985
1;5;47;5927
1;5;48;651
1;5;49;21589
1;5;50;18996
1;5;51;28367
1;5;52;7226
1;5;53;19186
1;5;54;32776
1;5;55;9490
1;5;56;29598
1;5;57;32985
1;5;58;1008
1;5;59;927
1;5;60;658
1;5;61;32950
1;5;62;4881
1;5;63;6813
1;5;64;5762
1;5;65;21839
1;5;66;949
1;5;67;984
1;5;68;26763
1;5;69;34331
1;5;70;846
1;5;71;24590
1;5;72;5185
1;5;73;1526
1;5;74;24164
1;5;75;25505
1;5;76;1139
1;5;77;6094
1;5;78;19770
1;5;79;7706
1;5;80;31485
1;5;81;0
2;5;1;4524
2;5;2;24163
2;5;3;809
2;5;4;21064
2;5;5;1566
2;5;6;3238
2;5;7;4334
2;5;8;27934
2;5;9;843
2;5;10;1640
2;5;11;945
2;5;12;18716
2;5;13;16472
2;5;14;22341
2;5;15;33318
2;5;16;27932
2;5;17;31027
2;5;18;1184
2;5;19;1010
2;5;20;810
2;5;21;5298
2;5;22;29911
2;5;23;18715
2;5;24;696
2;5;25;31905
2;5;26;962
2;5;27;941
2;5;28;942
2;5;29;597
2;5;30;644
2;5;31;964
2;5;32;24119
2;5;33;951
2;5;34;25743
2;5;35;1005
2;5;36;23982
2;5;37;4721
2;5;38;8369
2;5;39;23988
2;5;40;940
2;5;41;34389
2;5;42;32952
2;5;43;28987
2;5;44;28043
2;5;45;8669
2;5;46;943
2;5;47;4953
2;5;48;32746
2;5;49;5908
2;5;50;4340
2;5;51;15093
2;5;52;2340
2;5;53;981
2;5;54;33953
2;5;55;19950
2;5;56;993
2;5;57;5576
2;5;58;24257
2;5;59;1200
2;5;60;2524
2;5;61;29931
2;5;62;31051
2;5;63;7205
2;5;64;952
2;5;65;944
2;5;66;30934
2;5;67;31189
2;5;68;32949
2;5;69;33003
2;5;70;30190
2;5;71;34825
2;5;72;30218
2;5;73;30243
2;5;74;34197
2;5;75;30352
2;5;76;30160
2;5;77;30186
2;5;78;30351
2;5;79;29943
2;5;80;25649
2;5;81;946
2;5;82;33839
2;5;83;30758
2;5;84;31047
2;5;85;29973
2;5;86;9016
2;5;87;17439
2;5;88;33740
2;5;89;23862
2;5;90;950
2;5;91;948
2;5;92;25586
2;5;93;30199
2;5;94;958
2;5;95;959
2;5;96;23876
2;5;97;890
2;5;98;947
2;5;99;7867
2;5;100;932
2;5;101;6255
2;5;102;21147
2;5;103;33991
2;5;104;8492
2;5;105;6759
2;5;106;2840
2;5;107;8942
2;5;108;6378
2;5;109;8699
2;5;110;577
2;5;111;6064
2;5;112;32386
2;5;113;5532
2;5;114;34111
2;5;115;8316
2;5;116;32681
2;5;117;0
2;5;118;31020
2;5;119;28022
2;5;120;34684
2;5;121;0
