1;1;1;4734
1;1;2;33666
1;1;3;23728
1;1;4;26079
1;1;5;18
1;1;6;4763
1;1;7;32702
1;1;8;24120
1;1;9;7308
1;1;10;2306
1;1;11;7740
1;1;12;16960
1;1;13;7357
1;1;14;7359
1;1;15;7355
1;1;16;24306
1;1;17;25465
1;1;18;205
1;1;19;29839
1;1;20;1255
1;1;21;5036
1;1;22;1268
1;1;23;31156
1;1;24;28007
1;1;25;1246
1;1;26;1247
1;1;27;32079
1;1;28;21094
1;1;29;32109
1;1;30;22483
1;1;31;2741
1;1;32;15674
1;1;33;23726
1;1;34;34650
1;1;35;34646
1;1;36;26046
1;1;37;31663
1;1;38;31661
1;1;39;4845
1;1;40;24021
1;1;41;34762
1;1;42;0
1;1;43;7774
1;1;44;3223
1;1;45;33236
1;1;46;2836
1;1;47;34672
1;1;48;1594
1;1;49;28495
1;1;50;2839
1;1;51;4842
1;1;52;1854
1;1;53;28899
1;1;54;2699
1;1;55;6498
1;1;56;4579
1;1;57;1726
1;1;58;15767
1;1;59;22184
1;1;60;406
1;1;61;4782
1;1;62;30730
1;1;63;5209
1;1;64;16919
1;1;65;16908
1;1;66;28784
1;1;67;25213
1;1;68;33686
1;1;69;7492
1;1;70;6771
1;1;71;30026
1;1;72;26515
1;1;73;27965
1;1;74;26836
1;1;75;114
1;1;76;29032
1;1;77;23596
1;1;78;2500
1;1;79;32774
1;1;80;1212
1;1;81;28516
1;1;82;22704
1;1;83;3219
1;1;84;16575
1;1;85;21343
1;1;86;15074
1;1;87;20215
1;1;88;4825
1;1;89;24043
1;1;90;5215
1;1;91;8365
1;1;92;6168
1;1;93;23810
1;1;94;0
2;1;1;2688
2;1;2;4631
2;1;3;5053
2;1;4;27327
2;1;5;2091
2;1;6;8418
2;1;7;6587
2;1;8;33532
2;1;9;892
2;1;10;4907
2;1;11;4852
2;1;12;31658
2;1;13;4800
2;1;14;5131
2;1;15;6503
2;1;16;34458
2;1;17;2627
2;1;18;26241
2;1;19;6315
2;1;20;2184
2;1;21;2682
2;1;22;3292
2;1;23;4935
2;1;24;4974
2;1;25;4749
2;1;26;8361
2;1;27;2680
2;1;28;20512
2;1;29;7309
2;1;30;18872
2;1;31;1585
2;1;32;2100
2;1;33;4235
2;1;34;4815
2;1;35;5232
2;1;36;32809
2;1;37;28082
2;1;38;4767
2;1;39;21967
2;1;40;4746
2;1;41;3140
2;1;42;19836
2;1;43;5063
2;1;44;31267
2;1;45;4950
2;1;46;603
2;1;47;6340
2;1;48;4774
2;1;49;4949
2;1;50;4823
2;1;51;5205
2;1;52;4829
2;1;53;7617
2;1;54;1374
2;1;55;4986
2;1;56;4814
2;1;57;34582
2;1;58;4926
2;1;59;32813
2;1;60;5037
2;1;61;4878
2;1;62;4858
2;1;63;972
2;1;64;29175
2;1;65;24118
2;1;66;33104
2;1;67;15911
2;1;68;4234
2;1;69;7753
2;1;70;31151
2;1;71;16132
2;1;72;1040
2;1;73;25745
2;1;74;7747
2;1;75;3308
2;1;76;839
2;1;77;27700
2;1;78;30812
2;1;79;31183
2;1;80;936
2;1;81;34814
2;1;82;4201
2;1;83;22751
2;1;84;29342
2;1;85;2456
2;1;86;6828
2;1;87;24882
2;1;88;3348
2;1;89;5882
2;1;90;27365
2;1;91;1012
2;1;92;30165
2;1;93;1221
2;1;94;32895
2;1;95;8131
2;1;96;7137
2;1;97;23037
2;1;98;5970
2;1;99;31441
2;1;100;7979
2;1;101;25341
2;1;102;8269
2;1;103;8233
2;1;104;32168
2;1;105;8033
2;1;106;835
2;1;107;34486
2;1;108;17379
2;1;109;29087
2;1;110;7374
2;1;111;23890
2;1;112;7646
2;1;113;4487
2;1;114;7720
2;1;115;0
2;1;116;31020
2;1;117;32889
2;1;118;28825
2;1;119;4910
2;1;120;2949
2;1;121;4987
2;1;122;31461
2;1;123;5202
2;1;124;17201
2;1;125;3205
2;1;126;29921
2;1;127;4992
2;1;128;5929
2;1;129;5128
2;1;130;4988
2;1;131;5407
2;1;132;1758
2;1;133;4740
2;1;134;5055
2;1;135;28289
2;1;136;6809
2;1;137;4875
2;1;138;5018
2;1;139;1732
2;1;140;6224
2;1;141;5006
2;1;142;24162
2;1;143;5004
2;1;144;5017
2;1;145;4978
2;1;146;5056
2;1;147;22171
2;1;148;7953
2;1;149;5009
2;1;150;4884
2;1;151;2539
2;1;152;31279
2;1;153;34739
2;1;154;7211
2;1;155;4969
2;1;156;4780
2;1;157;6217
2;1;158;6925
2;1;159;3003
2;1;160;5012
2;1;161;8141
2;1;162;5159
2;1;163;1771
2;1;164;4748
2;1;165;5166
2;1;166;23070
2;1;167;5219
2;1;168;5189
2;1;169;5092
2;1;170;1728
2;1;171;5362
2;1;172;4958
2;1;173;4844
2;1;174;17969
2;1;175;8244
2;1;176;5097
2;1;177;4994
2;1;178;2353
2;1;179;8410
2;1;180;5729
2;1;181;19987
2;1;182;5010
2;1;183;29730
2;1;184;4798
2;1;185;34679
2;1;186;0
1;2;1;2188
1;2;2;2191
1;2;3;27934
1;2;4;27932
1;2;5;28546
1;2;6;33306
1;2;7;33226
1;2;8;14927
1;2;9;31750
1;2;10;32245
1;2;11;33
1;2;12;26317
1;2;13;31483
1;2;14;32538
1;2;15;30872
1;2;16;1774
1;2;17;32560
1;2;18;7814
1;2;19;19473
1;2;20;730
1;2;21;7370
1;2;22;7373
1;2;23;7371
1;2;24;26248
1;2;25;7365
1;2;26;0
1;2;27;21335
1;2;28;7161
1;2;29;4981
1;2;30;5038
1;2;31;3018
1;2;32;5804
1;2;33;8211
1;2;34;325
1;2;35;3349
1;2;36;7104
1;2;37;6010
1;2;38;820
1;2;39;8413
1;2;40;6289
1;2;41;5126
1;2;42;2832
1;2;43;5048
1;2;44;5114
1;2;45;1601
1;2;46;8319
1;2;47;6395
1;2;48;15487
1;2;49;24078
1;2;50;5636
1;2;51;8030
1;2;52;34878
1;2;53;33024
1;2;54;4977
1;2;55;1181
1;2;56;6887
1;2;57;4751
1;2;58;4956
1;2;59;5787
1;2;60;1663
1;2;61;29266
1;2;62;4750
1;2;63;6286
1;2;64;2316
1;2;65;29509
1;2;66;5015
1;2;67;5005
1;2;68;4350
1;2;69;4753
1;2;70;895
1;2;71;4879
1;2;72;15458
1;2;73;5224
1;2;74;34910
1;2;75;5339
1;2;76;15940
1;2;77;15426
1;2;78;1824
1;2;79;6865
1;2;80;17095
1;2;81;1772
1;2;82;22342
1;2;83;6249
1;2;84;32606
1;2;85;2621
1;2;86;4896
1;2;87;26054
1;2;88;1895
1;2;89;32601
1;2;90;5049
1;2;91;4797
1;2;92;2698
1;2;93;20010
1;2;94;4796
1;2;95;1755
1;2;96;2757
1;2;97;1805
1;2;98;1764
1;2;99;1745
1;2;100;6888
1;2;101;15142
1;2;102;2707
1;2;103;1727
1;2;104;1734
1;2;105;30969
1;2;106;30370
1;2;107;31679
1;2;108;4804
1;2;109;5201
1;2;110;2300
1;2;111;30152
1;2;112;15760
1;2;113;25969
1;2;114;122
1;2;115;33211
1;2;116;4838
1;2;117;19697
1;2;118;25678
1;2;119;4752
1;2;120;34219
1;2;121;5351
1;2;122;4970
1;2;123;4934
1;2;124;17907
1;2;125;6147
1;2;126;1959
1;2;127;7480
1;2;128;5039
1;2;129;34121
1;2;130;19377
1;2;131;5116
1;2;132;0
2;2;1;4524
2;2;2;5080
2;2;3;7941
2;2;4;20690
2;2;5;16580
2;2;6;5141
2;2;7;28315
2;2;8;6316
2;2;9;5204
2;2;10;4773
2;2;11;5111
2;2;12;4831
2;2;13;32568
2;2;14;22296
2;2;15;4775
2;2;16;30809
2;2;17;19546
2;2;18;8368
2;2;19;15272
2;2;20;1625
2;2;21;20231
2;2;22;33849
2;2;23;4801
2;2;24;5190
2;2;25;4857
2;2;26;5105
2;2;27;4824
2;2;28;29035
2;2;29;5140
2;2;30;4955
2;2;31;30528
2;2;32;5170
2;2;33;5983
2;2;34;4945
2;2;35;5175
2;2;36;5239
2;2;37;5176
2;2;38;4957
2;2;39;5832
2;2;40;8412
2;2;41;5058
2;2;42;5144
2;2;43;5571
2;2;44;4608
2;2;45;5152
2;2;46;5107
2;2;47;2334
2;2;48;19087
2;2;49;4772
2;2;50;29250
2;2;51;28125
2;2;52;5109
2;2;53;5061
2;2;54;19155
2;2;55;6359
2;2;56;4991
2;2;57;32559
2;2;58;4783
2;2;59;1739
2;2;60;6603
2;2;61;7541
2;2;62;4766
2;2;63;5127
2;2;64;5050
2;2;65;4903
2;2;66;5052
2;2;67;15825
2;2;68;32285
2;2;69;31548
2;2;70;2697
2;2;71;5861
2;2;72;25100
2;2;73;5146
2;2;74;24125
2;2;75;1826
2;2;76;4755
2;2;77;16607
2;2;78;338
2;2;79;4816
2;2;80;4895
2;2;81;30238
2;2;82;6272
2;2;83;1875
2;2;84;1876
2;2;85;5564
2;2;86;5142
2;2;87;31913
2;2;88;6144
2;2;89;5082
2;2;90;16697
2;2;91;6136
2;2;92;26064
2;2;93;5178
2;2;94;8414
2;2;95;5550
2;2;96;1751
2;2;97;8327
2;2;98;34841
2;2;99;5011
2;2;100;898
2;2;101;7300
2;2;102;1760
2;2;103;1995
2;2;104;30875
2;2;105;25860
2;2;106;5093
2;2;107;1888
2;2;108;17262
2;2;109;576
2;2;110;30710
2;2;111;29895
2;2;112;32778
2;2;113;0
2;2;114;33346
2;2;115;875
2;2;116;317
2;2;117;33203
2;2;118;27189
2;2;119;907
2;2;120;908
2;2;121;7372
2;2;122;887
2;2;123;969
2;2;124;6129
2;2;125;909
2;2;126;21179
2;2;127;1069
2;2;128;1085
2;2;129;27137
2;2;130;934
2;2;131;29626
2;2;132;808
2;2;133;850
2;2;134;844
2;2;135;30382
2;2;136;1223
2;2;137;930
2;2;138;162
2;2;139;7097
2;2;140;23922
2;2;141;733
2;2;142;18837
2;2;143;7009
2;2;144;956
2;2;145;33996
2;2;146;1522
2;2;147;20328
2;2;148;7694
2;2;149;32694
2;2;150;0
1;3;1;33666
1;3;2;996
1;3;3;5878
1;3;4;32823
1;3;5;5542
1;3;6;31663
1;3;7;31661
1;3;8;31658
1;3;9;4851
1;3;10;4985
1;3;11;5856
1;3;12;4911
1;3;13;32102
1;3;14;30229
1;3;15;5788
1;3;16;30968
1;3;17;4904
1;3;18;20793
1;3;19;2314
1;3;20;25195
1;3;21;21701
1;3;22;3046
1;3;23;21276
1;3;24;21807
1;3;25;20621
1;3;26;33425
1;3;27;31023
1;3;28;5221
1;3;29;5226
1;3;30;1303
1;3;31;30164
1;3;32;1378
1;3;33;1669
1;3;34;880
1;3;35;24389
1;3;36;747
1;3;37;23955
1;3;38;23880
1;3;39;16093
1;3;40;17665
1;3;41;1731
1;3;42;7070
1;3;43;642
1;3;44;8188
1;3;45;31323
1;3;46;5473
1;3;47;7424
1;3;48;960
1;3;49;20412
1;3;50;34424
1;3;51;817
1;3;52;508
1;3;53;7505
1;3;54;27692
1;3;55;701
1;3;56;1043
1;3;57;7709
1;3;58;8272
1;3;59;8584
1;3;60;23990
1;3;61;1013
1;3;62;34306
1;3;63;935
1;3;64;7083
1;3;65;4088
1;3;66;33904
1;3;67;1584
1;3;68;3333
1;3;69;24047
1;3;70;25908
1;3;71;27465
1;3;72;26414
1;3;73;14930
1;3;74;18835
1;3;75;26243
1;3;76;29647
1;3;77;7610
1;3;78;31152
1;3;79;15180
1;3;80;34612
1;3;81;7980
1;3;82;16759
1;3;83;30824
1;3;84;34669
1;3;85;1602
1;3;86;1064
1;3;87;1015
1;3;88;8363
1;3;89;881
1;3;90;1065
1;3;91;5793
1;3;92;8497
1;3;93;697
1;3;94;32245
1;3;95;0
1;3;96;919
1;3;97;34909
1;3;98;661
1;3;99;18967
1;3;100;4319
1;3;101;1518
1;3;102;34544
1;3;103;30157
1;3;104;0
2;3;1;32946
2;3;2;8607
2;3;3;24528
2;3;4;31469
2;3;5;8202
2;3;6;24180
2;3;7;25920
2;3;8;562
2;3;9;30375
2;3;10;5682
2;3;11;1934
2;3;12;537
2;3;13;7314
2;3;14;573
2;3;15;1517
2;3;16;2740
2;3;17;7237
2;3;18;6248
2;3;19;4354
2;3;20;25262
2;3;21;622
2;3;22;768
2;3;23;584
2;3;24;23110
2;3;25;6478
2;3;26;23155
2;3;27;550
2;3;28;572
2;3;29;30815
2;3;30;1324
2;3;31;526
2;3;32;30814
2;3;33;25776
2;3;34;7072
2;3;35;7618
2;3;36;538
2;3;37;34199
2;3;38;2862
2;3;39;27124
2;3;40;8290
2;3;41;30411
2;3;42;33976
2;3;43;7437
2;3;44;34593
2;3;45;2212
2;3;46;32127
2;3;47;1720
2;3;48;5303
2;3;49;23795
2;3;50;15631
2;3;51;28061
2;3;52;2259
2;3;53;7040
2;3;54;449
2;3;55;7316
2;3;56;8201
2;3;57;7477
2;3;58;7011
2;3;59;5264
2;3;60;32735
2;3;61;7315
2;3;62;1155
2;3;63;7730
2;3;64;31188
2;3;65;624
2;3;66;22825
2;3;67;557
2;3;68;1017
2;3;69;1067
2;3;70;571
2;3;71;574
2;3;72;1000
2;3;73;32876
2;3;74;33206
2;3;75;1583
2;3;76;32300
2;3;77;19375
2;3;78;8234
2;3;79;5229
2;3;80;767
2;3;81;32562
2;3;82;552
2;3;83;25248
2;3;84;620
2;3;85;6955
2;3;86;7714
2;3;87;141
2;3;88;1007
2;3;89;1174
2;3;90;4337
2;3;91;1213
2;3;92;783
2;3;93;7791
2;3;94;30657
2;3;95;7430
2;3;96;3295
2;3;97;997
2;3;98;23391
2;3;99;33840
2;3;100;33781
2;3;101;25584
2;3;102;1063
2;3;103;2652
2;3;104;7472
2;3;105;31507
2;3;106;34374
2;3;107;31608
2;3;108;0
2;3;109;358
2;3;110;363
2;3;111;361
2;3;112;811
2;3;113;883
2;3;114;789
2;3;115;20533
2;3;116;31801
2;3;117;1241
2;3;118;766
2;3;119;6260
2;3;120;32096
2;3;121;31588
2;3;122;23106
2;3;123;24705
2;3;124;15945
2;3;125;18887
2;3;126;4779
2;3;127;1084
2;3;128;16673
2;3;129;5792
2;3;130;1336
2;3;131;22253
2;3;132;868
2;3;133;29975
2;3;134;2483
2;3;135;1638
2;3;136;2241
2;3;137;3330
2;3;138;6169
2;3;139;6863
2;3;140;2593
2;3;141;29744
2;3;142;23621
2;3;143;4454
2;3;144;28198
2;3;145;1018
2;3;146;8333
2;3;147;0
1;4;1;33236
1;4;2;23728
1;4;3;18
1;4;4;1407
1;4;5;4763
1;4;6;27613
1;4;7;26079
1;4;8;31898
1;4;9;7953
1;4;10;5888
1;4;11;28819
1;4;12;24120
1;4;13;7308
1;4;14;7740
1;4;15;5555
1;4;16;2306
1;4;17;6587
1;4;18;7355
1;4;19;7359
1;4;20;24306
1;4;21;7357
1;4;22;30149
1;4;23;31156
1;4;24;2516
1;4;25;5036
1;4;26;1247
1;4;27;1246
1;4;28;33002
1;4;29;32079
1;4;30;8971
1;4;31;21094
1;4;32;32109
1;4;33;27100
1;4;34;7646
1;4;35;812
1;4;36;2741
1;4;37;23726
1;4;38;34650
1;4;39;34646
1;4;40;26046
1;4;41;33947
1;4;42;15674
1;4;43;205
1;4;44;859
1;4;45;4736
1;4;46;1230
1;4;47;1599
1;4;48;1331
1;4;49;1179
1;4;50;885
1;4;51;5344
1;4;52;28702
1;4;53;3322
1;4;54;32711
1;4;55;33070
1;4;56;18720
1;4;57;5297
1;4;58;27958
1;4;59;0
1;4;60;34762
1;4;61;34288
1;4;62;5139
1;4;63;19000
1;4;64;33827
1;4;65;26070
1;4;66;804
1;4;67;15265
1;4;68;3357
1;4;69;20255
1;4;70;6360
1;4;71;1312
1;4;72;33162
1;4;73;26862
1;4;74;26706
1;4;75;33926
1;4;76;24295
1;4;77;30365
1;4;78;1211
1;4;79;933
1;4;80;1506
1;4;81;4618
1;4;82;851
1;4;83;34366
1;4;84;1273
1;4;85;2939
1;4;86;26190
1;4;87;29885
1;4;88;26401
1;4;89;1332
1;4;90;1278
1;4;91;31961
1;4;92;1272
1;4;93;30825
1;4;94;6654
1;4;95;1268
1;4;96;29893
1;4;97;1267
1;4;98;1066
1;4;99;23702
1;4;100;6139
1;4;101;32864
1;4;102;30089
1;4;103;29839
1;4;104;30383
1;4;105;22147
1;4;106;891
1;4;107;3134
1;4;108;1254
1;4;109;0
2;4;1;7133
2;4;2;28007
2;4;3;836
2;4;4;3045
2;4;5;1590
2;4;6;34504
2;4;7;1603
2;4;8;20453
2;4;9;20457
2;4;10;24322
2;4;11;29204
2;4;12;30242
2;4;13;4367
2;4;14;33954
2;4;15;6912
2;4;16;204
2;4;17;203
2;4;18;15168
2;4;19;24449
2;4;20;28517
2;4;21;2094
2;4;22;22771
2;4;23;21297
2;4;24;31136
2;4;25;16326
2;4;26;1957
2;4;27;25082
2;4;28;256
2;4;29;29246
2;4;30;1269
2;4;31;21300
2;4;32;8331
2;4;33;1280
2;4;34;18006
2;4;35;18009
2;4;36;20963
2;4;37;24294
2;4;38;5679
2;4;39;31904
2;4;40;24461
2;4;41;31900
2;4;42;1256
2;4;43;1334
2;4;44;17541
2;4;45;32973
2;4;46;34050
2;4;47;785
2;4;48;1264
2;4;49;24044
2;4;50;24046
2;4;51;33985
2;4;52;5791
2;4;53;2728
2;4;54;853
2;4;55;4358
2;4;56;24358
2;4;57;1255
2;4;58;1083
2;4;59;751
2;4;60;20419
2;4;61;2714
2;4;62;23852
2;4;63;1924
2;4;64;3141
2;4;65;26265
2;4;66;778
2;4;67;1041
2;4;68;688
2;4;69;1068
2;4;70;1337
2;4;71;31025
2;4;72;1189
2;4;73;31833
2;4;74;17957
2;4;75;31517
2;4;76;30863
2;4;77;27158
2;4;78;17714
2;4;79;24229
2;4;80;7184
2;4;81;16062
2;4;82;8435
2;4;83;30075
2;4;84;3197
2;4;85;4359
2;4;86;6274
2;4;87;19168
2;4;88;23086
2;4;89;395
2;4;90;25704
2;4;91;5794
2;4;92;23590
2;4;93;34343
2;4;94;30440
2;4;95;1605
2;4;96;25543
2;4;97;1903
2;4;98;795
2;4;99;0
2;4;100;1188
2;4;101;1335
2;4;102;882
2;4;103;4357
2;4;104;4328
2;4;105;6527
2;4;106;4333
2;4;107;26373
2;4;108;24822
2;4;109;19441
2;4;110;3209
2;4;111;20844
2;4;112;6270
2;4;113;6181
2;4;114;32245
2;4;115;17733
2;4;116;16067
2;4;117;15958
2;4;118;33951
2;4;119;24330
2;4;120;18963
2;4;121;6321
2;4;122;4318
2;4;123;2511
2;4;124;24042
2;4;125;5296
2;4;126;26558
2;4;127;0
1;5;1;2188
1;5;2;2191
1;5;3;27934
1;5;4;3329
1;5;5;28546
1;5;6;33306
1;5;7;33226
1;5;8;33
1;5;9;31750
1;5;10;14927
1;5;11;31661
1;5;12;31663
1;5;13;31658
1;5;14;33666
1;5;15;0
1;5;16;25188
1;5;17;1178
1;5;18;18283
1;5;19;753
1;5;20;28022
1;5;21;4153
1;5;22;23456
1;5;23;34684
1;5;24;5553
1;5;25;6895
1;5;26;143
1;5;27;1228
1;5;28;23160
1;5;29;16661
1;5;30;27561
1;5;31;5773
1;5;32;32261
1;5;33;32370
1;5;34;32245
1;5;35;29892
1;5;36;4576
1;5;37;33071
1;5;38;121
1;5;39;6322
1;5;40;8983
1;5;41;2346
1;5;42;6428
1;5;43;34611
1;5;44;29399
1;5;45;29398
1;5;46;6378
1;5;47;33513
1;5;48;15031
1;5;49;28985
1;5;50;5927
1;5;51;651
1;5;52;21589
1;5;53;28367
1;5;54;7226
1;5;55;19186
1;5;56;32776
1;5;57;8444
1;5;58;9490
1;5;59;29598
1;5;60;658
1;5;61;32985
1;5;62;927
1;5;63;1008
1;5;64;32950
1;5;65;4881
1;5;66;6813
1;5;67;21839
1;5;68;5762
1;5;69;23862
1;5;70;949
1;5;71;984
1;5;72;24590
1;5;73;26763
1;5;74;846
1;5;75;5185
1;5;76;34331
1;5;77;1526
1;5;78;24164
1;5;79;8409
1;5;80;6094
1;5;81;3115
1;5;82;25505
1;5;83;19770
1;5;84;7706
1;5;85;0
2;5;1;7772
2;5;2;809
2;5;3;810
2;5;4;24163
2;5;5;21064
2;5;6;3238
2;5;7;4334
2;5;8;1566
2;5;9;843
2;5;10;1640
2;5;11;945
2;5;12;16472
2;5;13;18716
2;5;14;27932
2;5;15;33318
2;5;16;865
2;5;17;22341
2;5;18;31027
2;5;19;1184
2;5;20;1010
2;5;21;5298
2;5;22;29911
2;5;23;18715
2;5;24;696
2;5;25;31905
2;5;26;962
2;5;27;941
2;5;28;942
2;5;29;597
2;5;30;644
2;5;31;964
2;5;32;24119
2;5;33;1005
2;5;34;23982
2;5;35;7205
2;5;36;25743
2;5;37;8369
2;5;38;940
2;5;39;23988
2;5;40;34389
2;5;41;8669
2;5;42;28043
2;5;43;28987
2;5;44;32952
2;5;45;5908
2;5;46;32746
2;5;47;4953
2;5;48;943
2;5;49;4340
2;5;50;15093
2;5;51;2340
2;5;52;19950
2;5;53;33953
2;5;54;981
2;5;55;993
2;5;56;5576
2;5;57;1200
2;5;58;24257
2;5;59;2524
2;5;60;31051
2;5;61;29931
2;5;62;951
2;5;63;4721
2;5;64;952
2;5;65;944
2;5;66;30934
2;5;67;31189
2;5;68;32949
2;5;69;33003
2;5;70;30190
2;5;71;34825
2;5;72;30218
2;5;73;30243
2;5;74;34197
2;5;75;30352
2;5;76;30351
2;5;77;30186
2;5;78;30160
2;5;79;29943
2;5;80;25649
2;5;81;33839
2;5;82;946
2;5;83;9016
2;5;84;30758
2;5;85;31047
2;5;86;29973
2;5;87;33740
2;5;88;17439
2;5;89;25586
2;5;90;948
2;5;91;950
2;5;92;31485
2;5;93;1139
2;5;94;30199
2;5;95;959
2;5;96;958
2;5;97;890
2;5;98;23876
2;5;99;947
2;5;100;8492
2;5;101;6255
2;5;102;7867
2;5;103;932
2;5;104;33991
2;5;105;21147
2;5;106;6759
2;5;107;2840
2;5;108;8942
2;5;109;18996
2;5;110;8699
2;5;111;6064
2;5;112;32386
2;5;113;577
2;5;114;5532
2;5;115;34111
2;5;116;8316
2;5;117;32681
2;5;118;0
2;5;119;0
