1;1;1;33666
1;1;2;23728
1;1;3;26079
1;1;4;4763
1;1;5;27613
1;1;6;24120
1;1;7;5012
1;1;8;33211
1;1;9;7308
1;1;10;2306
1;1;11;7740
1;1;12;4956
1;1;13;4977
1;1;14;24306
1;1;15;7359
1;1;16;7370
1;1;17;7373
1;1;18;7355
1;1;19;7357
1;1;20;31483
1;1;21;29839
1;1;22;32245
1;1;23;205
1;1;24;1269
1;1;25;1255
1;1;26;5036
1;1;27;1268
1;1;28;31156
1;1;29;28007
1;1;30;1246
1;1;31;1247
1;1;32;1084
1;1;33;32079
1;1;34;5792
1;1;35;21094
1;1;36;27100
1;1;37;32109
1;1;38;7374
1;1;39;7646
1;1;40;2741
1;1;41;15674
1;1;42;23726
1;1;43;34650
1;1;44;34646
1;1;45;26046
1;1;46;31661
1;1;47;31658
1;1;48;31663
1;1;49;0
1;1;50;1854
1;1;51;361
1;1;52;28899
1;1;53;2836
1;1;54;33236
1;1;55;1594
1;1;56;34672
1;1;57;28495
1;1;58;2839
1;1;59;4842
1;1;60;31020
1;1;61;2699
1;1;62;6498
1;1;63;4579
1;1;64;1726
1;1;65;15767
1;1;66;22184
1;1;67;7492
1;1;68;30026
1;1;69;29032
1;1;70;114
1;1;71;6771
1;1;72;16575
1;1;73;28516
1;1;74;33686
1;1;75;30730
1;1;76;28784
1;1;77;1212
1;1;78;3219
1;1;79;22704
1;1;80;21343
1;1;81;2500
1;1;82;4825
1;1;83;16919
1;1;84;15074
1;1;85;26836
1;1;86;32774
1;1;87;23596
1;1;88;25213
1;1;89;4782
1;1;90;406
1;1;91;5209
1;1;92;16908
1;1;93;24043
1;1;94;20215
1;1;95;26515
1;1;96;27965
1;1;97;24021
1;1;98;795
1;1;99;5053
1;1;100;6168
1;1;101;23810
1;1;102;34762
1;1;103;0
2;1;1;7774
2;1;2;4815
2;1;3;4631
2;1;4;27327
2;1;5;4845
2;1;6;5232
2;1;7;33532
2;1;8;2091
2;1;9;4800
2;1;10;8418
2;1;11;892
2;1;12;4851
2;1;13;4852
2;1;14;5131
2;1;15;5542
2;1;16;26241
2;1;17;34458
2;1;18;6315
2;1;19;2184
2;1;20;2682
2;1;21;3292
2;1;22;4935
2;1;23;2627
2;1;24;1903
2;1;25;8361
2;1;26;4974
2;1;27;4749
2;1;28;2680
2;1;29;20512
2;1;30;18872
2;1;31;1585
2;1;32;4235
2;1;33;2100
2;1;34;7309
2;1;35;6587
2;1;36;28082
2;1;37;32809
2;1;38;4950
2;1;39;31267
2;1;40;5063
2;1;41;4746
2;1;42;603
2;1;43;4767
2;1;44;21967
2;1;45;19836
2;1;46;3140
2;1;47;4774
2;1;48;7617
2;1;49;4949
2;1;50;4823
2;1;51;5205
2;1;52;4829
2;1;53;6340
2;1;54;8365
2;1;55;4986
2;1;56;1374
2;1;57;4814
2;1;58;34582
2;1;59;4926
2;1;60;32813
2;1;61;4878
2;1;62;4858
2;1;63;5037
2;1;64;972
2;1;65;29175
2;1;66;1188
2;1;67;24118
2;1;68;33104
2;1;69;7753
2;1;70;15911
2;1;71;27700
2;1;72;7747
2;1;73;31151
2;1;74;16132
2;1;75;1040
2;1;76;25745
2;1;77;30812
2;1;78;4201
2;1;79;22751
2;1;80;29342
2;1;81;936
2;1;82;34814
2;1;83;31183
2;1;84;24882
2;1;85;5882
2;1;86;27365
2;1;87;1012
2;1;88;8131
2;1;89;32895
2;1;90;30165
2;1;91;1221
2;1;92;5970
2;1;93;23037
2;1;94;7979
2;1;95;7137
2;1;96;31441
2;1;97;25341
2;1;98;8269
2;1;99;32168
2;1;100;8033
2;1;101;835
2;1;102;8233
2;1;103;17379
2;1;104;29087
2;1;105;23890
2;1;106;4487
2;1;107;22483
2;1;108;0
2;1;109;32889
2;1;110;28825
2;1;111;4910
2;1;112;2949
2;1;113;4987
2;1;114;31461
2;1;115;5202
2;1;116;3205
2;1;117;17201
2;1;118;29921
2;1;119;4992
2;1;120;5929
2;1;121;5128
2;1;122;4988
2;1;123;5407
2;1;124;1758
2;1;125;4740
2;1;126;5055
2;1;127;28289
2;1;128;6809
2;1;129;1732
2;1;130;4978
2;1;131;5006
2;1;132;24162
2;1;133;5056
2;1;134;5004
2;1;135;4875
2;1;136;22171
2;1;137;5018
2;1;138;5017
2;1;139;6224
2;1;140;31279
2;1;141;4884
2;1;142;32702
2;1;143;7953
2;1;144;5888
2;1;145;34739
2;1;146;6925
2;1;147;7211
2;1;148;31898
2;1;149;5009
2;1;150;2539
2;1;151;4780
2;1;152;28819
2;1;153;3003
2;1;154;8141
2;1;155;5159
2;1;156;1771
2;1;157;4748
2;1;158;5166
2;1;159;5219
2;1;160;5189
2;1;161;1728
2;1;162;5092
2;1;163;5362
2;1;164;18
2;1;165;29730
2;1;166;4844
2;1;167;17969
2;1;168;5097
2;1;169;8244
2;1;170;4994
2;1;171;2353
2;1;172;5729
2;1;173;8410
2;1;174;19987
2;1;175;5010
2;1;176;1407
2;1;177;4798
2;1;178;34679
2;1;179;0
1;2;1;2188
1;2;2;2191
1;2;3;27934
1;2;4;27932
1;2;5;31485
1;2;6;28546
1;2;7;33306
1;2;8;33226
1;2;9;29598
1;2;10;31750
1;2;11;32245
1;2;12;33
1;2;13;14927
1;2;14;27958
1;2;15;32711
1;2;16;30872
1;2;17;1774
1;2;18;32560
1;2;19;7814
1;2;20;19473
1;2;21;730
1;2;22;0
1;2;23;4734
1;2;24;33346
1;2;25;7161
1;2;26;33849
1;2;27;4981
1;2;28;5038
1;2;29;3018
1;2;30;5804
1;2;31;6010
1;2;32;8211
1;2;33;3349
1;2;34;7104
1;2;35;820
1;2;36;8413
1;2;37;6289
1;2;38;325
1;2;39;5126
1;2;40;2832
1;2;41;5048
1;2;42;5114
1;2;43;15487
1;2;44;8319
1;2;45;6395
1;2;46;1601
1;2;47;5636
1;2;48;8030
1;2;49;24078
1;2;50;33024
1;2;51;34878
1;2;52;1181
1;2;53;6887
1;2;54;1663
1;2;55;29266
1;2;56;5787
1;2;57;4750
1;2;58;6286
1;2;59;2316
1;2;60;29509
1;2;61;4958
1;2;62;5005
1;2;63;4753
1;2;64;895
1;2;65;4350
1;2;66;5015
1;2;67;15458
1;2;68;4879
1;2;69;5224
1;2;70;34910
1;2;71;5339
1;2;72;15940
1;2;73;15426
1;2;74;1824
1;2;75;6865
1;2;76;1772
1;2;77;17095
1;2;78;22342
1;2;79;6249
1;2;80;2621
1;2;81;32606
1;2;82;26054
1;2;83;4896
1;2;84;4797
1;2;85;2698
1;2;86;5049
1;2;87;1895
1;2;88;32601
1;2;89;7300
1;2;90;20010
1;2;91;4796
1;2;92;15142
1;2;93;6888
1;2;94;1764
1;2;95;1755
1;2;96;2757
1;2;97;1727
1;2;98;1734
1;2;99;1805
1;2;100;2707
1;2;101;5555
1;2;102;1745
1;2;103;30370
1;2;104;31679
1;2;105;30969
1;2;106;4804
1;2;107;5201
1;2;108;2300
1;2;109;30152
1;2;110;4838
1;2;111;19697
1;2;112;25678
1;2;113;4752
1;2;114;34219
1;2;115;5351
1;2;116;4970
1;2;117;25969
1;2;118;4934
1;2;119;17907
1;2;120;6147
1;2;121;1959
1;2;122;7480
1;2;123;5039
1;2;124;34121
1;2;125;19377
1;2;126;5116
1;2;127;0
2;2;1;4524
2;2;2;5080
2;2;3;20690
2;2;4;7941
2;2;5;16580
2;2;6;5204
2;2;7;4985
2;2;8;28315
2;2;9;5141
2;2;10;6316
2;2;11;5111
2;2;12;32568
2;2;13;22296
2;2;14;4775
2;2;15;4831
2;2;16;30809
2;2;17;20231
2;2;18;19546
2;2;19;8368
2;2;20;15272
2;2;21;1625
2;2;22;4801
2;2;23;5190
2;2;24;4857
2;2;25;5105
2;2;26;4824
2;2;27;29035
2;2;28;5140
2;2;29;30528
2;2;30;5170
2;2;31;5983
2;2;32;5175
2;2;33;5176
2;2;34;4945
2;2;35;5239
2;2;36;4957
2;2;37;4772
2;2;38;5832
2;2;39;8412
2;2;40;28125
2;2;41;5058
2;2;42;5144
2;2;43;5152
2;2;44;4608
2;2;45;5571
2;2;46;5107
2;2;47;4955
2;2;48;2334
2;2;49;19087
2;2;50;29250
2;2;51;5109
2;2;52;5061
2;2;53;19155
2;2;54;4991
2;2;55;6359
2;2;56;32559
2;2;57;4783
2;2;58;1739
2;2;59;6603
2;2;60;7541
2;2;61;4766
2;2;62;5050
2;2;63;5052
2;2;64;4903
2;2;65;15825
2;2;66;32285
2;2;67;31548
2;2;68;5127
2;2;69;898
2;2;70;2697
2;2;71;5861
2;2;72;25100
2;2;73;5146
2;2;74;5011
2;2;75;1826
2;2;76;8327
2;2;77;16607
2;2;78;338
2;2;79;4816
2;2;80;4895
2;2;81;30238
2;2;82;6272
2;2;83;1875
2;2;84;1876
2;2;85;5564
2;2;86;5142
2;2;87;31913
2;2;88;6144
2;2;89;5082
2;2;90;16697
2;2;91;6136
2;2;92;26064
2;2;93;5178
2;2;94;5550
2;2;95;1751
2;2;96;8414
2;2;97;34841
2;2;98;4755
2;2;99;24125
2;2;100;1760
2;2;101;17262
2;2;102;5093
2;2;103;30875
2;2;104;1888
2;2;105;1995
2;2;106;25860
2;2;107;576
2;2;108;2314
2;2;109;29895
2;2;110;0
2;2;111;875
2;2;112;32538
2;2;113;317
2;2;114;33203
2;2;115;908
2;2;116;907
2;2;117;27189
2;2;118;16960
2;2;119;7371
2;2;120;7365
2;2;121;887
2;2;122;21179
2;2;123;6129
2;2;124;969
2;2;125;909
2;2;126;1069
2;2;127;934
2;2;128;29626
2;2;129;850
2;2;130;808
2;2;131;27137
2;2;132;1085
2;2;133;844
2;2;134;30382
2;2;135;1223
2;2;136;930
2;2;137;162
2;2;138;7097
2;2;139;23922
2;2;140;733
2;2;141;18837
2;2;142;34486
2;2;143;7009
2;2;144;812
2;2;145;1522
2;2;146;20328
2;2;147;7694
2;2;148;32694
2;2;149;0
1;3;1;33666
1;3;2;996
1;3;3;5878
1;3;4;31663
1;3;5;31661
1;3;6;32823
1;3;7;31658
1;3;8;4907
1;3;9;4773
1;3;10;5856
1;3;11;4911
1;3;12;32102
1;3;13;30229
1;3;14;5788
1;3;15;20793
1;3;16;4904
1;3;17;30968
1;3;18;32778
1;3;19;30710
1;3;20;25195
1;3;21;21701
1;3;22;3046
1;3;23;21276
1;3;24;21807
1;3;25;20621
1;3;26;33425
1;3;27;31023
1;3;28;5221
1;3;29;5215
1;3;30;18967
1;3;31;1303
1;3;32;30164
1;3;33;1378
1;3;34;1669
1;3;35;880
1;3;36;24389
1;3;37;747
1;3;38;23955
1;3;39;23880
1;3;40;16093
1;3;41;17665
1;3;42;1731
1;3;43;7070
1;3;44;642
1;3;45;8188
1;3;46;31323
1;3;47;5473
1;3;48;7424
1;3;49;960
1;3;50;701
1;3;51;20412
1;3;52;817
1;3;53;34424
1;3;54;508
1;3;55;7505
1;3;56;27692
1;3;57;7709
1;3;58;1043
1;3;59;8584
1;3;60;8272
1;3;61;23990
1;3;62;1013
1;3;63;34306
1;3;64;935
1;3;65;7083
1;3;66;4088
1;3;67;7133
1;3;68;33904
1;3;69;1584
1;3;70;3333
1;3;71;24047
1;3;72;25908
1;3;73;27465
1;3;74;26414
1;3;75;14930
1;3;76;18835
1;3;77;26243
1;3;78;29647
1;3;79;7610
1;3;80;31152
1;3;81;15180
1;3;82;34612
1;3;83;7980
1;3;84;16759
1;3;85;30824
1;3;86;34669
1;3;87;1065
1;3;88;881
1;3;89;1015
1;3;90;8363
1;3;91;1064
1;3;92;8497
1;3;93;697
1;3;94;5793
1;3;95;0
1;3;96;34288
1;3;97;34909
1;3;98;919
1;3;99;4319
1;3;100;1518
1;3;101;34544
1;3;102;30157
1;3;103;0
2;3;1;32946
2;3;2;8607
2;3;3;24528
2;3;4;31469
2;3;5;8202
2;3;6;24180
2;3;7;562
2;3;8;30375
2;3;9;5682
2;3;10;1934
2;3;11;449
2;3;12;537
2;3;13;7314
2;3;14;1517
2;3;15;2740
2;3;16;622
2;3;17;7237
2;3;18;25262
2;3;19;4354
2;3;20;6248
2;3;21;23110
2;3;22;584
2;3;23;7714
2;3;24;6478
2;3;25;23155
2;3;26;550
2;3;27;572
2;3;28;538
2;3;29;7618
2;3;30;30814
2;3;31;27124
2;3;32;30815
2;3;33;7072
2;3;34;8290
2;3;35;2862
2;3;36;1324
2;3;37;25776
2;3;38;34199
2;3;39;526
2;3;40;30411
2;3;41;33976
2;3;42;7437
2;3;43;23795
2;3;44;34593
2;3;45;32127
2;3;46;1720
2;3;47;2212
2;3;48;15631
2;3;49;5303
2;3;50;2259
2;3;51;7040
2;3;52;28061
2;3;53;573
2;3;54;6955
2;3;55;7316
2;3;56;8201
2;3;57;7477
2;3;58;1067
2;3;59;7011
2;3;60;7730
2;3;61;32735
2;3;62;1155
2;3;63;5264
2;3;64;7315
2;3;65;31188
2;3;66;624
2;3;67;22825
2;3;68;557
2;3;69;1017
2;3;70;571
2;3;71;574
2;3;72;1000
2;3;73;32876
2;3;74;33206
2;3;75;19375
2;3;76;32300
2;3;77;1583
2;3;78;8234
2;3;79;5229
2;3;80;768
2;3;81;33947
2;3;82;25920
2;3;83;767
2;3;84;32562
2;3;85;552
2;3;86;25248
2;3;87;620
2;3;88;141
2;3;89;1007
2;3;90;1174
2;3;91;4337
2;3;92;1213
2;3;93;783
2;3;94;7791
2;3;95;30657
2;3;96;7430
2;3;97;3295
2;3;98;997
2;3;99;23391
2;3;100;33840
2;3;101;25584
2;3;102;33781
2;3;103;2652
2;3;104;1063
2;3;105;7472
2;3;106;31507
2;3;107;34374
2;3;108;31608
2;3;109;0
2;3;110;358
2;3;111;19000
2;3;112;811
2;3;113;883
2;3;114;789
2;3;115;20533
2;3;116;1241
2;3;117;31801
2;3;118;32096
2;3;119;6260
2;3;120;31588
2;3;121;23106
2;3;122;4779
2;3;123;18887
2;3;124;24705
2;3;125;16673
2;3;126;1336
2;3;127;22253
2;3;128;868
2;3;129;2483
2;3;130;29975
2;3;131;33002
2;3;132;1638
2;3;133;2241
2;3;134;3330
2;3;135;766
2;3;136;6863
2;3;137;6169
2;3;138;2593
2;3;139;29744
2;3;140;28198
2;3;141;4454
2;3;142;1018
2;3;143;0
1;4;1;33236
1;4;2;23728
1;4;3;34762
1;4;4;6587
1;4;5;18
1;4;6;4763
1;4;7;26079
1;4;8;7953
1;4;9;6217
1;4;10;4969
1;4;11;24120
1;4;12;15760
1;4;13;122
1;4;14;7308
1;4;15;7740
1;4;16;2306
1;4;17;23070
1;4;18;4751
1;4;19;7372
1;4;20;7357
1;4;21;24306
1;4;22;7355
1;4;23;7359
1;4;24;26248
1;4;25;28007
1;4;26;31156
1;4;27;30825
1;4;28;1268
1;4;29;5036
1;4;30;1247
1;4;31;15945
1;4;32;1246
1;4;33;32079
1;4;34;8971
1;4;35;21094
1;4;36;32109
1;4;37;7720
1;4;38;7646
1;4;39;956
1;4;40;33996
1;4;41;2741
1;4;42;23726
1;4;43;34650
1;4;44;34646
1;4;45;26046
1;4;46;15674
1;4;47;32245
1;4;48;205
1;4;49;204
1;4;50;30149
1;4;51;859
1;4;52;4736
1;4;53;1599
1;4;54;1230
1;4;55;1331
1;4;56;1179
1;4;57;23621
1;4;58;885
1;4;59;5344
1;4;60;28702
1;4;61;3322
1;4;62;33070
1;4;63;18720
1;4;64;5297
1;4;65;0
1;4;66;5139
1;4;67;1602
1;4;68;3308
1;4;69;33827
1;4;70;26070
1;4;71;804
1;4;72;3357
1;4;73;20255
1;4;74;6360
1;4;75;33162
1;4;76;1312
1;4;77;24295
1;4;78;26706
1;4;79;33926
1;4;80;30365
1;4;81;1211
1;4;82;933
1;4;83;1506
1;4;84;851
1;4;85;2939
1;4;86;1273
1;4;87;34366
1;4;88;29885
1;4;89;26401
1;4;90;26190
1;4;91;1332
1;4;92;1272
1;4;93;1278
1;4;94;31961
1;4;95;26862
1;4;96;4618
1;4;97;6654
1;4;98;2516
1;4;99;24358
1;4;100;29839
1;4;101;22771
1;4;102;25465
1;4;103;8331
1;4;104;1267
1;4;105;32864
1;4;106;1066
1;4;107;17541
1;4;108;1334
1;4;109;1254
1;4;110;1255
1;4;111;0
2;4;1;661
2;4;2;6828
2;4;3;2456
2;4;4;836
2;4;5;3045
2;4;6;1590
2;4;7;8333
2;4;8;34504
2;4;9;1603
2;4;10;20457
2;4;11;20453
2;4;12;6912
2;4;13;29204
2;4;14;30242
2;4;15;4367
2;4;16;33954
2;4;17;24322
2;4;18;203
2;4;19;15168
2;4;20;1924
2;4;21;24449
2;4;22;28517
2;4;23;2094
2;4;24;30383
2;4;25;21297
2;4;26;31136
2;4;27;16326
2;4;28;1957
2;4;29;25082
2;4;30;29246
2;4;31;256
2;4;32;21300
2;4;33;22147
2;4;34;18006
2;4;35;18009
2;4;36;1256
2;4;37;5679
2;4;38;20963
2;4;39;31900
2;4;40;24294
2;4;41;24461
2;4;42;31904
2;4;43;34050
2;4;44;3134
2;4;45;785
2;4;46;1264
2;4;47;24046
2;4;48;24044
2;4;49;32973
2;4;50;891
2;4;51;33985
2;4;52;5791
2;4;53;2728
2;4;54;6139
2;4;55;853
2;4;56;4358
2;4;57;23702
2;4;58;15265
2;4;59;30089
2;4;60;1083
2;4;61;751
2;4;62;20419
2;4;63;2714
2;4;64;23852
2;4;65;3141
2;4;66;26265
2;4;67;1041
2;4;68;688
2;4;69;882
2;4;70;1068
2;4;71;1337
2;4;72;31025
2;4;73;1189
2;4;74;17957
2;4;75;31517
2;4;76;30863
2;4;77;27158
2;4;78;17714
2;4;79;24229
2;4;80;7184
2;4;81;16062
2;4;82;30075
2;4;83;3197
2;4;84;4359
2;4;85;6274
2;4;86;19168
2;4;87;23086
2;4;88;395
2;4;89;25704
2;4;90;5794
2;4;91;23590
2;4;92;34343
2;4;93;25543
2;4;94;27561
2;4;95;30440
2;4;96;26317
2;4;97;0
2;4;98;25188
2;4;99;21335
2;4;100;2688
2;4;101;363
2;4;102;5226
2;4;103;4234
2;4;104;839
2;4;105;3348
2;4;106;1335
2;4;107;29893
2;4;108;1280
2;4;109;778
2;4;110;4357
2;4;111;4328
2;4;112;6527
2;4;113;4333
2;4;114;26373
2;4;115;31833
2;4;116;24822
2;4;117;19441
2;4;118;3209
2;4;119;6270
2;4;120;20844
2;4;121;6181
2;4;122;17733
2;4;123;16067
2;4;124;15958
2;4;125;33951
2;4;126;18963
2;4;127;6321
2;4;128;24330
2;4;129;4318
2;4;130;5296
2;4;131;2511
2;4;132;24042
2;4;133;26558
2;4;134;29892
2;4;135;121
2;4;136;0
1;5;1;2188
1;5;2;2191
1;5;3;27934
1;5;4;28546
1;5;5;25505
1;5;6;26763
1;5;7;33306
1;5;8;33226
1;5;9;33
1;5;10;31750
1;5;11;4153
1;5;12;1178
1;5;13;31661
1;5;14;31663
1;5;15;6503
1;5;16;31658
1;5;17;33666
1;5;18;0
1;5;19;3223
1;5;20;7772
1;5;21;753
1;5;22;28022
1;5;23;23456
1;5;24;5553
1;5;25;6895
1;5;26;143
1;5;27;1228
1;5;28;23160
1;5;29;16661
1;5;30;14927
1;5;31;1605
1;5;32;5773
1;5;33;32261
1;5;34;32370
1;5;35;8435
1;5;36;4576
1;5;37;33071
1;5;38;6322
1;5;39;8983
1;5;40;6428
1;5;41;34611
1;5;42;2346
1;5;43;29398
1;5;44;29399
1;5;45;6378
1;5;46;33513
1;5;47;15031
1;5;48;28985
1;5;49;5927
1;5;50;651
1;5;51;21589
1;5;52;28367
1;5;53;18996
1;5;54;7226
1;5;55;19186
1;5;56;32776
1;5;57;8444
1;5;58;9490
1;5;59;32985
1;5;60;658
1;5;61;927
1;5;62;1008
1;5;63;4881
1;5;64;32950
1;5;65;21839
1;5;66;5762
1;5;67;23862
1;5;68;949
1;5;69;846
1;5;70;984
1;5;71;24590
1;5;72;5185
1;5;73;34331
1;5;74;1526
1;5;75;24164
1;5;76;8409
1;5;77;1139
1;5;78;6094
1;5;79;19770
1;5;80;7706
1;5;81;0
2;5;1;809
2;5;2;810
2;5;3;3329
2;5;4;24163
2;5;5;21064
2;5;6;3238
2;5;7;4334
2;5;8;1566
2;5;9;843
2;5;10;1640
2;5;11;945
2;5;12;18716
2;5;13;16472
2;5;14;27932
2;5;15;865
2;5;16;22341
2;5;17;33318
2;5;18;31027
2;5;19;1184
2;5;20;1010
2;5;21;30199
2;5;22;18715
2;5;23;696
2;5;24;5298
2;5;25;31905
2;5;26;962
2;5;27;941
2;5;28;942
2;5;29;597
2;5;30;644
2;5;31;24119
2;5;32;964
2;5;33;951
2;5;34;25743
2;5;35;7205
2;5;36;1005
2;5;37;23982
2;5;38;4721
2;5;39;8369
2;5;40;940
2;5;41;23988
2;5;42;34389
2;5;43;28987
2;5;44;32952
2;5;45;8669
2;5;46;28043
2;5;47;943
2;5;48;32746
2;5;49;5908
2;5;50;4340
2;5;51;15093
2;5;52;2340
2;5;53;4953
2;5;54;981
2;5;55;19950
2;5;56;33953
2;5;57;993
2;5;58;5576
2;5;59;1200
2;5;60;24257
2;5;61;2524
2;5;62;31051
2;5;63;952
2;5;64;944
2;5;65;30934
2;5;66;31189
2;5;67;32949
2;5;68;33003
2;5;69;30190
2;5;70;34825
2;5;71;30218
2;5;72;30243
2;5;73;30352
2;5;74;34197
2;5;75;30160
2;5;76;30186
2;5;77;30351
2;5;78;29943
2;5;79;25649
2;5;80;33839
2;5;81;946
2;5;82;29911
2;5;83;31047
2;5;84;17439
2;5;85;30758
2;5;86;29973
2;5;87;33740
2;5;88;9016
2;5;89;6813
2;5;90;25586
2;5;91;950
2;5;92;948
2;5;93;3115
2;5;94;947
2;5;95;890
2;5;96;958
2;5;97;959
2;5;98;23876
2;5;99;29931
2;5;100;7867
2;5;101;932
2;5;102;33991
2;5;103;21147
2;5;104;6255
2;5;105;8492
2;5;106;6759
2;5;107;2840
2;5;108;8942
2;5;109;32245
2;5;110;8699
2;5;111;577
2;5;112;32386
2;5;113;6064
2;5;114;5532
2;5;115;34111
2;5;116;8316
2;5;117;32681
2;5;118;0
2;5;119;18283
2;5;120;34684
2;5;121;0
