1;1;1;33666
1;1;2;23728
1;1;3;31461
1;1;4;2353
1;1;5;18
1;1;6;1407
1;1;7;4884
1;1;8;24120
1;1;9;7308
1;1;10;1764
1;1;11;7740
1;1;12;2306
1;1;13;1734
1;1;14;5555
1;1;15;31679
1;1;16;5636
1;1;17;24306
1;1;18;7355
1;1;19;7359
1;1;20;7357
1;1;21;205
1;1;22;32245
1;1;23;29839
1;1;24;1255
1;1;25;5036
1;1;26;1268
1;1;27;31156
1;1;28;28007
1;1;29;1247
1;1;30;15945
1;1;31;1246
1;1;32;32079
1;1;33;766
1;1;34;21094
1;1;35;2741
1;1;36;15674
1;1;37;23726
1;1;38;34646
1;1;39;34650
1;1;40;7314
1;1;41;26046
1;1;42;31661
1;1;43;31663
1;1;44;0
1;1;45;28899
1;1;46;25188
1;1;47;34672
1;1;48;28495
1;1;49;2839
1;1;50;4842
1;1;51;1594
1;1;52;361
1;1;53;33236
1;1;54;2688
1;1;55;2699
1;1;56;6498
1;1;57;4579
1;1;58;1726
1;1;59;15767
1;1;60;22184
1;1;61;26836
1;1;62;16908
1;1;63;1212
1;1;64;114
1;1;65;27965
1;1;66;30730
1;1;67;4782
1;1;68;7492
1;1;69;16575
1;1;70;5209
1;1;71;25213
1;1;72;33686
1;1;73;3219
1;1;74;21343
1;1;75;23596
1;1;76;26515
1;1;77;24043
1;1;78;28784
1;1;79;2500
1;1;80;22704
1;1;81;20215
1;1;82;30026
1;1;83;16919
1;1;84;4825
1;1;85;406
1;1;86;28516
1;1;87;29032
1;1;88;15074
1;1;89;32774
1;1;90;6771
1;1;91;5215
1;1;92;8365
1;1;93;24021
1;1;94;6168
1;1;95;23810
1;1;96;0
2;1;1;5226
2;1;2;795
2;1;3;4631
2;1;4;5053
2;1;5;27327
2;1;6;4800
2;1;7;2091
2;1;8;5232
2;1;9;8418
2;1;10;4845
2;1;11;33532
2;1;12;4851
2;1;13;5131
2;1;14;4852
2;1;15;31658
2;1;16;32823
2;1;17;5542
2;1;18;6503
2;1;19;34458
2;1;20;6315
2;1;21;2184
2;1;22;3292
2;1;23;4935
2;1;24;2682
2;1;25;26241
2;1;26;2627
2;1;27;4974
2;1;28;8361
2;1;29;20512
2;1;30;2680
2;1;31;1903
2;1;32;7309
2;1;33;18872
2;1;34;4235
2;1;35;2100
2;1;36;1585
2;1;37;6587
2;1;38;892
2;1;39;32809
2;1;40;28082
2;1;41;4950
2;1;42;4767
2;1;43;3140
2;1;44;603
2;1;45;5063
2;1;46;19836
2;1;47;31267
2;1;48;21967
2;1;49;4746
2;1;50;4774
2;1;51;4949
2;1;52;4823
2;1;53;5205
2;1;54;4829
2;1;55;6340
2;1;56;7617
2;1;57;1374
2;1;58;34762
2;1;59;4814
2;1;60;34582
2;1;61;32813
2;1;62;4926
2;1;63;4878
2;1;64;34288
2;1;65;1188
2;1;66;24118
2;1;67;33104
2;1;68;7753
2;1;69;15911
2;1;70;27700
2;1;71;7747
2;1;72;31151
2;1;73;16132
2;1;74;1040
2;1;75;25745
2;1;76;30812
2;1;77;29342
2;1;78;4201
2;1;79;936
2;1;80;22751
2;1;81;34814
2;1;82;31183
2;1;83;2456
2;1;84;24882
2;1;85;27365
2;1;86;1221
2;1;87;1012
2;1;88;8131
2;1;89;30165
2;1;90;32895
2;1;91;23037
2;1;92;31441
2;1;93;5970
2;1;94;7979
2;1;95;7137
2;1;96;25341
2;1;97;8269
2;1;98;32168
2;1;99;8233
2;1;100;8033
2;1;101;835
2;1;102;34486
2;1;103;17379
2;1;104;29087
2;1;105;7646
2;1;106;7374
2;1;107;23890
2;1;108;22483
2;1;109;4487
2;1;110;7720
2;1;111;24389
2;1;112;32109
2;1;113;0
2;1;114;363
2;1;115;1854
2;1;116;32889
2;1;117;28825
2;1;118;4910
2;1;119;2949
2;1;120;4987
2;1;121;5202
2;1;122;17201
2;1;123;3205
2;1;124;29921
2;1;125;4992
2;1;126;5929
2;1;127;5128
2;1;128;4988
2;1;129;5407
2;1;130;1758
2;1;131;5055
2;1;132;4740
2;1;133;28289
2;1;134;22171
2;1;135;1732
2;1;136;5017
2;1;137;5006
2;1;138;24162
2;1;139;5056
2;1;140;5018
2;1;141;4978
2;1;142;6224
2;1;143;5004
2;1;144;4875
2;1;145;4763
2;1;146;27613
2;1;147;6809
2;1;148;7953
2;1;149;5009
2;1;150;6217
2;1;151;4780
2;1;152;32702
2;1;153;2539
2;1;154;31898
2;1;155;4969
2;1;156;5888
2;1;157;28819
2;1;158;3003
2;1;159;5012
2;1;160;8141
2;1;161;5159
2;1;162;1771
2;1;163;4748
2;1;164;5166
2;1;165;23070
2;1;166;5219
2;1;167;5189
2;1;168;5092
2;1;169;1728
2;1;170;5362
2;1;171;4958
2;1;172;5010
2;1;173;29730
2;1;174;4844
2;1;175;17969
2;1;176;8244
2;1;177;5097
2;1;178;8410
2;1;179;19987
2;1;180;4994
2;1;181;26079
2;1;182;34739
2;1;183;31279
2;1;184;4798
2;1;185;34679
2;1;186;0
1;2;1;2188
1;2;2;2191
1;2;3;27934
1;2;4;945
1;2;5;18716
1;2;6;27932
1;2;7;28546
1;2;8;33306
1;2;9;33226
1;2;10;14927
1;2;11;31750
1;2;12;32245
1;2;13;33
1;2;14;24229
1;2;15;688
1;2;16;1272
1;2;17;31483
1;2;18;32538
1;2;19;30872
1;2;20;1774
1;2;21;7814
1;2;22;19473
1;2;23;730
1;2;24;7373
1;2;25;26248
1;2;26;7365
1;2;27;0
1;2;28;7161
1;2;29;5038
1;2;30;4981
1;2;31;5804
1;2;32;3018
1;2;33;6010
1;2;34;8211
1;2;35;820
1;2;36;3349
1;2;37;7104
1;2;38;8413
1;2;39;325
1;2;40;5126
1;2;41;5048
1;2;42;2832
1;2;43;5114
1;2;44;15487
1;2;45;1601
1;2;46;6395
1;2;47;8319
1;2;48;24078
1;2;49;33024
1;2;50;34878
1;2;51;4977
1;2;52;6887
1;2;53;4751
1;2;54;4956
1;2;55;29266
1;2;56;5787
1;2;57;1663
1;2;58;4750
1;2;59;6286
1;2;60;5729
1;2;61;29509
1;2;62;2316
1;2;63;4879
1;2;64;4753
1;2;65;15458
1;2;66;895
1;2;67;5005
1;2;68;5015
1;2;69;4350
1;2;70;5224
1;2;71;34910
1;2;72;5339
1;2;73;15940
1;2;74;15426
1;2;75;1824
1;2;76;6865
1;2;77;17095
1;2;78;1772
1;2;79;22342
1;2;80;6249
1;2;81;2621
1;2;82;32606
1;2;83;1895
1;2;84;32601
1;2;85;26054
1;2;86;4896
1;2;87;2698
1;2;88;7300
1;2;89;1760
1;2;90;5049
1;2;91;4797
1;2;92;20010
1;2;93;4796
1;2;94;1727
1;2;95;1755
1;2;96;2707
1;2;97;15142
1;2;98;2757
1;2;99;1745
1;2;100;6888
1;2;101;30370
1;2;102;30969
1;2;103;4804
1;2;104;5201
1;2;105;2300
1;2;106;30152
1;2;107;122
1;2;108;25969
1;2;109;33211
1;2;110;5351
1;2;111;19697
1;2;112;25678
1;2;113;34219
1;2;114;4752
1;2;115;4838
1;2;116;15760
1;2;117;4934
1;2;118;17907
1;2;119;6147
1;2;120;1959
1;2;121;7480
1;2;122;34121
1;2;123;5039
1;2;124;5116
1;2;125;0
2;2;1;4524
2;2;2;5080
2;2;3;33849
2;2;4;20690
2;2;5;7941
2;2;6;16580
2;2;7;4985
2;2;8;5141
2;2;9;6316
2;2;10;5204
2;2;11;28315
2;2;12;5111
2;2;13;4831
2;2;14;22296
2;2;15;32568
2;2;16;4775
2;2;17;19546
2;2;18;30809
2;2;19;1625
2;2;20;15272
2;2;21;8368
2;2;22;20231
2;2;23;4801
2;2;24;5190
2;2;25;4857
2;2;26;5105
2;2;27;4824
2;2;28;29035
2;2;29;5140
2;2;30;4955
2;2;31;30528
2;2;32;5170
2;2;33;5983
2;2;34;4945
2;2;35;5176
2;2;36;5239
2;2;37;5175
2;2;38;4957
2;2;39;29250
2;2;40;5832
2;2;41;8412
2;2;42;28125
2;2;43;5058
2;2;44;5144
2;2;45;5152
2;2;46;5571
2;2;47;4608
2;2;48;5107
2;2;49;2334
2;2;50;19087
2;2;51;4772
2;2;52;5109
2;2;53;5061
2;2;54;19155
2;2;55;4991
2;2;56;6359
2;2;57;19377
2;2;58;32559
2;2;59;1739
2;2;60;4783
2;2;61;7541
2;2;62;6603
2;2;63;4766
2;2;64;5127
2;2;65;5050
2;2;66;5052
2;2;67;4903
2;2;68;15825
2;2;69;32285
2;2;70;31548
2;2;71;898
2;2;72;2697
2;2;73;5861
2;2;74;25100
2;2;75;5011
2;2;76;4755
2;2;77;16607
2;2;78;338
2;2;79;4895
2;2;80;4816
2;2;81;30238
2;2;82;6272
2;2;83;1875
2;2;84;1876
2;2;85;5564
2;2;86;5142
2;2;87;31913
2;2;88;5082
2;2;89;6144
2;2;90;16697
2;2;91;6136
2;2;92;26064
2;2;93;5178
2;2;94;24125
2;2;95;5146
2;2;96;1751
2;2;97;8414
2;2;98;5550
2;2;99;34841
2;2;100;8327
2;2;101;1826
2;2;102;4970
2;2;103;17262
2;2;104;1888
2;2;105;5093
2;2;106;25860
2;2;107;1995
2;2;108;30875
2;2;109;4904
2;2;110;576
2;2;111;2314
2;2;112;29895
2;2;113;30710
2;2;114;0
2;2;115;33346
2;2;116;3223
2;2;117;4986
2;2;118;875
2;2;119;33203
2;2;120;317
2;2;121;27189
2;2;122;907
2;2;123;908
2;2;124;7370
2;2;125;16960
2;2;126;909
2;2;127;21179
2;2;128;969
2;2;129;6129
2;2;130;887
2;2;131;1069
2;2;132;29626
2;2;133;27137
2;2;134;808
2;2;135;850
2;2;136;934
2;2;137;1085
2;2;138;844
2;2;139;30382
2;2;140;1223
2;2;141;930
2;2;142;162
2;2;143;23922
2;2;144;733
2;2;145;18837
2;2;146;7009
2;2;147;956
2;2;148;812
2;2;149;33996
2;2;150;1522
2;2;151;20328
2;2;152;7694
2;2;153;32694
2;2;154;0
1;3;1;996
1;3;2;5878
1;3;3;31663
1;3;4;31658
1;3;5;31661
1;3;6;4907
1;3;7;4773
1;3;8;5856
1;3;9;32102
1;3;10;4911
1;3;11;30229
1;3;12;5788
1;3;13;30968
1;3;14;32778
1;3;15;20793
1;3;16;25195
1;3;17;21701
1;3;18;3046
1;3;19;21276
1;3;20;21807
1;3;21;20621
1;3;22;33425
1;3;23;31023
1;3;24;5221
1;3;25;33666
1;3;26;5139
1;3;27;30164
1;3;28;1303
1;3;29;747
1;3;30;1669
1;3;31;880
1;3;32;27100
1;3;33;5473
1;3;34;23880
1;3;35;16093
1;3;36;17665
1;3;37;1731
1;3;38;7070
1;3;39;642
1;3;40;31323
1;3;41;7424
1;3;42;960
1;3;43;8188
1;3;44;20412
1;3;45;34424
1;3;46;701
1;3;47;817
1;3;48;27692
1;3;49;7505
1;3;50;508
1;3;51;1043
1;3;52;7709
1;3;53;8272
1;3;54;8584
1;3;55;23990
1;3;56;34306
1;3;57;1013
1;3;58;935
1;3;59;4088
1;3;60;33904
1;3;61;1584
1;3;62;3333
1;3;63;24047
1;3;64;25908
1;3;65;27465
1;3;66;26414
1;3;67;14930
1;3;68;18835
1;3;69;26243
1;3;70;7610
1;3;71;29647
1;3;72;31152
1;3;73;15180
1;3;74;34612
1;3;75;7980
1;3;76;16759
1;3;77;30824
1;3;78;34669
1;3;79;1064
1;3;80;1065
1;3;81;881
1;3;82;1015
1;3;83;8363
1;3;84;1602
1;3;85;5882
1;3;86;1335
1;3;87;8497
1;3;88;5793
1;3;89;0
1;3;90;7774
1;3;91;31020
1;3;92;21335
1;3;93;34909
1;3;94;919
1;3;95;7083
1;3;96;7133
1;3;97;4319
1;3;98;1518
1;3;99;34544
1;3;100;30157
1;3;101;0
2;3;1;32946
2;3;2;8607
2;3;3;24528
2;3;4;31469
2;3;5;8202
2;3;6;24180
2;3;7;25920
2;3;8;30375
2;3;9;5682
2;3;10;1934
2;3;11;449
2;3;12;573
2;3;13;1517
2;3;14;2740
2;3;15;622
2;3;16;25262
2;3;17;4354
2;3;18;7237
2;3;19;6248
2;3;20;768
2;3;21;584
2;3;22;23110
2;3;23;7714
2;3;24;6478
2;3;25;572
2;3;26;34199
2;3;27;2862
2;3;28;27124
2;3;29;30815
2;3;30;25776
2;3;31;30411
2;3;32;33976
2;3;33;7437
2;3;34;1720
2;3;35;2212
2;3;36;5303
2;3;37;15631
2;3;38;32127
2;3;39;34593
2;3;40;23795
2;3;41;28061
2;3;42;2259
2;3;43;7040
2;3;44;620
2;3;45;537
2;3;46;33947
2;3;47;6955
2;3;48;7316
2;3;49;8201
2;3;50;7477
2;3;51;31188
2;3;52;5264
2;3;53;7315
2;3;54;1155
2;3;55;7730
2;3;56;32735
2;3;57;7011
2;3;58;22825
2;3;59;624
2;3;60;557
2;3;61;1017
2;3;62;1067
2;3;63;571
2;3;64;574
2;3;65;33206
2;3;66;32876
2;3;67;1583
2;3;68;32300
2;3;69;19375
2;3;70;5229
2;3;71;8234
2;3;72;550
2;3;73;23155
2;3;74;562
2;3;75;767
2;3;76;32562
2;3;77;25248
2;3;78;552
2;3;79;30814
2;3;80;1324
2;3;81;7618
2;3;82;538
2;3;83;7072
2;3;84;8290
2;3;85;526
2;3;86;1000
2;3;87;141
2;3;88;1007
2;3;89;1174
2;3;90;4337
2;3;91;1213
2;3;92;7791
2;3;93;783
2;3;94;30657
2;3;95;7430
2;3;96;3295
2;3;97;997
2;3;98;23391
2;3;99;33840
2;3;100;33781
2;3;101;25584
2;3;102;1063
2;3;103;2652
2;3;104;7472
2;3;105;31507
2;3;106;34374
2;3;107;31608
2;3;108;0
2;3;109;5037
2;3;110;4858
2;3;111;19000
2;3;112;661
2;3;113;18967
2;3;114;883
2;3;115;789
2;3;116;20533
2;3;117;31801
2;3;118;31588
2;3;119;23106
2;3;120;24705
2;3;121;18887
2;3;122;16673
2;3;123;5792
2;3;124;1336
2;3;125;22253
2;3;126;868
2;3;127;29975
2;3;128;2483
2;3;129;33002
2;3;130;1638
2;3;131;2241
2;3;132;3330
2;3;133;6260
2;3;134;6863
2;3;135;6169
2;3;136;2593
2;3;137;29744
2;3;138;4454
2;3;139;28198
2;3;140;1018
2;3;141;8333
2;3;142;0
1;4;1;33236
1;4;2;2836
1;4;3;6587
1;4;4;18
1;4;5;4763
1;4;6;26079
1;4;7;7211
1;4;8;6925
1;4;9;7953
1;4;10;24120
1;4;11;7308
1;4;12;1805
1;4;13;7740
1;4;14;2306
1;4;15;1181
1;4;16;8030
1;4;17;6289
1;4;18;4815
1;4;19;32560
1;4;20;7359
1;4;21;7357
1;4;22;7371
1;4;23;24306
1;4;24;7355
1;4;25;7372
1;4;26;1268
1;4;27;22771
1;4;28;29839
1;4;29;6654
1;4;30;1247
1;4;31;1084
1;4;32;32079
1;4;33;8971
1;4;34;21094
1;4;35;32109
1;4;36;7646
1;4;37;2741
1;4;38;23726
1;4;39;34646
1;4;40;34650
1;4;41;26046
1;4;42;15674
1;4;43;32245
1;4;44;3141
1;4;45;205
1;4;46;28007
1;4;47;30149
1;4;48;859
1;4;49;4736
1;4;50;1230
1;4;51;1599
1;4;52;1331
1;4;53;1179
1;4;54;23621
1;4;55;885
1;4;56;5344
1;4;57;28702
1;4;58;3322
1;4;59;32711
1;4;60;33070
1;4;61;18720
1;4;62;5297
1;4;63;27958
1;4;64;0
1;4;65;23728
1;4;66;3308
1;4;67;6828
1;4;68;7097
1;4;69;26070
1;4;70;804
1;4;71;15265
1;4;72;20255
1;4;73;6360
1;4;74;1312
1;4;75;33162
1;4;76;26862
1;4;77;24295
1;4;78;33926
1;4;79;26706
1;4;80;30365
1;4;81;1211
1;4;82;933
1;4;83;1273
1;4;84;2939
1;4;85;34366
1;4;86;851
1;4;87;4618
1;4;88;1506
1;4;89;29885
1;4;90;26190
1;4;91;26401
1;4;92;1332
1;4;93;1278
1;4;94;31961
1;4;95;30825
1;4;96;31156
1;4;97;2516
1;4;98;5036
1;4;99;29893
1;4;100;1267
1;4;101;24358
1;4;102;32864
1;4;103;30089
1;4;104;1066
1;4;105;3134
1;4;106;34050
1;4;107;0
2;4;1;972
2;4;2;1378
2;4;3;811
2;4;4;23955
2;4;5;1241
2;4;6;32096
2;4;7;1246
2;4;8;4779
2;4;9;836
2;4;10;3045
2;4;11;1590
2;4;12;34504
2;4;13;1603
2;4;14;20453
2;4;15;20457
2;4;16;24322
2;4;17;29204
2;4;18;6912
2;4;19;4367
2;4;20;33954
2;4;21;30242
2;4;22;204
2;4;23;203
2;4;24;15168
2;4;25;24449
2;4;26;30383
2;4;27;2094
2;4;28;21297
2;4;29;31136
2;4;30;16326
2;4;31;1957
2;4;32;25082
2;4;33;29246
2;4;34;256
2;4;35;1269
2;4;36;1280
2;4;37;21300
2;4;38;25465
2;4;39;18009
2;4;40;18006
2;4;41;5679
2;4;42;1256
2;4;43;31904
2;4;44;20963
2;4;45;24461
2;4;46;31900
2;4;47;24294
2;4;48;1254
2;4;49;32973
2;4;50;17541
2;4;51;1334
2;4;52;785
2;4;53;1264
2;4;54;24046
2;4;55;24044
2;4;56;891
2;4;57;853
2;4;58;6139
2;4;59;23702
2;4;60;2728
2;4;61;5791
2;4;62;3357
2;4;63;4358
2;4;64;1083
2;4;65;751
2;4;66;20419
2;4;67;2714
2;4;68;23852
2;4;69;1924
2;4;70;28517
2;4;71;26265
2;4;72;778
2;4;73;1041
2;4;74;882
2;4;75;1068
2;4;76;1337
2;4;77;31025
2;4;78;1189
2;4;79;31833
2;4;80;17957
2;4;81;31517
2;4;82;30863
2;4;83;27158
2;4;84;17714
2;4;85;7184
2;4;86;16062
2;4;87;8435
2;4;88;30075
2;4;89;3197
2;4;90;23086
2;4;91;6274
2;4;92;19168
2;4;93;4359
2;4;94;395
2;4;95;25704
2;4;96;5794
2;4;97;34343
2;4;98;30440
2;4;99;26317
2;4;100;0
2;4;101;358
2;4;102;34762
2;4;103;29175
2;4;104;4234
2;4;105;839
2;4;106;3348
2;4;107;33827
2;4;108;697
2;4;109;33985
2;4;110;1255
2;4;111;8331
2;4;112;22147
2;4;113;4357
2;4;114;4328
2;4;115;6527
2;4;116;4333
2;4;117;26373
2;4;118;24822
2;4;119;19441
2;4;120;3209
2;4;121;6270
2;4;122;20844
2;4;123;25543
2;4;124;6181
2;4;125;17733
2;4;126;16067
2;4;127;15958
2;4;128;1605
2;4;129;33951
2;4;130;4318
2;4;131;18963
2;4;132;6321
2;4;133;24330
2;4;134;5296
2;4;135;24042
2;4;136;26558
2;4;137;2511
2;4;138;0
1;5;1;2191
1;5;2;2188
1;5;3;27934
1;5;4;28546
1;5;5;33306
1;5;6;33226
1;5;7;33
1;5;8;31750
1;5;9;23590
1;5;10;14927
1;5;11;753
1;5;12;4749
1;5;13;31663
1;5;14;31661
1;5;15;31658
1;5;16;33666
1;5;17;0
1;5;18;4734
1;5;19;7772
1;5;20;28022
1;5;21;4153
1;5;22;23456
1;5;23;5553
1;5;24;6895
1;5;25;143
1;5;26;1228
1;5;27;23160
1;5;28;16661
1;5;29;27561
1;5;30;5773
1;5;31;32261
1;5;32;32370
1;5;33;32245
1;5;34;121
1;5;35;29892
1;5;36;4576
1;5;37;33071
1;5;38;8983
1;5;39;6322
1;5;40;6428
1;5;41;34611
1;5;42;2346
1;5;43;29398
1;5;44;29399
1;5;45;6378
1;5;46;33513
1;5;47;15031
1;5;48;28985
1;5;49;5927
1;5;50;21589
1;5;51;18996
1;5;52;28367
1;5;53;7226
1;5;54;19186
1;5;55;32776
1;5;56;8444
1;5;57;9490
1;5;58;29598
1;5;59;658
1;5;60;927
1;5;61;1008
1;5;62;32985
1;5;63;32950
1;5;64;4881
1;5;65;6813
1;5;66;21839
1;5;67;949
1;5;68;846
1;5;69;26763
1;5;70;984
1;5;71;24590
1;5;72;5185
1;5;73;34331
1;5;74;1526
1;5;75;24164
1;5;76;8409
1;5;77;1139
1;5;78;6094
1;5;79;31485
1;5;80;7706
1;5;81;0
2;5;1;24163
2;5;2;810
2;5;3;809
2;5;4;21064
2;5;5;3238
2;5;6;4334
2;5;7;1566
2;5;8;3329
2;5;9;843
2;5;10;1640
2;5;11;16472
2;5;12;865
2;5;13;22341
2;5;14;33318
2;5;15;27932
2;5;16;31027
2;5;17;1184
2;5;18;1010
2;5;19;29911
2;5;20;962
2;5;21;18715
2;5;22;696
2;5;23;31905
2;5;24;5298
2;5;25;941
2;5;26;942
2;5;27;597
2;5;28;644
2;5;29;964
2;5;30;951
2;5;31;25743
2;5;32;23982
2;5;33;4721
2;5;34;8369
2;5;35;23988
2;5;36;940
2;5;37;34389
2;5;38;8669
2;5;39;28987
2;5;40;28043
2;5;41;32952
2;5;42;5908
2;5;43;4953
2;5;44;32746
2;5;45;943
2;5;46;4340
2;5;47;15093
2;5;48;2340
2;5;49;33953
2;5;50;19950
2;5;51;981
2;5;52;993
2;5;53;5576
2;5;54;24257
2;5;55;1200
2;5;56;2524
2;5;57;31051
2;5;58;24119
2;5;59;1005
2;5;60;7205
2;5;61;952
2;5;62;944
2;5;63;30934
2;5;64;31189
2;5;65;32949
2;5;66;33003
2;5;67;34825
2;5;68;30190
2;5;69;30218
2;5;70;30243
2;5;71;30352
2;5;72;34197
2;5;73;30186
2;5;74;30160
2;5;75;30351
2;5;76;29943
2;5;77;25649
2;5;78;33839
2;5;79;946
2;5;80;30199
2;5;81;30758
2;5;82;31047
2;5;83;33740
2;5;84;9016
2;5;85;17439
2;5;86;29973
2;5;87;23862
2;5;88;5762
2;5;89;25586
2;5;90;19770
2;5;91;950
2;5;92;948
2;5;93;25505
2;5;94;3115
2;5;95;959
2;5;96;958
2;5;97;23876
2;5;98;890
2;5;99;947
2;5;100;29931
2;5;101;6255
2;5;102;932
2;5;103;7867
2;5;104;21147
2;5;105;33991
2;5;106;6759
2;5;107;8492
2;5;108;2840
2;5;109;8942
2;5;110;651
2;5;111;8699
2;5;112;577
2;5;113;6064
2;5;114;32386
2;5;115;5532
2;5;116;34111
2;5;117;32681
2;5;118;8316
2;5;119;0
2;5;120;34684
2;5;121;18283
2;5;122;1178
2;5;123;0
