1;1;1;33236
1;1;2;33666
1;1;3;23728
1;1;4;26079
1;1;5;18
1;1;6;1407
1;1;7;7953
1;1;8;24120
1;1;9;7308
1;1;10;2306
1;1;11;7740
1;1;12;7355
1;1;13;7357
1;1;14;7359
1;1;15;24306
1;1;16;205
1;1;17;32245
1;1;18;29839
1;1;19;1255
1;1;20;5036
1;1;21;1268
1;1;22;31156
1;1;23;28007
1;1;24;1246
1;1;25;1247
1;1;26;32079
1;1;27;21094
1;1;28;32109
1;1;29;7646
1;1;30;2741
1;1;31;15674
1;1;32;23726
1;1;33;34650
1;1;34;34646
1;1;35;26046
1;1;36;4749
1;1;37;31661
1;1;38;31658
1;1;39;31663
1;1;40;6587
1;1;41;34762
1;1;42;0
1;1;43;25188
1;1;44;361
1;1;45;28899
1;1;46;21335
1;1;47;7774
1;1;48;1854
1;1;49;33346
1;1;50;4734
1;1;51;34672
1;1;52;2839
1;1;53;1594
1;1;54;28495
1;1;55;4842
1;1;56;31020
1;1;57;2699
1;1;58;6498
1;1;59;4579
1;1;60;1726
1;1;61;15767
1;1;62;22184
1;1;63;2500
1;1;64;4782
1;1;65;23596
1;1;66;15074
1;1;67;33686
1;1;68;406
1;1;69;30026
1;1;70;28516
1;1;71;26836
1;1;72;20215
1;1;73;4825
1;1;74;28784
1;1;75;16575
1;1;76;25213
1;1;77;114
1;1;78;3219
1;1;79;22704
1;1;80;24043
1;1;81;21343
1;1;82;30730
1;1;83;16908
1;1;84;27965
1;1;85;1212
1;1;86;29032
1;1;87;32774
1;1;88;16919
1;1;89;6771
1;1;90;7492
1;1;91;26515
1;1;92;5209
1;1;93;4986
1;1;94;8365
1;1;95;6168
1;1;96;795
1;1;97;23810
1;1;98;0
2;1;1;1374
2;1;2;4631
2;1;3;5053
2;1;4;27327
2;1;5;2091
2;1;6;4800
2;1;7;5232
2;1;8;8418
2;1;9;33532
2;1;10;892
2;1;11;4851
2;1;12;4907
2;1;13;4852
2;1;14;5131
2;1;15;5542
2;1;16;6503
2;1;17;32823
2;1;18;26241
2;1;19;34458
2;1;20;6315
2;1;21;2184
2;1;22;2682
2;1;23;3292
2;1;24;4935
2;1;25;2627
2;1;26;8361
2;1;27;1903
2;1;28;4974
2;1;29;2680
2;1;30;20512
2;1;31;7309
2;1;32;18872
2;1;33;2100
2;1;34;1585
2;1;35;4815
2;1;36;4235
2;1;37;28082
2;1;38;32809
2;1;39;5063
2;1;40;4950
2;1;41;4767
2;1;42;4746
2;1;43;19836
2;1;44;3140
2;1;45;21967
2;1;46;31267
2;1;47;603
2;1;48;4774
2;1;49;7617
2;1;50;4949
2;1;51;4823
2;1;52;5205
2;1;53;4829
2;1;54;6340
2;1;55;24021
2;1;56;5215
2;1;57;34582
2;1;58;32813
2;1;59;4926
2;1;60;4814
2;1;61;4878
2;1;62;4858
2;1;63;5037
2;1;64;34288
2;1;65;5139
2;1;66;972
2;1;67;29175
2;1;68;1188
2;1;69;24118
2;1;70;33104
2;1;71;27700
2;1;72;30812
2;1;73;7753
2;1;74;15911
2;1;75;4234
2;1;76;3308
2;1;77;1602
2;1;78;31151
2;1;79;16132
2;1;80;1040
2;1;81;25745
2;1;82;839
2;1;83;31183
2;1;84;936
2;1;85;4201
2;1;86;29342
2;1;87;22751
2;1;88;34814
2;1;89;2456
2;1;90;6828
2;1;91;24882
2;1;92;3348
2;1;93;5882
2;1;94;27365
2;1;95;30165
2;1;96;32895
2;1;97;8131
2;1;98;1012
2;1;99;1221
2;1;100;5970
2;1;101;7979
2;1;102;7137
2;1;103;31441
2;1;104;23037
2;1;105;8269
2;1;106;25341
2;1;107;8033
2;1;108;32168
2;1;109;8233
2;1;110;835
2;1;111;17379
2;1;112;29087
2;1;113;23890
2;1;114;4487
2;1;115;22483
2;1;116;7720
2;1;117;0
2;1;118;363
2;1;119;32889
2;1;120;28825
2;1;121;4910
2;1;122;2949
2;1;123;4987
2;1;124;31461
2;1;125;5202
2;1;126;17201
2;1;127;3205
2;1;128;29921
2;1;129;4992
2;1;130;5929
2;1;131;5128
2;1;132;4988
2;1;133;5407
2;1;134;1758
2;1;135;4740
2;1;136;5055
2;1;137;28289
2;1;138;6809
2;1;139;5018
2;1;140;1732
2;1;141;4978
2;1;142;5006
2;1;143;24162
2;1;144;4763
2;1;145;5004
2;1;146;5056
2;1;147;4875
2;1;148;5017
2;1;149;6224
2;1;150;27613
2;1;151;4780
2;1;152;5009
2;1;153;2539
2;1;154;4969
2;1;155;31898
2;1;156;5888
2;1;157;7211
2;1;158;32702
2;1;159;6925
2;1;160;4884
2;1;161;31279
2;1;162;6217
2;1;163;34739
2;1;164;28819
2;1;165;3003
2;1;166;8141
2;1;167;5012
2;1;168;5159
2;1;169;1771
2;1;170;4748
2;1;171;5166
2;1;172;23070
2;1;173;5189
2;1;174;1728
2;1;175;5092
2;1;176;5362
2;1;177;4958
2;1;178;4844
2;1;179;17969
2;1;180;5097
2;1;181;8244
2;1;182;2353
2;1;183;4994
2;1;184;8410
2;1;185;19987
2;1;186;5010
2;1;187;29730
2;1;188;22171
2;1;189;4798
2;1;190;34679
2;1;191;0
1;2;1;2188
1;2;2;2191
1;2;3;27934
1;2;4;27932
1;2;5;865
1;2;6;28546
1;2;7;33306
1;2;8;33226
1;2;9;32776
1;2;10;14927
1;2;11;31750
1;2;12;32245
1;2;13;33
1;2;14;26317
1;2;15;1280
1;2;16;21300
1;2;17;32538
1;2;18;30872
1;2;19;1774
1;2;20;32560
1;2;21;7814
1;2;22;730
1;2;23;19473
1;2;24;7373
1;2;25;7371
1;2;26;16960
1;2;27;26248
1;2;28;7370
1;2;29;0
1;2;30;33849
1;2;31;4981
1;2;32;5038
1;2;33;3018
1;2;34;5804
1;2;35;6010
1;2;36;8211
1;2;37;3349
1;2;38;820
1;2;39;7104
1;2;40;325
1;2;41;6289
1;2;42;8413
1;2;43;5126
1;2;44;5114
1;2;45;2832
1;2;46;5048
1;2;47;1601
1;2;48;6395
1;2;49;15487
1;2;50;8319
1;2;51;8030
1;2;52;5636
1;2;53;24078
1;2;54;33024
1;2;55;34878
1;2;56;4977
1;2;57;1181
1;2;58;6887
1;2;59;4751
1;2;60;1663
1;2;61;29266
1;2;62;5787
1;2;63;4750
1;2;64;6286
1;2;65;2316
1;2;66;29509
1;2;67;4350
1;2;68;4879
1;2;69;4753
1;2;70;895
1;2;71;5005
1;2;72;15458
1;2;73;5015
1;2;74;5224
1;2;75;34910
1;2;76;5339
1;2;77;15940
1;2;78;15426
1;2;79;1824
1;2;80;6865
1;2;81;17095
1;2;82;1772
1;2;83;22342
1;2;84;2621
1;2;85;6249
1;2;86;32606
1;2;87;4797
1;2;88;4896
1;2;89;2698
1;2;90;5049
1;2;91;1895
1;2;92;26054
1;2;93;32601
1;2;94;1760
1;2;95;20010
1;2;96;4796
1;2;97;1727
1;2;98;5555
1;2;99;1764
1;2;100;1745
1;2;101;2757
1;2;102;1734
1;2;103;1755
1;2;104;2707
1;2;105;1805
1;2;106;6888
1;2;107;15142
1;2;108;30370
1;2;109;30969
1;2;110;31679
1;2;111;5201
1;2;112;4804
1;2;113;2300
1;2;114;30152
1;2;115;122
1;2;116;15760
1;2;117;25969
1;2;118;33211
1;2;119;4838
1;2;120;19697
1;2;121;25678
1;2;122;34219
1;2;123;4752
1;2;124;5351
1;2;125;4970
1;2;126;4934
1;2;127;17907
1;2;128;6147
1;2;129;1959
1;2;130;7480
1;2;131;5039
1;2;132;34121
1;2;133;19377
1;2;134;5116
1;2;135;0
2;2;1;4524
2;2;2;5080
2;2;3;7941
2;2;4;20690
2;2;5;16580
2;2;6;4985
2;2;7;5204
2;2;8;6316
2;2;9;28315
2;2;10;4773
2;2;11;5141
2;2;12;5111
2;2;13;4775
2;2;14;32568
2;2;15;22296
2;2;16;4831
2;2;17;30809
2;2;18;19546
2;2;19;8368
2;2;20;15272
2;2;21;1625
2;2;22;20231
2;2;23;7161
2;2;24;4801
2;2;25;5190
2;2;26;4857
2;2;27;5105
2;2;28;4824
2;2;29;29035
2;2;30;5140
2;2;31;4955
2;2;32;5170
2;2;33;30528
2;2;34;5983
2;2;35;5176
2;2;36;5175
2;2;37;4945
2;2;38;5239
2;2;39;4957
2;2;40;4772
2;2;41;5832
2;2;42;8412
2;2;43;28125
2;2;44;5058
2;2;45;5144
2;2;46;5152
2;2;47;5571
2;2;48;4608
2;2;49;5107
2;2;50;2334
2;2;51;19087
2;2;52;29250
2;2;53;5109
2;2;54;5061
2;2;55;19155
2;2;56;4991
2;2;57;6359
2;2;58;32559
2;2;59;4783
2;2;60;1739
2;2;61;6603
2;2;62;7541
2;2;63;4766
2;2;64;5127
2;2;65;5050
2;2;66;5052
2;2;67;4903
2;2;68;15825
2;2;69;32285
2;2;70;31548
2;2;71;898
2;2;72;2697
2;2;73;5861
2;2;74;25100
2;2;75;5146
2;2;76;5011
2;2;77;34841
2;2;78;8327
2;2;79;16607
2;2;80;338
2;2;81;4816
2;2;82;4895
2;2;83;30238
2;2;84;6272
2;2;85;1875
2;2;86;1876
2;2;87;5564
2;2;88;5142
2;2;89;31913
2;2;90;5082
2;2;91;6144
2;2;92;16697
2;2;93;6136
2;2;94;26064
2;2;95;5178
2;2;96;1751
2;2;97;5550
2;2;98;8414
2;2;99;4755
2;2;100;1826
2;2;101;24125
2;2;102;7300
2;2;103;30875
2;2;104;5093
2;2;105;25860
2;2;106;17262
2;2;107;1888
2;2;108;1995
2;2;109;576
2;2;110;29895
2;2;111;30710
2;2;112;2314
2;2;113;0
2;2;114;5226
2;2;115;875
2;2;116;317
2;2;117;33203
2;2;118;27189
2;2;119;907
2;2;120;908
2;2;121;7372
2;2;122;909
2;2;123;969
2;2;124;6129
2;2;125;21179
2;2;126;887
2;2;127;7365
2;2;128;1085
2;2;129;1069
2;2;130;29626
2;2;131;27137
2;2;132;934
2;2;133;808
2;2;134;850
2;2;135;844
2;2;136;30382
2;2;137;1223
2;2;138;930
2;2;139;162
2;2;140;7097
2;2;141;23922
2;2;142;733
2;2;143;18837
2;2;144;34486
2;2;145;7374
2;2;146;812
2;2;147;956
2;2;148;7009
2;2;149;33996
2;2;150;1522
2;2;151;20328
2;2;152;32694
2;2;153;7694
2;2;154;8272
2;2;155;0
1;3;1;3223
1;3;2;661
1;3;3;996
1;3;4;5878
1;3;5;31663
1;3;6;31661
1;3;7;31658
1;3;8;5856
1;3;9;4956
1;3;10;5219
1;3;11;4911
1;3;12;32102
1;3;13;30229
1;3;14;5788
1;3;15;20793
1;3;16;4904
1;3;17;30968
1;3;18;32778
1;3;19;25195
1;3;20;21701
1;3;21;3046
1;3;22;21276
1;3;23;21807
1;3;24;20621
1;3;25;33425
1;3;26;31023
1;3;27;5221
1;3;28;33666
1;3;29;18967
1;3;30;1303
1;3;31;30164
1;3;32;1378
1;3;33;1669
1;3;34;880
1;3;35;24389
1;3;36;27100
1;3;37;747
1;3;38;811
1;3;39;23955
1;3;40;23880
1;3;41;16093
1;3;42;17665
1;3;43;1731
1;3;44;7070
1;3;45;642
1;3;46;8188
1;3;47;31323
1;3;48;5473
1;3;49;7424
1;3;50;960
1;3;51;701
1;3;52;817
1;3;53;34424
1;3;54;20412
1;3;55;508
1;3;56;7505
1;3;57;27692
1;3;58;1043
1;3;59;7709
1;3;60;8584
1;3;61;23990
1;3;62;1013
1;3;63;34306
1;3;64;935
1;3;65;7083
1;3;66;4088
1;3;67;33904
1;3;68;1584
1;3;69;3333
1;3;70;7133
1;3;71;24047
1;3;72;25908
1;3;73;27465
1;3;74;26414
1;3;75;14930
1;3;76;18835
1;3;77;26243
1;3;78;7610
1;3;79;29647
1;3;80;31152
1;3;81;15180
1;3;82;34612
1;3;83;7980
1;3;84;16759
1;3;85;30824
1;3;86;34669
1;3;87;1064
1;3;88;1015
1;3;89;881
1;3;90;1065
1;3;91;8363
1;3;92;7747
1;3;93;1335
1;3;94;5793
1;3;95;8497
1;3;96;697
1;3;97;0
1;3;98;34909
1;3;99;919
1;3;100;4319
1;3;101;1518
1;3;102;34544
1;3;103;30157
1;3;104;0
2;3;1;32946
2;3;2;8607
2;3;3;24528
2;3;4;31469
2;3;5;8202
2;3;6;24180
2;3;7;562
2;3;8;25920
2;3;9;30375
2;3;10;5682
2;3;11;1934
2;3;12;449
2;3;13;537
2;3;14;7314
2;3;15;33947
2;3;16;573
2;3;17;1517
2;3;18;2740
2;3;19;622
2;3;20;4354
2;3;21;6248
2;3;22;25262
2;3;23;7237
2;3;24;768
2;3;25;584
2;3;26;23110
2;3;27;7714
2;3;28;6478
2;3;29;23155
2;3;30;2862
2;3;31;34199
2;3;32;27124
2;3;33;25776
2;3;34;526
2;3;35;7618
2;3;36;538
2;3;37;8290
2;3;38;7072
2;3;39;30814
2;3;40;30815
2;3;41;1324
2;3;42;30411
2;3;43;33976
2;3;44;7437
2;3;45;1720
2;3;46;32127
2;3;47;5303
2;3;48;15631
2;3;49;2212
2;3;50;23795
2;3;51;34593
2;3;52;2259
2;3;53;7040
2;3;54;28061
2;3;55;6955
2;3;56;7316
2;3;57;8201
2;3;58;7477
2;3;59;1067
2;3;60;7011
2;3;61;32735
2;3;62;5264
2;3;63;7315
2;3;64;1155
2;3;65;7730
2;3;66;31188
2;3;67;624
2;3;68;22825
2;3;69;557
2;3;70;1017
2;3;71;571
2;3;72;574
2;3;73;1000
2;3;74;32876
2;3;75;33206
2;3;76;1583
2;3;77;32300
2;3;78;19375
2;3;79;572
2;3;80;5229
2;3;81;8234
2;3;82;767
2;3;83;32562
2;3;84;25248
2;3;85;552
2;3;86;620
2;3;87;550
2;3;88;141
2;3;89;1007
2;3;90;1174
2;3;91;4337
2;3;92;1213
2;3;93;783
2;3;94;7791
2;3;95;30657
2;3;96;7430
2;3;97;3295
2;3;98;997
2;3;99;23391
2;3;100;33840
2;3;101;25584
2;3;102;33781
2;3;103;1063
2;3;104;2652
2;3;105;7472
2;3;106;31507
2;3;107;34374
2;3;108;31608
2;3;109;0
2;3;110;883
2;3;111;20533
2;3;112;789
2;3;113;1241
2;3;114;31801
2;3;115;766
2;3;116;6260
2;3;117;32096
2;3;118;31588
2;3;119;23106
2;3;120;4779
2;3;121;15945
2;3;122;18887
2;3;123;24705
2;3;124;1084
2;3;125;16673
2;3;126;5792
2;3;127;1336
2;3;128;22253
2;3;129;868
2;3;130;2483
2;3;131;29975
2;3;132;33002
2;3;133;2241
2;3;134;3330
2;3;135;1638
2;3;136;6169
2;3;137;6863
2;3;138;2593
2;3;139;29744
2;3;140;4454
2;3;141;28198
2;3;142;1018
2;3;143;8333
2;3;144;0
1;4;1;33236
1;4;2;23728
1;4;3;34762
1;4;4;6587
1;4;5;4845
1;4;6;5729
1;4;7;18
1;4;8;4763
1;4;9;26079
1;4;10;7953
1;4;11;24120
1;4;12;7308
1;4;13;7740
1;4;14;2306
1;4;15;7355
1;4;16;7359
1;4;17;24306
1;4;18;7357
1;4;19;28007
1;4;20;31156
1;4;21;1268
1;4;22;29839
1;4;23;5036
1;4;24;1247
1;4;25;1246
1;4;26;32079
1;4;27;8971
1;4;28;21094
1;4;29;32109
1;4;30;7646
1;4;31;2741
1;4;32;23726
1;4;33;34646
1;4;34;34650
1;4;35;26046
1;4;36;15674
1;4;37;32245
1;4;38;205
1;4;39;859
1;4;40;4736
1;4;41;1230
1;4;42;1599
1;4;43;1179
1;4;44;23621
1;4;45;885
1;4;46;5344
1;4;47;28702
1;4;48;3322
1;4;49;32711
1;4;50;33070
1;4;51;18720
1;4;52;5297
1;4;53;27958
1;4;54;0
1;4;55;31483
1;4;56;33827
1;4;57;26070
1;4;58;804
1;4;59;3357
1;4;60;23702
1;4;61;6360
1;4;62;1312
1;4;63;33162
1;4;64;26862
1;4;65;24295
1;4;66;33926
1;4;67;20255
1;4;68;26706
1;4;69;30365
1;4;70;1211
1;4;71;933
1;4;72;1506
1;4;73;4618
1;4;74;851
1;4;75;34366
1;4;76;1273
1;4;77;2939
1;4;78;26190
1;4;79;29885
1;4;80;26401
1;4;81;1332
1;4;82;1272
1;4;83;1278
1;4;84;31961
1;4;85;30825
1;4;86;6654
1;4;87;2516
1;4;88;29893
1;4;89;1267
1;4;90;32864
1;4;91;1255
1;4;92;24358
1;4;93;3134
1;4;94;32973
1;4;95;1254
1;4;96;17541
1;4;97;15265
1;4;98;0
2;4;1;358
2;4;2;19000
2;4;3;30149
2;4;4;836
2;4;5;3045
2;4;6;1590
2;4;7;34504
2;4;8;1603
2;4;9;20453
2;4;10;20457
2;4;11;24322
2;4;12;29204
2;4;13;6912
2;4;14;4367
2;4;15;33954
2;4;16;30242
2;4;17;203
2;4;18;204
2;4;19;1924
2;4;20;24449
2;4;21;28517
2;4;22;21297
2;4;23;2094
2;4;24;22771
2;4;25;30383
2;4;26;16326
2;4;27;31136
2;4;28;1957
2;4;29;25082
2;4;30;29246
2;4;31;256
2;4;32;22147
2;4;33;8331
2;4;34;1269
2;4;35;25465
2;4;36;18006
2;4;37;18009
2;4;38;31900
2;4;39;31904
2;4;40;5679
2;4;41;20963
2;4;42;24294
2;4;43;24461
2;4;44;1256
2;4;45;1334
2;4;46;891
2;4;47;785
2;4;48;1264
2;4;49;24044
2;4;50;24046
2;4;51;33985
2;4;52;5791
2;4;53;2728
2;4;54;853
2;4;55;4358
2;4;56;6139
2;4;57;1066
2;4;58;34050
2;4;59;30089
2;4;60;1083
2;4;61;751
2;4;62;20419
2;4;63;2714
2;4;64;23852
2;4;65;15168
2;4;66;3141
2;4;67;26265
2;4;68;778
2;4;69;1041
2;4;70;882
2;4;71;1068
2;4;72;1337
2;4;73;31025
2;4;74;1189
2;4;75;31833
2;4;76;17957
2;4;77;31517
2;4;78;30863
2;4;79;27158
2;4;80;17714
2;4;81;24229
2;4;82;7184
2;4;83;16062
2;4;84;8435
2;4;85;30075
2;4;86;3197
2;4;87;4359
2;4;88;19168
2;4;89;6274
2;4;90;23086
2;4;91;395
2;4;92;25704
2;4;93;5794
2;4;94;23590
2;4;95;34343
2;4;96;30440
2;4;97;27561
2;4;98;1605
2;4;99;25543
2;4;100;33951
2;4;101;0
2;4;102;7772
2;4;103;688
2;4;104;4357
2;4;105;4328
2;4;106;6527
2;4;107;4333
2;4;108;26373
2;4;109;24822
2;4;110;19441
2;4;111;6270
2;4;112;3209
2;4;113;20844
2;4;114;6181
2;4;115;17733
2;4;116;16067
2;4;117;15958
2;4;118;4318
2;4;119;6321
2;4;120;18963
2;4;121;24330
2;4;122;2511
2;4;123;5296
2;4;124;24042
2;4;125;26558
2;4;126;121
2;4;127;0
1;5;1;2191
1;5;2;2188
1;5;3;27934
1;5;4;27932
1;5;5;28546
1;5;6;33306
1;5;7;33226
1;5;8;33
1;5;9;31750
1;5;10;14927
1;5;11;1178
1;5;12;31661
1;5;13;31663
1;5;14;31658
1;5;15;33666
1;5;16;0
1;5;17;18283
1;5;18;753
1;5;19;1331
1;5;20;4153
1;5;21;23456
1;5;22;5553
1;5;23;6895
1;5;24;143
1;5;25;1228
1;5;26;16661
1;5;27;23160
1;5;28;5773
1;5;29;32261
1;5;30;32370
1;5;31;4576
1;5;32;33071
1;5;33;29892
1;5;34;6322
1;5;35;8983
1;5;36;2346
1;5;37;6428
1;5;38;34611
1;5;39;29398
1;5;40;29399
1;5;41;32245
1;5;42;33513
1;5;43;15031
1;5;44;28985
1;5;45;5927
1;5;46;651
1;5;47;21589
1;5;48;28367
1;5;49;18996
1;5;50;7226
1;5;51;19186
1;5;52;8444
1;5;53;9490
1;5;54;29598
1;5;55;1008
1;5;56;658
1;5;57;927
1;5;58;32985
1;5;59;4881
1;5;60;32950
1;5;61;6813
1;5;62;5762
1;5;63;21839
1;5;64;23862
1;5;65;949
1;5;66;984
1;5;67;26763
1;5;68;846
1;5;69;24590
1;5;70;5185
1;5;71;34331
1;5;72;1526
1;5;73;24164
1;5;74;8409
1;5;75;1139
1;5;76;6094
1;5;77;3115
1;5;78;25505
1;5;79;19770
1;5;80;7706
1;5;81;0
2;5;1;2688
2;5;2;809
2;5;3;3329
2;5;4;810
2;5;5;24163
2;5;6;21064
2;5;7;3238
2;5;8;4334
2;5;9;1566
2;5;10;843
2;5;11;1640
2;5;12;945
2;5;13;18716
2;5;14;16472
2;5;15;22341
2;5;16;33318
2;5;17;31027
2;5;18;1184
2;5;19;1010
2;5;20;30199
2;5;21;29911
2;5;22;18715
2;5;23;696
2;5;24;31905
2;5;25;5298
2;5;26;941
2;5;27;962
2;5;28;942
2;5;29;597
2;5;30;644
2;5;31;24119
2;5;32;964
2;5;33;951
2;5;34;25743
2;5;35;23982
2;5;36;7205
2;5;37;1005
2;5;38;4721
2;5;39;8369
2;5;40;940
2;5;41;23988
2;5;42;34389
2;5;43;32952
2;5;44;8669
2;5;45;28043
2;5;46;28987
2;5;47;4953
2;5;48;32746
2;5;49;943
2;5;50;5908
2;5;51;4340
2;5;52;15093
2;5;53;2340
2;5;54;981
2;5;55;19950
2;5;56;33953
2;5;57;993
2;5;58;5576
2;5;59;24257
2;5;60;1200
2;5;61;2524
2;5;62;31051
2;5;63;952
2;5;64;944
2;5;65;30934
2;5;66;31189
2;5;67;32949
2;5;68;33003
2;5;69;30190
2;5;70;34825
2;5;71;30218
2;5;72;30243
2;5;73;30352
2;5;74;34197
2;5;75;30351
2;5;76;30160
2;5;77;30186
2;5;78;29943
2;5;79;25649
2;5;80;946
2;5;81;33839
2;5;82;29973
2;5;83;30758
2;5;84;31047
2;5;85;33740
2;5;86;9016
2;5;87;17439
2;5;88;25586
2;5;89;950
2;5;90;948
2;5;91;31485
2;5;92;890
2;5;93;958
2;5;94;959
2;5;95;23876
2;5;96;947
2;5;97;29931
2;5;98;8492
2;5;99;6255
2;5;100;932
2;5;101;7867
2;5;102;21147
2;5;103;33991
2;5;104;6759
2;5;105;2840
2;5;106;8942
2;5;107;6378
2;5;108;8699
2;5;109;577
2;5;110;6064
2;5;111;32386
2;5;112;5532
2;5;113;34111
2;5;114;8316
2;5;115;32681
2;5;116;0
2;5;117;34684
2;5;118;28022
2;5;119;2836
2;5;120;0
